# game: kuhn_poker 
# eval_every: 1 
# num_iterations: 1000 
# num_players: 2 
# bootstrap: False 
# truncate_negative: False 
# buffer_size: -1 
# num_hidden_layers: 3 
# num_hidden_units: 5 
# num_hidden_factors: 0 
# use_skip_connections: True 
# num_epochs: 200 
# batch_size: 1000 
# step_size: 0.01 
# 
2.948160556630346485e-01
1.863167928588158051e-01
1.799777424009268989e-01
1.694289290286756511e-01
1.522098099451959230e-01
1.268415082840524677e-01
1.087212928126914391e-01
8.727953412500935593e-02
7.556575893440914404e-02
7.145254928359232038e-02
7.471009725942504009e-02
6.758643783177711861e-02
6.663853744788739153e-02
6.164683739800391749e-02
5.779035256726300362e-02
5.855584936001961838e-02
6.073397211311265531e-02
6.195603930152362993e-02
6.260598865722627471e-02
6.358991127732729898e-02
6.592113211955638596e-02
6.857033582199764665e-02
7.098775837708845571e-02
7.321942588520910511e-02
7.526968650692425489e-02
7.715789084316562740e-02
7.848997545434208134e-02
8.011054939641398809e-02
8.145317007371868923e-02
8.288062715821603588e-02
8.420769447546247455e-02
8.546383445364164055e-02
8.663233080619928139e-02
8.772818314778010884e-02
8.876541824731712382e-02
8.973735912516295210e-02
9.067216168444278135e-02
9.370407317530812796e-02
9.430775302899399581e-02
9.490540972059324787e-02
9.492940575330313657e-02
9.544714258617906233e-02
9.590792587700139316e-02
9.636738909886946591e-02
9.678432037451809022e-02
9.718334775318959728e-02
9.754070959914040717e-02
9.788285594346093910e-02
9.814887167529387502e-02
9.838350066571430186e-02
9.853565625661703242e-02
9.865865358614678282e-02
9.867944637477463199e-02
9.872842493001382502e-02
9.891285591780157871e-02
9.892264784876594885e-02
9.938014525464020088e-02
9.910347608326713909e-02
9.883618552788361877e-02
9.857780465768958833e-02
9.832789529144575491e-02
9.808604751767024954e-02
9.785187745100693002e-02
9.762502519893453967e-02
9.740515301616392563e-02
9.561366079926980621e-02
9.418659123488731799e-02
9.280149430475773120e-02
9.145654511173925694e-02
9.015002303852698295e-02
8.888030440400204735e-02
8.764585573155239673e-02
8.644522757068132113e-02
8.527704881956804650e-02
8.414002150182192663e-02
8.303291595559952887e-02
8.195456639759454709e-02
8.090386682825995157e-02
7.987976724802589579e-02
7.888127015730095337e-02
7.790742731573274682e-02
7.695733673859600499e-02
7.603013991030874164e-02
7.512501919698330588e-02
7.399609740284551762e-02
7.362017378944499257e-02
7.325289209860605388e-02
7.242047287011202372e-02
7.160675969169874588e-02
7.057964754727397150e-02
7.002814807047794132e-02
7.028466649213052642e-02
6.997694606461551947e-02
6.967577288022366866e-02
6.938094018390955631e-02
6.909224983542108789e-02
6.880951186523853735e-02
6.853254405769962365e-02
6.826117155939154246e-02
6.799522651103764859e-02
6.773454770125350577e-02
6.747898024066978362e-02
6.722837525503824740e-02
6.698258959604327933e-02
6.674148556863843118e-02
6.650493067381674228e-02
6.627279736580501956e-02
6.604496282274779917e-02
6.582130873001340587e-02
6.560172107532066810e-02
6.538608995493891407e-02
6.517430939027082926e-02
6.496627715417349624e-02
6.476189460642187146e-02
6.456106653775481319e-02
6.436370102198921139e-02
6.416970927571771788e-02
6.397900552513954842e-02
6.379150687960732924e-02
6.360713321149491506e-02
6.342580704202346875e-02
6.324745343270207765e-02
6.273344988060466920e-02
6.217152995030905682e-02
6.166356453431354190e-02
6.120302462268761845e-02
6.072407850487807068e-02
6.024222346806432093e-02
5.981374912331113847e-02
5.936116044391731572e-02
5.892483963428657434e-02
5.849322119336131109e-02
5.808739233060167262e-02
5.768739780190851318e-02
5.730368520434853119e-02
5.690966891258228411e-02
5.652649433774192822e-02
5.625729486492533904e-02
5.629087018059383829e-02
5.632409439546132157e-02
5.635971804274300667e-02
5.637959384430468734e-02
5.640831717594024797e-02
5.642077287318406076e-02
5.666899995449525829e-02
5.690858835590495435e-02
5.713816752182759862e-02
5.736895468155139843e-02
5.756535008835383938e-02
5.774032896914080282e-02
5.790982239330214054e-02
5.807541300183804989e-02
5.823665375087472285e-02
5.840445787504278119e-02
5.856181192146447945e-02
5.871367686060191549e-02
5.886919381154098740e-02
5.902176330664404835e-02
5.917476553558653762e-02
5.931281848669411882e-02
5.944588465591221782e-02
5.957113672325378695e-02
5.966678706566327928e-02
5.975095061426979881e-02
5.976586260483390811e-02
5.965683130346816077e-02
5.954910576619690254e-02
5.944266267580408658e-02
5.933747926696042452e-02
5.923353330999145405e-02
5.913080309521495659e-02
5.902926741782521525e-02
5.892890556330102059e-02
5.882969729331691267e-02
5.873162283213789747e-02
5.863466285347732065e-02
5.853879846780110641e-02
5.844401121005871058e-02
5.835028302782654941e-02
5.825759626984619577e-02
5.816593367494191091e-02
5.807527836130485510e-02
5.795052493777583247e-02
5.776585521851365645e-02
5.756001642443100974e-02
5.724645291965793636e-02
5.698911964745970171e-02
5.668624990848120104e-02
5.621588013067377321e-02
5.566425167772307003e-02
5.504329870249646817e-02
5.438643415361318900e-02
5.396715368808144286e-02
5.363813043924905988e-02
5.329823168432884506e-02
5.290149892989090552e-02
5.248176288438563541e-02
5.202979858882272879e-02
5.155896208082949572e-02
5.109283393790789440e-02
5.063134388595258439e-02
5.017442304242467066e-02
4.989849730648573956e-02
4.966881109836959740e-02
4.935496250706497556e-02
4.901310394666771875e-02
4.865711647279813423e-02
4.829033909693383753e-02
4.791469148423932456e-02
4.753765983813526552e-02
4.714641095393798387e-02
4.676146768847200264e-02
4.636868648940906112e-02
4.598498631691474992e-02
4.559700121877668932e-02
4.520239076340062945e-02
4.481817572962740193e-02
4.442993196138933509e-02
4.405560243022643707e-02
4.370811918317324407e-02
4.337583093925267974e-02
4.305498276424202242e-02
4.299057118623439422e-02
4.317434837513384194e-02
4.329872490386865724e-02
4.337109212981574147e-02
4.332121638736530223e-02
4.328979091046478156e-02
4.351508279282856329e-02
4.373784825650678387e-02
4.398801570886839984e-02
4.416705926340172561e-02
4.432593711349444576e-02
4.444068505294243576e-02
4.452835423715398311e-02
4.455365645527969987e-02
4.452528521100557191e-02
4.439513893231197827e-02
4.428608849735662933e-02
4.419357324076114701e-02
4.410541787350008569e-02
4.398386865758369124e-02
4.386979212580516263e-02
4.395469292193782129e-02
4.418334326216777352e-02
4.442756895094074343e-02
4.467255765783825772e-02
4.492959684257571973e-02
4.518580572585936816e-02
4.538672995794501563e-02
4.561955933810321606e-02
4.586271165118160908e-02
4.606584758988183093e-02
4.628925811636130927e-02
4.648746715330007162e-02
4.668678422521804761e-02
4.688456492604944903e-02
4.710649978900524615e-02
4.731916160432114715e-02
4.754270816106784259e-02
4.775001796070754700e-02
4.794367977268693126e-02
4.813559313730883527e-02
4.835111387699225771e-02
4.856765994928199937e-02
4.873665153759576540e-02
4.890388538007495178e-02
4.911483733111515759e-02
4.925352828772688873e-02
4.938727554366678651e-02
4.951743060530208740e-02
4.970494786327361858e-02
4.984754734421439903e-02
4.997956284336654842e-02
5.010577571722141244e-02
5.028613823734728872e-02
5.044877355168733701e-02
5.060096374830222454e-02
5.073602704750634906e-02
5.086712321291608774e-02
5.099095223774624541e-02
5.110966463445104635e-02
5.124100958405661266e-02
5.136095188417441615e-02
5.147788799877503485e-02
5.159156195227429520e-02
5.170448195925325674e-02
5.181438908937160970e-02
5.192794354155663705e-02
5.203437715246397866e-02
5.213652137921817586e-02
5.223478898889241662e-02
5.233648759914694137e-02
5.243526033988582524e-02
5.252928023051334216e-02
5.262907490657192655e-02
5.271765436588968234e-02
5.279731656694675035e-02
5.288279908783649619e-02
5.295771890720046837e-02
5.301811803175274229e-02
5.308168712507149722e-02
5.310753367467874186e-02
5.306989924343233356e-02
5.303251159534350112e-02
5.299536831096970935e-02
5.295846700239179028e-02
5.292180531270263000e-02
5.288538091550523679e-02
5.284919151442055152e-02
5.281323484260516676e-02
5.277750866227748361e-02
5.274201076425399926e-02
5.270673896749364373e-02
5.267169111865088738e-02
5.263686509163789662e-02
5.260225878719457238e-02
5.256787013246633222e-02
5.253369708059074661e-02
5.249973761029089192e-02
5.246598972547744655e-02
5.243245145485692094e-02
5.239912085154826982e-02
5.236599599270611027e-02
5.233307497915054562e-02
5.230035593500489965e-02
5.226783700733861338e-02
5.223551636581813540e-02
5.220339220236300259e-02
5.217146273080910945e-02
5.213972618657708447e-02
5.210818082634802173e-02
5.207682492774315386e-02
5.204565678901157399e-02
5.205062585707292966e-02
5.214372915303919220e-02
5.223627990719031944e-02
5.228895404488681509e-02
5.231355719649954938e-02
5.228858032021080349e-02
5.226410183924087849e-02
5.216182955473935845e-02
5.207629457972925979e-02
5.196119881959757048e-02
5.190789088784206196e-02
5.175786808175425469e-02
5.160870996042793424e-02
5.146040906968432638e-02
5.131295804077912193e-02
5.116634958918220288e-02
5.102057651337821298e-02
5.087563169368697347e-02
5.073150809110474335e-02
5.058819874616457546e-02
5.044569677781582384e-02
5.028644551331762358e-02
5.012314614956717151e-02
4.994124083204840026e-02
4.974748780922683133e-02
4.954012717393976861e-02
4.932250343191713071e-02
4.909710212133489016e-02
4.886388440360195373e-02
4.862212373772423213e-02
4.837475718867731422e-02
4.812874236940672956e-02
4.788717352184501674e-02
4.787026997086607505e-02
4.785345803804819109e-02
4.783673698054147216e-02
4.782010606350509119e-02
4.780356455999984489e-02
4.778711175088209973e-02
4.777074692469940320e-02
4.775446937758834332e-02
4.773827841317346277e-02
4.772217334246767195e-02
4.770615348377507670e-02
4.769021816259397251e-02
4.767436671152314176e-02
4.765859847016795658e-02
4.764291278504909077e-02
4.762730900951184232e-02
4.761178650363773190e-02
4.754970623413598552e-02
4.744007148203194246e-02
4.726286680098407134e-02
4.711337906036608403e-02
4.697888269403011074e-02
4.679063389992696442e-02
4.655673693001222135e-02
4.630678142203145664e-02
4.604663178111556565e-02
4.577732481070628801e-02
4.550244174706094547e-02
4.522101917581194952e-02
4.493349356875356304e-02
4.464054014494897582e-02
4.434292567845932176e-02
4.404089122188314942e-02
4.373457628146348863e-02
4.342048160928377309e-02
4.310328829907172921e-02
4.278430525061846512e-02
4.246261642806539727e-02
4.213770422008805694e-02
4.181051808889335586e-02
4.148208997016145094e-02
4.115323352524183353e-02
4.082477473750664720e-02
4.049542772844511029e-02
4.016495208479992085e-02
3.983137223817964645e-02
3.949399728546593158e-02
3.915093854095291759e-02
3.880295206923756179e-02
3.844996632209299325e-02
3.809457357201725958e-02
3.773602862767300170e-02
3.737275599795303327e-02
3.700585438571116215e-02
3.663558401705593881e-02
3.626032837676348985e-02
3.594561152109645996e-02
3.585507886211916628e-02
3.576009237926047746e-02
3.566229611073784556e-02
3.555509879270232765e-02
3.544693050047942329e-02
3.533232244419221013e-02
3.521380024336115411e-02
3.508827616825305196e-02
3.490817194631484766e-02
3.472624302498059090e-02
3.454344936526348997e-02
3.433977429095619316e-02
3.414322847794307170e-02
3.394722968494051640e-02
3.372647810347759179e-02
3.352452139125555730e-02
3.331305175763032977e-02
3.304309299476776429e-02
3.275882891828763022e-02
3.263147439043712073e-02
3.265177819334208476e-02
3.267199094780329216e-02
3.269211326488424829e-02
3.271214575019235071e-02
3.273208900393984044e-02
3.275194362100394829e-02
3.277171019098540361e-02
3.279138929826777571e-02
3.281098152207412300e-02
3.310581783298208181e-02
3.312463288539838069e-02
3.314336541565493510e-02
3.316201596547255215e-02
3.318058507184093453e-02
3.319907326707044470e-02
3.321748107884209267e-02
3.332619225513308581e-02
3.343443282027119823e-02
3.354220582357264613e-02
3.364951428806670086e-02
3.366675547601002960e-02
3.377333611522173595e-02
3.387946030629973571e-02
3.389609963616127541e-02
3.400150951614488992e-02
3.410647084344756164e-02
3.421098647509274171e-02
3.431505924389186002e-02
3.441869195870009279e-02
3.452188740466932693e-02
3.462464834349754383e-02
3.463944249966899314e-02
3.474152612828168563e-02
3.484318262874111505e-02
3.494441467617148689e-02
3.497126655084525915e-02
3.533168664806582426e-02
3.569061122621097759e-02
3.604804957421908762e-02
3.640401090426029218e-02
3.675850435252842052e-02
3.711153898002186868e-02
3.746312377331631471e-02
3.781326764532685902e-02
3.816197943606156051e-02
3.850926791336481414e-02
3.885514177365265165e-02
3.919960964263879966e-02
3.954268007605105106e-02
3.988436156034033675e-02
4.022466251338008281e-02
4.056359128515774071e-02
4.090115615845754671e-02
4.123736534953559296e-02
4.157222700878560051e-02
4.190574922139889136e-02
4.223794000801373016e-02
4.256880732535939238e-02
4.289835906689073997e-02
4.322660306341602476e-02
4.355354708371769745e-02
4.387919883516461228e-02
4.420356596431787577e-02
4.452665605752978428e-02
4.484847664153465696e-02
4.516903518403383999e-02
4.548833909427285604e-02
4.580639572361261402e-02
4.612321236609340236e-02
4.643879625899274832e-02
4.675315458337617192e-02
4.706629446464180577e-02
4.737822297305949171e-02
4.768894712430193916e-02
4.799847387997124848e-02
4.830681014811893936e-02
4.861396278375940128e-02
4.891993858937834783e-02
4.922474431543494289e-02
4.952838666085776498e-02
4.983087227353624749e-02
5.013220775080542979e-02
5.043239963992576791e-02
5.073145443855706094e-02
5.102937859522765907e-02
5.132617850979773189e-02
5.162186053391759621e-02
5.191643097148077035e-02
5.220989607907183805e-02
5.250226206640998261e-02
5.279353509678602618e-02
5.308372128749683228e-02
5.337282671027204772e-02
5.366085739169873525e-02
5.394781931363984429e-02
5.423371841364776902e-02
5.451856058537490890e-02
5.480235167897756776e-02
5.508509750151749373e-02
5.536680381735697987e-02
5.564747634855135572e-02
5.592712077523590009e-02
5.620574273600942306e-02
5.648334782831301859e-02
5.675994160880504236e-02
5.703552959373184295e-02
5.731011725929416323e-02
5.758371004201034982e-02
5.785631333907487184e-02
5.812793250871323147e-02
5.839857287053312751e-02
5.866823970587189963e-02
5.893693825813933751e-02
5.920467373315871362e-02
5.947145129950187625e-02
5.973727608882251072e-02
6.000215319618479315e-02
6.026608768038935193e-02
6.052908456429492712e-02
6.079114883513703216e-02
6.105228544484353481e-02
6.131249931034615797e-02
6.157179531388945470e-02
6.183017830333589759e-02
6.208765309246794262e-02
6.234422446128737305e-02
6.259989715631067431e-02
6.285467589086191076e-02
6.310856534536254947e-02
6.336157016761753691e-02
6.361369497309957155e-02
6.386494434522932417e-02
6.411532283565332668e-02
6.436483496451886333e-02
6.461348522074578105e-02
6.486127806229627368e-02
6.510821791644041956e-02
6.535430918002066436e-02
6.559955621971211293e-02
6.584396337228143326e-02
6.608753494484201352e-02
6.633027521510731495e-02
6.657218843164092181e-02
6.681327881410473180e-02
6.705355055350431526e-02
6.729300781243138796e-02
6.753165472530456293e-02
6.776949539860735450e-02
6.800653391112329582e-02
6.824277431416969630e-02
6.847822063182762431e-02
6.871287686117144577e-02
6.894674697249408846e-02
6.917983490953136250e-02
6.941214458968378298e-02
6.964367990423586674e-02
6.987444471857301442e-02
7.010444287239764316e-02
7.033367817994096161e-02
7.056215443017457845e-02
7.078987538701905780e-02
7.101684478955061497e-02
7.124306635220570283e-02
7.146854376498371075e-02
7.169328069364749867e-02
7.191728077992232127e-02
7.214054764169230971e-02
7.236308487319503824e-02
7.258489604521498051e-02
7.280598470527405164e-02
7.302635437782070693e-02
7.324600856441765284e-02
7.346495074392678237e-02
7.368318437269322230e-02
7.390071288472704891e-02
7.411753969188347724e-02
7.433366818404099630e-02
7.454910172927853296e-02
7.476384367404975695e-02
7.497789734335713607e-02
7.519126604092271626e-02
7.540395304935876286e-02
7.561596163033579288e-02
7.582729502474924721e-02
7.603795645288480287e-02
7.624794911458193658e-02
7.645727618939573977e-02
7.669890497177164757e-02
7.690685825510559792e-02
7.711415553439124326e-02
7.732079990886028820e-02
7.752679445825244597e-02
7.773214224296842723e-02
7.793684630422131887e-02
7.814090966418710260e-02
7.834433532615309170e-02
7.854712627466522989e-02
7.874928547567430770e-02
7.895081587668029144e-02
7.915172040687568078e-02
7.935200197728761728e-02
7.955166348091818884e-02
7.975070779288370715e-02
7.994913777055318027e-02
8.014695625368442600e-02
8.034416606455990761e-02
8.054077000812084886e-02
8.073677087210043291e-02
8.093217142715519730e-02
8.112697442699581818e-02
8.132118260851622926e-02
8.151479869192237993e-02
8.170782538085852309e-02
8.190026536253353084e-02
8.209212130784526718e-02
8.228339587150473866e-02
8.247409169215766389e-02
8.266421139250654249e-02
8.285375757943061470e-02
8.304273284410493283e-02
8.323113976211857223e-02
8.341898089359181534e-02
8.360625878329153160e-02
8.379297596074655741e-02
8.397913494036179927e-02
8.416473822153047735e-02
8.434978828874639678e-02
8.453428761171466466e-02
8.471823864546165761e-02
8.490164383044399021e-02
8.508450559265581803e-02
8.526682634373711211e-02
8.544860848107799223e-02
8.562985438792536375e-02
8.581056643348602964e-02
8.599074697303044079e-02
8.617039834799472553e-02
8.634952288608227500e-02
8.652812290136435713e-02
8.670620069437959265e-02
8.688375855223270938e-02
8.706079874869285251e-02
8.723732354428975766e-02
8.741333518641133948e-02
8.758883590939750552e-02
8.776382793463599619e-02
8.793831347065525494e-02
8.811229471321799234e-02
8.828577384541241857e-02
8.845875303774478060e-02
8.863123444822873509e-02
8.880322022247558178e-02
8.897471249378358094e-02
8.914571338322538341e-02
8.931622499973596030e-02
8.948624944019956118e-02
8.965578878953484043e-02
8.982484512078089955e-02
8.999342049518135878e-02
9.016151696226809564e-02
9.032913655994487256e-02
9.049628131456868840e-02
9.066295324103232356e-02
9.082915434284499767e-02
9.099488661221261099e-02
9.116015203011712531e-02
9.132495256639608372e-02
9.148929017982043721e-02
9.165316681817201050e-02
9.181658441832107886e-02
9.197954490630183555e-02
9.214205019738891389e-02
9.230410219617163348e-02
9.246570279662919001e-02
9.262685388220365246e-02
9.278755732587376515e-02
9.294781499022725102e-02
9.310762872753272634e-02
9.326700037981100477e-02
9.342593177890631817e-02
9.358442474655584431e-02
9.374248109445981747e-02
9.390010262435036226e-02
9.405729112805991110e-02
9.421404838758912215e-02
9.437037617517468613e-02
9.452627625335494055e-02
9.468175037503745450e-02
9.483680028356408775e-02
9.499142771277591102e-02
9.514563438707826504e-02
9.529942202150493147e-02
9.545279232178116580e-02
9.560574698438728536e-02
9.575828769662103612e-02
9.591041613665965415e-02
9.606213397362126094e-02
9.621344286762598119e-02
9.636434446985706059e-02
9.651484042261965213e-02
9.666493235940182283e-02
9.681462190493239639e-02
9.696391067524082197e-02
9.711280027771426737e-02
9.726129231115573925e-02
9.740938836584137062e-02
9.755709002357715320e-02
9.770439885775514255e-02
9.785131643340941321e-02
9.799784430727154216e-02
9.814398402782550934e-02
9.828973713536215406e-02
9.843510516203338168e-02
9.858008963190612040e-02
9.872469206101500139e-02
9.886891395741581601e-02
9.901275682123733546e-02
9.915622214473390761e-02
9.929931141233672154e-02
9.944202610070496107e-02
9.958436767877684725e-02
9.972633760781979273e-02
9.986793734148072255e-02
1.000091683258352016e-01
1.001500319994372834e-01
1.002905297933675277e-01
1.004306631312826825e-01
1.005704334294619806e-01
1.007098420968570995e-01
1.008488905351374587e-01
1.009875801387384031e-01
1.011259122949075273e-01
1.012638883837505555e-01
1.014015097782777486e-01
1.015387778444493128e-01
1.016756939412205019e-01
1.018122594205864706e-01
1.019484756276266557e-01
1.020843439005492681e-01
1.022198655707348691e-01
1.023550419627799468e-01
1.024898743945398538e-01
1.026243641771721060e-01
1.027585126151784323e-01
1.028923210064471294e-01
1.030257906422947234e-01
1.031589228075082687e-01
1.032917187803853998e-01
1.034241798327761863e-01
1.035563072301232401e-01
1.036881022315019052e-01
1.038195660896611972e-01
1.039507000510622170e-01
1.040815053559184244e-01
1.042119832382343292e-01
1.043421349258445152e-01
1.044719616404518603e-01
1.046014645976662549e-01
1.047306450070419614e-01
1.048595040721158611e-01
1.049880429904442303e-01
1.051162629536402660e-01
1.052441651474107509e-01
1.053717507515928575e-01
1.054990209401897583e-01
1.056259768814074851e-01
1.057526197376899846e-01
1.058789506657551172e-01
1.060049708166294624e-01
1.061306813356833745e-01
1.062560833626660928e-01
1.063811780317396594e-01
1.065059664715130860e-01
1.066304498050767990e-01
1.067546291500359457e-01
1.068785056185440896e-01
1.070020803173360180e-01
1.071253543477610204e-01
1.072483288058156403e-01
1.073710047821760938e-01
1.074933833622300772e-01
1.076154656261097131e-01
1.077372526487223592e-01
1.078587454997828599e-01
1.079799452438444385e-01
1.081008529403299778e-01
1.082214696435628565e-01
1.083417964027976188e-01
1.084618342622504505e-01
1.085815842611288495e-01
1.087010474336626842e-01
1.088202248091330593e-01
1.089391174119022920e-01
1.090577262614429999e-01
1.091760523723673271e-01
1.092940967544561714e-01
1.094118604126874672e-01
1.095293443472651340e-01
1.096465495536468882e-01
1.097634770225726641e-01
1.098801277400927590e-01
1.099965026875951435e-01
1.101126028418330793e-01
1.102284291749524858e-01
1.103439826545192792e-01
1.104592642435459071e-01
1.105742749005184655e-01
1.106890155794229835e-01
1.108034872297719853e-01
1.109176907966308578e-01
1.110316272206432475e-01
1.111452974380574277e-01
1.112587023807519448e-01
1.113718429762607376e-01
1.114847201477986161e-01
1.115973348142863808e-01
1.117096878903758306e-01
1.118217802864743260e-01
1.119336129087696863e-01
1.120451866592541423e-01
1.121565024357490947e-01
1.122675611319287892e-01
1.123783636373444916e-01
1.124889108374483304e-01
1.125992036136162777e-01
1.127092428431723525e-01
1.128190293994115190e-01
1.129285641516224736e-01
1.130378479651114598e-01
1.131468817012240280e-01
1.132556662173682949e-01
1.133642023670374255e-01
1.134724909998316156e-01
1.135805329614804626e-01
1.136883290938651148e-01
1.137958802350397813e-01
1.139031872192537709e-01
1.140102508769730294e-01
1.141170720349011236e-01
1.142236515160015287e-01
1.143299901395174734e-01
1.144360887209939504e-01
1.145419480722978944e-01
1.146475690016395821e-01
1.147529523135923935e-01
1.148580988091138511e-01
1.149630092855657426e-01
1.150676845367341050e-01
1.151721253528493472e-01
1.152763325206064837e-01
1.153803068231843421e-01
1.154840490402652686e-01
1.155875599480551963e-01
1.156908403193021295e-01
1.157938909233160729e-01
1.158967125259876552e-01
1.159993058898077245e-01
1.161016717738853343e-01
1.162038109339673109e-01
1.163057241224561278e-01
1.164074120884289187e-01
1.165088755776557405e-01
1.166101153326173923e-01
1.167111320925241225e-01
1.168119265933331430e-01
1.169124995677667256e-01
1.170128517453300765e-01
1.171129838523286282e-01
1.172128966118857474e-01
1.173125907439602211e-01
1.174120669653635485e-01
1.175113259897769546e-01
1.176103685277684330e-01
1.177091952868101199e-01
1.178078069712946430e-01
1.179062042825520240e-01
1.180043879188663047e-01
1.181023585754922833e-01
1.182001169446717237e-01
1.182976637156495647e-01
1.183949995746899908e-01
1.184921252050932794e-01
1.185890412872109001e-01
1.186857484984619182e-01
1.187822475133485656e-01
1.188785390034720335e-01
1.189746236375480160e-01
1.190705020814220583e-01
1.191661749980852392e-01
1.192616430476892420e-01
1.193569068875614259e-01
1.194519671722203136e-01
1.195468245533901352e-01
1.196414796800157054e-01
1.197359331982779107e-01
1.198301857516077262e-01
1.199242379807008985e-01
1.200180905235327944e-01
1.201117440153723626e-01
1.202051990887971766e-01
1.202984563737067025e-01
1.203915164973373142e-01
1.204843800842761159e-01
1.205770477564745702e-01
1.206695201332626255e-01
1.207617978313627882e-01
1.208538814649032789e-01
1.209457716454321596e-01
1.210374689819305460e-01
1.211289740808262627e-01
1.212202875460069995e-01
1.213114099788338007e-01
1.214023419781541935e-01
1.214930841403152051e-01
1.215836370591767968e-01
1.216740013261239928e-01
1.217641775300806473e-01
1.218541662575218787e-01
1.219439680924865599e-01
1.220335836165903076e-01
1.221230134090379449e-01
1.222122580466357966e-01
1.223013181038042629e-01
1.223901941525901427e-01
1.224788867626789290e-01
1.225673965014066058e-01
1.226557239337724148e-01
1.227438696224502634e-01
1.228318341278007708e-01
1.229196180078838130e-01
1.230072218184692645e-01
1.230946461130492942e-01
1.231818914428503275e-01
1.232689583568439828e-01
1.233558474017590612e-01
1.234425591220927043e-01
1.235290940601217746e-01
1.236154527559146232e-01
1.237016357473417205e-01
1.237876435700871192e-01
1.238734767576592788e-01
1.239591358414027511e-01
1.240446213505084494e-01
1.241299338120248896e-01
1.242150737508689040e-01
1.243000416898364935e-01
1.243848381496134581e-01
1.244694636487859996e-01
1.245539187038515738e-01
1.246382038292287719e-01
1.247223195372685334e-01
1.248062663382640547e-01
1.248900447404613090e-01
1.249736552500688713e-01
1.250570983712688267e-01
1.251403746062263733e-01
