# game: kuhn_poker 
# eval_every: 1 
# num_iterations: 1000 
# num_players: 2 
# bootstrap: False 
# truncate_negative: False 
# buffer_size: -1 
# num_hidden_layers: 1 
# num_hidden_units: 5 
# num_hidden_factors: 0 
# use_skip_connections: True 
# num_epochs: 200 
# batch_size: 1000 
# step_size: 0.01 
# 
3.488221846871916165e-01
2.827798686085599700e-01
2.369451990601355584e-01
2.297922328604534714e-01
2.255004530663983209e-01
2.226392665060924203e-01
2.205955618050073064e-01
2.214832151332767618e-01
2.244509560386795666e-01
2.256134061924349732e-01
2.278303692647375422e-01
2.277233857200691158e-01
2.294369714270493021e-01
2.309057591767995077e-01
2.321787085605959700e-01
2.332925392719354951e-01
2.342753310764597585e-01
2.351489237919081876e-01
2.347264053150606711e-01
2.354900850468228668e-01
2.361155993230984740e-01
2.367162151429563210e-01
2.372937710044268067e-01
2.370835630313071207e-01
2.361526756222147583e-01
2.366852650193870811e-01
2.368387005097640774e-01
2.373087469181392462e-01
2.369625864823544370e-01
2.373971669310222521e-01
2.377226748818818958e-01
2.381063412902884313e-01
2.379286261661978374e-01
2.380279612201844086e-01
2.383700194699568675e-01
2.386930744836891216e-01
2.389986670642988698e-01
2.392881758249232882e-01
2.395628379824806808e-01
2.398237670321981541e-01
2.400719678356223463e-01
2.399905451851207516e-01
2.399222643841746327e-01
2.401513038295419178e-01
2.403701637440233130e-01
2.405795080100668892e-01
2.407799440094864074e-01
2.405671689517990819e-01
2.402625243623161544e-01
2.403956524253150207e-01
2.405839729657635595e-01
2.406432351352839338e-01
2.408197778683711932e-01
2.404084630330167449e-01
2.405828546140336699e-01
2.403460044476994351e-01
2.405153727906119143e-01
2.406789008458412871e-01
2.408368855771682582e-01
2.409896041507874898e-01
2.409651146451932124e-01
2.410580971584393439e-01
2.410241082454912809e-01
2.411004976924921439e-01
2.411664935194303139e-01
2.412805028447720379e-01
2.414106445933220657e-01
2.415369586433863958e-01
2.416596114166383591e-01
2.416244512219706819e-01
2.417424166976983591e-01
2.418571053546563210e-01
2.419399493644522614e-01
2.418574453590029427e-01
2.419660127542395123e-01
2.420717231127587354e-01
2.421556558522355018e-01
2.422562243669982018e-01
2.423206136398861343e-01
2.423097542202371502e-01
2.424046955262273428e-01
2.424494835469144516e-01
2.425404536247512954e-01
2.426292577483517565e-01
2.427159723631596155e-01
2.427968189251832054e-01
2.428574263174995695e-01
2.429251255565641476e-01
2.429759268365060398e-01
2.429483029354608803e-01
2.429864765554667350e-01
2.430030720181853288e-01
2.429715492613688799e-01
2.429448939709383248e-01
2.430191582450038079e-01
2.429835435094291896e-01
2.430020779625686467e-01
2.430210092642891562e-01
2.430756706898268560e-01
2.431449139830350048e-01
2.432127861219200993e-01
2.432793274345505519e-01
2.433445766828561396e-01
2.434002642073568035e-01
2.434631188340415364e-01
2.435247875243722049e-01
2.435853035289005653e-01
2.436446988666770286e-01
2.437030043817403624e-01
2.437602497965285220e-01
2.437720032481466292e-01
2.437845203458452736e-01
2.438395245906316844e-01
2.437809389656432901e-01
2.437972708949247835e-01
2.438343546848958099e-01
2.438870525081577312e-01
2.438758644419359023e-01
2.438396962088277831e-01
2.438386862663036725e-01
2.437963734566393204e-01
2.438472228545618681e-01
2.438972454330055606e-01
2.438626024688931859e-01
2.438412789901554523e-01
2.438759729088177397e-01
2.439241935945810069e-01
2.439716608321291225e-01
2.440183921435136183e-01
2.439875197531124473e-01
2.440045453715850576e-01
2.440183936345123317e-01
2.439314938695082979e-01
2.439211122473254056e-01
2.438998846739708626e-01
2.439447384631425741e-01
2.439889374524722154e-01
2.440324958767389196e-01
2.440403819466434032e-01
2.440588914988426616e-01
2.441010270201290355e-01
2.440645238668414652e-01
2.440959498401177874e-01
2.441369501884455562e-01
2.441394984734230333e-01
2.441796388948382635e-01
2.442192331880709832e-01
2.442582924232869213e-01
2.442968273734665297e-01
2.443348485243102830e-01
2.443723660837522349e-01
2.443951870030003914e-01
2.443971362353127286e-01
2.443686323766159352e-01
2.444049637806377517e-01
2.444408293974286162e-01
2.444278068589731956e-01
2.444630739041641354e-01
2.444978973387238463e-01
2.445322854803517187e-01
2.445662464400959468e-01
2.445643591546445839e-01
2.445952737667467236e-01
2.446282294145020464e-01
2.446094111743043475e-01
2.446418846009610348e-01
2.446211081107553809e-01
2.446531253243739434e-01
2.446847636360561240e-01
2.447160297323069389e-01
2.447008903734398388e-01
2.447316991503303840e-01
2.447621517563898785e-01
2.447667537312605279e-01
2.447907843931269312e-01
2.448203822090731507e-01
2.448496455864211940e-01
2.448785801617764379e-01
2.448597470634623074e-01
2.448883040242234299e-01
2.449030486903372161e-01
2.449015953553957126e-01
2.449107662771758953e-01
2.449384251561090853e-01
2.449408184764652607e-01
2.449680183771367203e-01
2.449342148200462366e-01
2.449511869462185909e-01
2.449018357933823442e-01
2.449286682365801604e-01
2.449552197117862984e-01
2.449794381849637326e-01
2.450054514586197940e-01
2.450311965541968062e-01
2.450566775975115408e-01
2.450675826275640068e-01
2.450366394657118585e-01
2.450326520430208821e-01
2.450576135905484232e-01
2.450574159798872276e-01
2.450491444723123802e-01
2.450033329398306203e-01
2.450243872590978922e-01
2.450091270432068480e-01
2.450198986829875691e-01
2.450421791004169791e-01
2.450469965180592513e-01
2.450708090347946955e-01
2.450516566187510015e-01
2.450752201586559043e-01
2.450985603474717667e-01
2.450884761298694481e-01
2.451003672805372735e-01
2.451232627605342829e-01
2.451459452593221233e-01
2.450924198060386583e-01
2.450981878234026745e-01
2.451206732003613775e-01
2.451174539940172981e-01
2.451389887879343032e-01
2.451089595278541089e-01
2.451112608242480284e-01
2.451331834214491856e-01
2.451549102811754199e-01
2.451764440132594980e-01
2.451977871813428300e-01
2.452189423038925176e-01
2.452143743042532187e-01
2.452016687231636793e-01
2.451711228802755382e-01
2.451920271102311921e-01
2.452127511313079156e-01
2.451597682729330374e-01
2.451791761550948523e-01
2.451858030945324174e-01
2.451917723599587040e-01
2.451661624422676322e-01
2.451864726841070929e-01
2.452066129657638205e-01
2.452265854117400556e-01
2.452010250260837076e-01
2.452208555011834434e-01
2.452405227624961659e-01
2.452600288167489928e-01
2.452793756379059165e-01
2.452408157989371118e-01
2.452258834649476693e-01
2.452083654094583398e-01
2.451914826847446938e-01
2.452107167540045762e-01
2.452250231931367708e-01
2.452164316031467950e-01
2.452129543539819934e-01
2.452318009903854679e-01
2.452504998100327738e-01
2.452690525451515779e-01
2.452668510225320953e-01
2.452571646474540346e-01
2.452754767530612445e-01
2.452936479963176708e-01
2.453116799963307726e-01
2.452845947276961758e-01
2.452760654532065709e-01
2.452807559906013679e-01
2.452665266859080928e-01
2.452728172040264665e-01
2.452905220085016269e-01
2.452757897372582208e-01
2.452471922094307533e-01
2.452647952012438071e-01
2.452465132916659962e-01
2.452321122989795099e-01
2.452495770890888438e-01
2.452328136876127107e-01
2.452501489105624599e-01
2.452383876329892187e-01
2.452186446846213452e-01
2.451852134335260891e-01
2.451878330269444128e-01
2.451977286557625590e-01
2.451918380270380060e-01
2.452088882467954034e-01
2.452258179703001306e-01
2.452426284704000703e-01
2.452593210020781733e-01
2.452758968027655695e-01
2.452758348332103600e-01
2.452793609336073599e-01
2.452805829578381391e-01
2.452968568097024793e-01
2.453079992219433791e-01
2.453240677177535856e-01
2.453400265309985950e-01
2.452745834371194145e-01
2.452544939361871734e-01
2.452522526989270868e-01
2.452636073188327881e-01
2.452631883898951926e-01
2.452790305691882333e-01
2.452762480601010930e-01
2.452919415881346099e-01
2.452871216006402844e-01
2.453026756547583009e-01
2.453181273795729533e-01
2.453334777816019996e-01
2.452901242453841280e-01
2.452900994786257893e-01
2.453053913634299366e-01
2.453205842716335572e-01
2.453356791610745435e-01
2.453069270519075140e-01
2.452878379941298148e-01
2.453028928248145446e-01
2.453176487191385813e-01
2.453041874235343811e-01
2.453090562526843432e-01
2.453238541824799279e-01
2.453192080989710644e-01
2.453161990553002769e-01
2.453271262519886586e-01
2.453416834910725763e-01
2.453561503125223642e-01
2.453705275561304522e-01
2.453848160513212862e-01
2.453990166173108389e-01
2.454131300632638180e-01
2.454093394742212775e-01
2.454128978851350951e-01
2.454246094477964268e-01
2.454384742676466447e-01
2.454522553121505635e-01
2.454659533383140579e-01
2.454569056135152971e-01
2.454500055017886928e-01
2.454188593895220705e-01
2.454324937365723602e-01
2.454460471676165323e-01
2.454434793466993003e-01
2.454411524911782050e-01
2.454545608661997946e-01
2.454466076718934964e-01
2.454563924390775198e-01
2.454696391083481810e-01
2.454828087620998800e-01
2.454959020700326899e-01
2.454926044912359162e-01
2.455055941036492773e-01
2.455137434803834340e-01
2.455265980835870665e-01
2.455215304154491907e-01
2.455199410644732239e-01
2.455326685046265722e-01
2.455298450983997016e-01
2.455288670789296801e-01
2.455414618195487231e-01
2.455539858031980383e-01
2.455586376929676795e-01
2.455710437329270135e-01
2.455833806584576395e-01
2.455851211468125239e-01
2.455594660740562651e-01
2.455696000986141436e-01
2.455709555952694800e-01
2.455786500604951461e-01
2.455719152178803544e-01
2.455830110479178541e-01
2.455950464401542299e-01
2.455972607569519017e-01
2.455875446394199524e-01
2.455783553767436622e-01
2.455902735563174899e-01
2.455970397778237391e-01
2.456088439607220786e-01
2.456002401671209256e-01
2.456119728600048013e-01
2.455911264269522443e-01
2.455809547470507448e-01
2.455546408021435645e-01
2.455197146071999570e-01
2.455315048319129112e-01
2.455432331656826339e-01
2.455549000945634330e-01
2.455665060995337046e-01
2.455780516565613802e-01
2.455895372366694585e-01
2.456009633059998976e-01
2.455850866556953671e-01
2.455873866700279406e-01
2.455987301490195895e-01
2.455992708114229928e-01
2.456105258732814156e-01
2.456217235113548336e-01
2.456328641639928811e-01
2.456431386775073111e-01
2.456304430883683720e-01
2.456414773229882165e-01
2.456524559695243970e-01
2.456633794469825216e-01
2.456633058983585249e-01
2.456741476336080643e-01
2.456849352953650589e-01
2.456719318009866759e-01
2.456826714243040277e-01
2.456921466412056998e-01
2.456960254309160929e-01
2.457066263534958273e-01
2.457171751830899975e-01
2.457276723027350951e-01
2.457381180917218300e-01
2.457485129256403722e-01
2.457588571764254270e-01
2.457691512124010602e-01
2.457793953983233859e-01
2.457895900954248924e-01
2.457997356614560758e-01
2.458098324507274612e-01
2.457704464828216473e-01
2.457805650319020430e-01
2.457844508072614675e-01
2.457928656529633771e-01
2.457555072418544373e-01
2.457549181468247357e-01
2.457628198407423581e-01
2.457558306928946945e-01
2.457658169736115228e-01
2.457739074339009289e-01
2.457828999872313236e-01
2.457767620228561711e-01
2.457866064004193829e-01
2.457889885523769913e-01
2.457674007496845059e-01
2.457771984331281745e-01
2.457869508616828680e-01
2.457888392512155851e-01
2.457787200784165571e-01
2.457763337953057237e-01
2.457859989353565477e-01
2.457956199423478316e-01
2.457830064558335637e-01
2.457880471016636037e-01
2.457975980152601603e-01
2.458020532768445676e-01
2.457940540955444453e-01
2.457997667975063694e-01
2.457958786687272079e-01
2.458053049497340159e-01
2.458027433544603957e-01
2.457927577055520618e-01
2.457888186894459648e-01
2.457981768701318348e-01
2.458074935511251335e-01
2.458167690078662537e-01
2.458219996689788578e-01
2.458163596046309962e-01
2.458255544186828123e-01
2.458135073295969752e-01
2.457985256665560225e-01
2.458076991912975795e-01
2.458168327442538659e-01
2.458202701374549715e-01
2.458293367965895815e-01
2.458260203667095023e-01
2.458350354415080596e-01
2.458440116582257806e-01
2.458529492675596284e-01
2.458618485180552038e-01
2.458707096561289496e-01
2.458795329260912432e-01
2.458883185701688512e-01
2.458803892971022642e-01
2.458582465637020043e-01
2.458670214650467978e-01
2.458556056003519674e-01
2.458643490484488936e-01
2.458730556820276081e-01
2.458817257331121497e-01
2.458903594317813357e-01
2.458989570061883290e-01
2.459075186825811499e-01
2.458840795007928293e-01
2.458706166912071611e-01
2.458791838764921578e-01
2.458742322843928130e-01
2.458827565978516372e-01
2.458912457595024692e-01
2.458930284013454148e-01
2.459014616079108206e-01
2.458795452900137679e-01
2.458786135666546913e-01
2.458682010083218517e-01
2.458766160775488485e-01
2.458849969391774248e-01
2.458925744830148252e-01
2.459008891095650906e-01
2.459091701416646347e-01
2.459174177825056706e-01
2.459177282976928169e-01
2.459259256304259234e-01
2.459104344398379549e-01
2.459186135709561793e-01
2.459044750694021064e-01
2.459126334855963603e-01
2.459207594627600413e-01
2.459288531939826938e-01
2.459369148708241415e-01
2.459445512417003932e-01
2.459499387800622439e-01
2.459363276109754748e-01
2.459443112502443518e-01
2.459522635811238200e-01
2.459601847874207659e-01
2.459680750515055303e-01
2.459584953340057112e-01
2.459663581835480617e-01
2.459726530486611717e-01
2.459756437022431186e-01
2.459445509444766753e-01
2.459314754389358426e-01
2.459248750136310280e-01
2.459200637371495857e-01
2.459229132078704916e-01
2.459307237189645723e-01
2.459385043619474187e-01
2.459199407837974471e-01
2.459277123251596142e-01
2.459119113818759861e-01
2.459196686657790232e-01
2.459076537526995732e-01
2.459153897569455738e-01
2.459230965687227988e-01
2.459307743529602908e-01
2.459384232733473064e-01
2.459313141044362494e-01
2.459389333664109833e-01
2.459193689999767951e-01
2.459114480938671410e-01
2.459190617845654903e-01
2.459266471715811364e-01
2.459342044124481208e-01
2.459284104009267224e-01
2.459217323508277597e-01
2.459292568298835358e-01
2.459367535944676220e-01
2.459442227974171780e-01
2.459516645904476495e-01
2.459590791241630658e-01
2.459664665480659207e-01
2.459675559476137696e-01
2.459716599102085288e-01
2.459789841649157038e-01
2.459862818343062918e-01
2.459788332002347255e-01
2.459861047495999209e-01
2.459925708846704417e-01
2.459997914776696493e-01
2.459990128548106836e-01
2.459908972863503185e-01
2.459962771554752292e-01
2.459779861054702810e-01
2.459851682731384881e-01
2.459891085239012121e-01
2.459962453414737404e-01
2.460033568062306442e-01
2.460037368034924399e-01
2.460108098356977857e-01
2.460178578748564715e-01
2.460244112279141304e-01
2.460295717984657127e-01
2.460365497039157523e-01
2.460435031254870619e-01
2.460143678041701309e-01
2.460213356926237993e-01
2.460119986971920081e-01
2.460133069936184247e-01
2.460202403727594078e-01
2.460250956585010862e-01
2.460090424309505364e-01
2.460159472018304261e-01
2.460228281220337432e-01
2.460296853149259722e-01
2.460274959879303336e-01
2.460343215961978969e-01
2.460163082971210391e-01
2.460231296870224738e-01
2.460180474412576035e-01
2.460248425821417173e-01
2.460316145709276758e-01
2.460383635257380464e-01
2.460450895638937041e-01
2.460477464695204342e-01
2.460544338697401856e-01
2.460483829999873251e-01
2.460550467723302270e-01
2.460616881077291596e-01
2.460659430321663343e-01
2.460648544440900698e-01
2.460714459776831287e-01
2.460780154660133223e-01
2.460845630194908873e-01
2.460778685730700965e-01
2.460788492107906511e-01
2.460823356198397760e-01
2.460888325756924733e-01
2.460863786095320860e-01
2.460928474052174186e-01
2.460992948517420342e-01
2.461057210546208074e-01
2.460708738714784960e-01
2.460719905394243845e-01
2.460784298991947061e-01
2.460848481808643184e-01
2.460912454877571265e-01
2.460951353504667871e-01
2.460966039917433235e-01
2.460972228131754758e-01
2.461035584904259776e-01
2.461098736306351342e-01
2.461059841343467003e-01
2.461100532560487053e-01
2.461136198365315164e-01
2.461198780976632527e-01
2.461261162357688825e-01
2.461198411573365108e-01
2.461249796256709532e-01
2.461311796582683620e-01
2.461373598824549980e-01
2.461372450757288166e-01
2.461433959593646303e-01
2.461495272853417293e-01
2.461472074596387782e-01
2.461399084121625447e-01
2.461460161520155343e-01
2.461404843630219941e-01
2.461400442873476757e-01
2.461434921360903805e-01
2.461495558276989570e-01
2.461493361564578430e-01
2.461553716797220681e-01
2.461517288408385240e-01
2.461339000364848872e-01
2.461399313936808997e-01
2.461332685628075112e-01
2.461392821420239352e-01
2.461351394982286278e-01
2.461221693462544990e-01
2.461199382178841932e-01
2.461058123477904425e-01
2.461118218966344418e-01
2.461178129260676029e-01
2.461113792408220480e-01
2.461136727836160942e-01
2.461166505827353523e-01
2.461225975190535209e-01
2.461285262690221798e-01
2.461344369159374768e-01
2.461316847687833320e-01
2.461375726154040322e-01
2.461434425658344805e-01
2.461492947015443411e-01
2.461551291035096456e-01
2.461609458522163729e-01
2.461667450276641411e-01
2.461725267093700098e-01
2.461639249413318242e-01
2.461696934752526378e-01
2.461754446862487455e-01
2.461772018373446502e-01
2.461829245890832796e-01
2.461840733956075222e-01
2.461808820709065204e-01
2.461847003535430067e-01
2.461645219473319601e-01
2.461623696242374038e-01
2.461641958667253327e-01
2.461571701504625120e-01
2.461628548100012748e-01
2.461633232033127450e-01
2.461671705668426746e-01
2.461528242836621139e-01
2.461584818950075526e-01
2.461641228907542889e-01
2.461644896220491208e-01
2.461658069866720089e-01
2.461714125320108304e-01
2.461619650142184978e-01
2.461624582012088003e-01
2.461642415547359297e-01
2.461693184062663242e-01
2.461748781763568317e-01
2.461804218311717252e-01
2.461825572248561578e-01
2.461880737606564895e-01
2.461935743757185102e-01
2.461990591388639460e-01
2.462045281185183954e-01
2.461995659161272942e-01
2.462050184757866855e-01
2.462104554120659872e-01
2.462000099616827031e-01
2.461903822118456653e-01
2.461889361327210257e-01
2.461943649986268468e-01
2.461898404570424526e-01
2.461625857107498927e-01
2.461577801439385482e-01
2.461632223816928589e-01
2.461686492241492719e-01
2.461740607365424105e-01
2.461794569837383595e-01
2.461826309178544725e-01
2.461879999320324142e-01
2.461799262065974825e-01
2.461780255395242811e-01
2.461833784449289353e-01
2.461887163771718234e-01
2.461926013341970698e-01
2.461979115136450624e-01
2.461872745699728859e-01
2.461888712334649731e-01
2.461894920039174872e-01
2.461889919235647484e-01
2.461942703281004841e-01
2.461995341312405439e-01
2.462047833934880026e-01
2.462100181750119798e-01
2.462152385356502493e-01
2.462204445349112369e-01
2.462234564765330425e-01
2.462286369203217362e-01
2.462338031711137631e-01
2.462047459208033806e-01
2.461983535800731371e-01
2.462029290219327482e-01
2.462081021431545003e-01
2.461973861261187724e-01
2.462025527210540687e-01
2.462077052953790257e-01
2.462128439060879415e-01
2.462179686098666664e-01
2.462230794630945185e-01
2.462281765218468088e-01
2.462229467405027683e-01
2.462262657437950253e-01
2.462182880835172283e-01
2.462233642068930306e-01
2.462284267213589173e-01
2.462289324440083416e-01
2.462339739781721215e-01
2.462390020502954746e-01
2.462440167142264102e-01
2.462458641983085728e-01
2.462508564001704425e-01
2.462558353425320645e-01
2.462591742199615741e-01
2.462575063844889001e-01
2.462624567728674274e-01
2.462673940822805441e-01
2.462472917595753819e-01
2.462475523794508958e-01
2.462524898105286908e-01
2.462496066183008925e-01
2.462500176846305344e-01
2.462478902478061893e-01
2.462490705637934152e-01
2.462513809348987892e-01
2.462272068013564574e-01
2.462321256973107608e-01
2.462328251148021008e-01
2.462300266069943899e-01
2.462349226763337617e-01
2.462398060451042037e-01
2.462446767626602639e-01
2.462495348781009730e-01
2.462519362735103579e-01
2.462567724847681272e-01
2.462585857070188344e-01
2.462581738854193736e-01
2.462621259985953714e-01
2.462669242964128091e-01
2.462717102909023903e-01
2.462718036362140928e-01
2.462716495611528833e-01
2.462631622641728302e-01
2.462573417082526972e-01
2.462590387833960004e-01
2.462551750774142345e-01
2.462443666349476146e-01
2.462491326671343295e-01
2.462538866181240571e-01
2.462417644040130194e-01
2.462465156500230901e-01
2.462512548979372828e-01
2.462469709429746523e-01
2.462516976798198032e-01
2.462443050008336909e-01
2.462370282055347803e-01
2.462417496256008864e-01
2.462464592125340190e-01
2.462498262441156216e-01
2.462545139613084577e-01
2.462591899738391654e-01
2.462564696295823086e-01
2.462611315603031037e-01
2.462565901721416317e-01
2.462612403706834208e-01
2.462619089302693354e-01
2.462568246177035125e-01
2.462614572605013596e-01
2.462660784505359135e-01
2.462706882302246880e-01
2.462700589107855165e-01
2.462616081682160452e-01
2.462546171665480066e-01
2.462514700456127359e-01
2.462518333826111960e-01
2.462564267240518467e-01
2.462345989265580792e-01
2.462392021063521397e-01
2.462437940451699392e-01
2.462346476512499160e-01
2.462392339513069517e-01
2.462438090924830569e-01
2.462468282010051857e-01
2.462513830211472410e-01
2.462559267993013057e-01
2.462593895502923624e-01
2.462598906098860119e-01
2.462550812262494504e-01
2.462595986192191166e-01
2.462602969384755647e-01
2.462647971828313687e-01
2.462692866092920096e-01
2.462710908376549712e-01
2.462755619517562333e-01
2.462800223566022906e-01
2.462844720906232354e-01
2.462889111920660290e-01
2.462924936790494568e-01
2.462969126377136386e-01
2.462899631623614582e-01
2.462943746211437024e-01
2.462794654855066656e-01
2.462838789309547138e-01
2.462882819180010618e-01
2.462799678786126989e-01
2.462843650796997519e-01
2.462887518977852908e-01
2.462931283696017659e-01
2.462883968185035632e-01
2.462849444221463235e-01
2.462893099398618946e-01
2.462936652098832169e-01
2.462980102682515438e-01
2.463023451508392081e-01
2.463066698933506493e-01
2.462957318146609675e-01
2.463000541812695177e-01
2.463043664724313409e-01
2.462957347365687388e-01
2.463000420217566766e-01
2.462788534498470683e-01
2.462831703251932014e-01
2.462867136493197551e-01
2.462910114344458445e-01
2.462952992824963827e-01
2.462995772278956108e-01
2.463038453049086196e-01
2.463081035476429315e-01
2.463123519900486391e-01
2.463123933179358627e-01
2.463166270799109214e-01
2.463198517752763217e-01
2.463240672944319865e-01
2.463282731670907444e-01
2.463324694263262504e-01
2.463363523372221198e-01
2.463405298146007782e-01
2.463446977760856138e-01
2.463488562541540916e-01
2.463530052811361837e-01
2.463445309335530464e-01
2.463486754563023184e-01
2.463528105916840683e-01
2.463569363715559513e-01
2.463467347116188033e-01
2.463508580358702571e-01
2.463549720628854522e-01
2.463590768240739859e-01
2.463631723507042071e-01
2.463672586739038550e-01
2.463713358246608087e-01
2.463754038338241970e-01
2.463595635315955212e-01
2.463636356081801981e-01
2.463676985851523671e-01
2.463717524929794900e-01
2.463639301861231812e-01
2.463679792616377262e-01
2.463720193291978056e-01
2.463718388629859979e-01
2.463662720364218628e-01
2.463703005596612483e-01
2.463621772513637231e-01
2.463540358489022808e-01
2.463580645385702317e-01
2.463620843348834355e-01
2.463580008555550926e-01
2.463620118678269411e-01
2.463564637706119609e-01
2.463604676565764873e-01
2.463644627524513298e-01
2.463590324042403967e-01
2.463589159841189091e-01
2.463577602504204989e-01
2.463617408403088460e-01
2.463657127389529411e-01
2.463696759747865395e-01
2.463736305761192735e-01
2.463775765711379573e-01
2.463815139879065863e-01
2.463677934832946004e-01
2.463671965778730655e-01
2.463711324429007088e-01
2.463745602141532987e-01
2.463724552152873060e-01
2.463617310927815329e-01
2.463644502617998999e-01
2.463683678800505650e-01
2.463722770642468307e-01
2.463716524277213826e-01
2.463741008770972685e-01
2.463779913267982458e-01
2.463603993595569752e-01
2.463619523460646166e-01
2.463647078019949865e-01
2.463685916611793314e-01
2.463724672303760355e-01
2.463592605814454439e-01
2.463631378332208355e-01
2.463602771256130364e-01
2.463641450564026392e-01
2.463604454123198007e-01
2.463643049611917712e-01
2.463681563330533120e-01
2.463611558462339701e-01
2.463619813574577933e-01
2.463658229822107970e-01
2.463666377129248575e-01
2.463632994050343750e-01
2.463671275109221293e-01
2.463709475661140791e-01
2.463624571600825652e-01
2.463662740990524569e-01
2.463700830360537886e-01
2.463738839962237304e-01
2.463753816747133729e-01
2.463693261688663094e-01
2.463731160162875578e-01
2.463768979599602615e-01
2.463806720245836357e-01
2.463763624760480497e-01
2.463801292510193752e-01
2.463831644553842459e-01
2.463761287110063924e-01
2.463798840180399519e-01
2.463836315501106156e-01
2.463873713313394220e-01
2.463911033857474342e-01
2.463935016778606157e-01
2.463887401525961807e-01
2.463899047949789645e-01
2.463936188846943542e-01
2.463973253401040009e-01
2.463889601532926743e-01
2.463926637839029543e-01
2.463825709137972553e-01
2.463862735024199557e-01
2.463899685192869615e-01
2.463885941150338321e-01
2.463897845569066880e-01
2.463912063896737670e-01
2.463948813322486275e-01
2.463985487978293809e-01
2.463989279686500944e-01
2.463991611727135156e-01
2.464028131390679222e-01
2.463938096363565422e-01
2.463974596266013395e-01
2.464011022356728531e-01
2.464047374859381079e-01
2.464083653996740897e-01
2.464119859990678285e-01
2.464155993062170924e-01
2.464192053431306650e-01
2.464188142090724121e-01
2.464219460139877027e-01
2.464190739162930854e-01
2.464180095458651243e-01
2.464215951218937384e-01
2.464251735267702359e-01
