# game: kuhn_poker 
# eval_every: 1 
# num_iterations: 1000 
# num_players: 2 
# bootstrap: False 
# truncate_negative: False 
# buffer_size: -1 
# num_hidden_layers: 0 
# num_hidden_units: 5 
# num_hidden_factors: 0 
# use_skip_connections: True 
# num_epochs: 200 
# batch_size: 1000 
# step_size: 0.01 
# 
7.209046652392376853e-01
5.882281965797299117e-01
5.436080440796704494e-01
5.211696919525061755e-01
5.076637284920750837e-01
4.985423236165257843e-01
4.915115961239068798e-01
4.863241428957981727e-01
4.822260989730312031e-01
4.790450865212786402e-01
4.764844601944503433e-01
4.742711244315241381e-01
4.724471561604036141e-01
4.708663196422867570e-01
4.694225559883908883e-01
4.682023112753148641e-01
4.670682520778527413e-01
4.660395775334869595e-01
4.651021306215181728e-01
4.641949707685257831e-01
4.633710857354729207e-01
4.625608942403615087e-01
4.618419014632832442e-01
4.611413781285266800e-01
4.604552453713595117e-01
4.598362230351263902e-01
4.592482994026772514e-01
4.586635599624088733e-01
4.581122482767191473e-01
4.576111830423094662e-01
4.571760646349253832e-01
4.593556013837837293e-01
4.530786996546975476e-01
4.446548163667278786e-01
4.343313454544038277e-01
4.256045310458936304e-01
4.200729770590387879e-01
4.136408603302212939e-01
4.073081887245361687e-01
3.994731512372413640e-01
3.930920292197844779e-01
3.873263127013374940e-01
3.817279376141988756e-01
3.792057698953172351e-01
3.781863824190576651e-01
3.772113161372950829e-01
3.745046923918105009e-01
3.725554660468426427e-01
3.724195657027752349e-01
3.702677637849736136e-01
3.700553478292104570e-01
3.695996967141038647e-01
3.689154257078096633e-01
3.682564980720867132e-01
3.664927289070093464e-01
3.663751078722604637e-01
3.657954276187248555e-01
3.640353088209261623e-01
3.626350727564361387e-01
3.610928082722992816e-01
3.598412908183128422e-01
3.596161525498171585e-01
3.594956813821860164e-01
3.590868946959414609e-01
3.574086347792484464e-01
3.561704224174250255e-01
3.558295703431181845e-01
3.542732531334946700e-01
3.541147220581871702e-01
3.538178450780141704e-01
3.535293308296323378e-01
3.532488308658853771e-01
3.529760158326121222e-01
3.527105741785786508e-01
3.514805137984708949e-01
3.505196587299470590e-01
3.494701960335021007e-01
3.492633131798549284e-01
3.481630473929629987e-01
3.470673242388637725e-01
3.460333751307856920e-01
3.461422177412106227e-01
3.449838777692698644e-01
3.441538724587943077e-01
3.440265719995198590e-01
3.429332397678309108e-01
3.428390948995033716e-01
3.429793560144288045e-01
3.432566419748699915e-01
3.434616409468531084e-01
3.433503408638042820e-01
3.434263421809684580e-01
3.436870279717368915e-01
3.437846542474496392e-01
3.436746403436893305e-01
3.437512426870484861e-01
3.436438415603301211e-01
3.438544802253308275e-01
3.440935345545690915e-01
3.442109441456234764e-01
3.442504816247473065e-01
3.444557710326475175e-01
3.447674499176112128e-01
3.450017459210760751e-01
3.450683704589624368e-01
3.452954757101027172e-01
3.453672014780856947e-01
3.454411587130258310e-01
3.454389809080749552e-01
3.456912939721191735e-01
3.457626717412816686e-01
3.456516955061582630e-01
3.456712319931671828e-01
3.458552690254608208e-01
3.459172417288555179e-01
3.461498135281556587e-01
3.462144269998000956e-01
3.462031710895533410e-01
3.463440381415804348e-01
3.462968204847348686e-01
3.463450413097430847e-01
3.462383879664499009e-01
3.464408218443834064e-01
3.466431640816912685e-01
3.468760845347420574e-01
3.469527948082045121e-01
3.468584449516127766e-01
3.468940771229957476e-01
3.471047422855906839e-01
3.472766129869849228e-01
3.474850717872881578e-01
3.475676158564282581e-01
3.477929900337723979e-01
3.479912533042853751e-01
3.479982050721193709e-01
3.481613025902101644e-01
3.483971120558745360e-01
3.485137293874853714e-01
3.487405995519181623e-01
3.489431834007353794e-01
3.489648673783864452e-01
3.490888479868624050e-01
3.493113446331734817e-01
3.494194764639370065e-01
3.495043868878942028e-01
3.496426174255706787e-01
3.498545207242834687e-01
3.497565586497640155e-01
3.499782539469731280e-01
3.501207914509624208e-01
3.501526117219731504e-01
3.503341586587542800e-01
3.505382038549542667e-01
3.507162396082220690e-01
3.509344308611371255e-01
3.510810259181098569e-01
3.511153213015336672e-01
3.511724695716695321e-01
3.513435411850919232e-01
3.515532906199215213e-01
3.517423457773011797e-01
3.518431303215653339e-01
3.519137331611019714e-01
3.520925578790379817e-01
3.523160331183358696e-01
3.525082532314334216e-01
3.526490139122402945e-01
3.527041709187804797e-01
3.527798077038947211e-01
3.529523663922150001e-01
3.531520546909877600e-01
3.532080975085032937e-01
3.533572850370113594e-01
3.535592003035410436e-01
3.537335682636773004e-01
3.538407377390691000e-01
3.538706625025385133e-01
3.539340379263750114e-01
3.540614013723147879e-01
3.540883161073416496e-01
3.541165184636494434e-01
3.541128718034799450e-01
3.542071056530977646e-01
3.543288322379199995e-01
3.543229930070562750e-01
3.544076413591312202e-01
3.545525683434544995e-01
3.546776093625785276e-01
3.548343304465743087e-01
3.549140416436408207e-01
3.549094777759271846e-01
3.549337024674961150e-01
3.550678470259283070e-01
3.551204966893688475e-01
3.551400601570441906e-01
3.552350218175772678e-01
3.553316106895702542e-01
3.553627923095152852e-01
3.554705020076460165e-01
3.556209090950850360e-01
3.557124549585374829e-01
3.557084459904860108e-01
3.557984476114782746e-01
3.559380882393700651e-01
3.560068520520073831e-01
3.559971050000583226e-01
3.560806094689370482e-01
3.562148911909978621e-01
3.562848211031186541e-01
3.562691868716055810e-01
3.562801614805247707e-01
3.563615214142870080e-01
3.563645917778350825e-01
3.563238372625759931e-01
3.563637476739918153e-01
3.563080602921733231e-01
3.562773451437621364e-01
3.563352150236692717e-01
3.564437611808478623e-01
3.565212323476747436e-01
3.565120960633564318e-01
3.564794476785004274e-01
3.565747051209838814e-01
3.566401772270946791e-01
3.566261304565847556e-01
3.565821881610174438e-01
3.566112495384429204e-01
3.566415317808196983e-01
3.567374679474086818e-01
3.568245930220214079e-01
3.568498710840833921e-01
3.569392501671274642e-01
3.570453304431018271e-01
3.571001091238575342e-01
3.570902719207244003e-01
3.571308979959566532e-01
3.572011189616216553e-01
3.571770597499757116e-01
3.572237201998348377e-01
3.573198118318376970e-01
3.573177143765359220e-01
3.573971260293154484e-01
3.574566209694181596e-01
3.575605683900618392e-01
3.576545242598848096e-01
3.577010985489579853e-01
3.576907492312071390e-01
3.577911079802741923e-01
3.578955044100123328e-01
3.579408529709038334e-01
3.579239724078883134e-01
3.579525408650864327e-01
3.580373066645544111e-01
3.581517472422215409e-01
3.582486197041598874e-01
3.582668134193877085e-01
3.582875220419332596e-01
3.583829767164220526e-01
3.584903754074751370e-01
3.585582427044181619e-01
3.586250674704914987e-01
3.586336808793540998e-01
3.586307633410080742e-01
3.586767580326632454e-01
3.587596308881835783e-01
3.587999310579912393e-01
3.588964149357057876e-01
3.589601919087221926e-01
3.590639060634798208e-01
3.591236670639310069e-01
3.591324488458463859e-01
3.592275748390066914e-01
3.592755273374488856e-01
3.592927330515995887e-01
3.593470269319600230e-01
3.594063473289940136e-01
3.594078676956884433e-01
3.594757468597950534e-01
3.595763909642124556e-01
3.596644179242848294e-01
3.597107170537043319e-01
3.597839430259264781e-01
3.598879968672800689e-01
3.599793023633959255e-01
3.600329293680898379e-01
3.601023392302812320e-01
3.602050394460269978e-01
3.602326325738711699e-01
3.603074460751294894e-01
3.604095181741505116e-01
3.604366420981336416e-01
3.604467926627861196e-01
3.605113868740719152e-01
3.606049018328688627e-01
3.606159643388547886e-01
3.606278758297758458e-01
3.606271254771004076e-01
3.606260162425597438e-01
3.606128303071579611e-01
3.606672189363323566e-01
3.606503816189898792e-01
3.606963635991369266e-01
3.607757277202270352e-01
3.608324118010227122e-01
3.608251914197436738e-01
3.608749590683731912e-01
3.609372212646103084e-01
3.609383076522574285e-01
3.609119803262239023e-01
3.609766752512107990e-01
3.610428208218235957e-01
3.611196547901328047e-01
3.611517722450920398e-01
3.611383053897341266e-01
3.611447259511332275e-01
3.611134485048071996e-01
3.611484645327754373e-01
3.611233380741781240e-01
3.611530492776465207e-01
3.612082134714976744e-01
3.612226456057914814e-01
3.612864804917933492e-01
3.613320643092207129e-01
3.614039362513126186e-01
3.614005032356318314e-01
3.613723932971988906e-01
3.614349162796676174e-01
3.614533808749585964e-01
3.614249152483233196e-01
3.614134527573132361e-01
3.614426680953108928e-01
3.615038147528262247e-01
3.614704593405322908e-01
3.615220572980717417e-01
3.615262665505237227e-01
3.615145432026840577e-01
3.615488301376776348e-01
3.615524570835703111e-01
3.615959158877338764e-01
3.616009450864743346e-01
3.616481936489936433e-01
3.616282481211133826e-01
3.616635594505603901e-01
3.617111941093415495e-01
3.617037185822183920e-01
3.616711386187262400e-01
3.617247634963133840e-01
3.617666121052058870e-01
3.618344154093980913e-01
3.618708264045331080e-01
3.619362795415125289e-01
3.619335342469554018e-01
3.619169437160068004e-01
3.619544181739080546e-01
3.620194093369840660e-01
3.620686482490940716e-01
3.620759674421807905e-01
3.620588155507059036e-01
3.621093885448894434e-01
3.621780247766464012e-01
3.622269551845349600e-01
3.622982944293917651e-01
3.623593129516590738e-01
3.623616847035674438e-01
3.624088137416335842e-01
3.624791715911064305e-01
3.625385776679777572e-01
3.625468459910260455e-01
3.625965609229597764e-01
3.626606215082943119e-01
3.626959156603669077e-01
3.627425349543557664e-01
3.627832330257461657e-01
3.628529558651999443e-01
3.629002408921334633e-01
3.629089982257133196e-01
3.629548091586607406e-01
3.630085773569922125e-01
3.630832836355841753e-01
3.631429622536217483e-01
3.631701268618866552e-01
3.631737922106602623e-01
3.631932303082497371e-01
3.632445241663049273e-01
3.633162345434858276e-01
3.633764495621228940e-01
3.634098834702800263e-01
3.634716671529186760e-01
3.634968347493422458e-01
3.634945816274153252e-01
3.635104092479153892e-01
3.635579928642820313e-01
3.635835851970479204e-01
3.636437327494195793e-01
3.636721626599764279e-01
3.637077111266576734e-01
3.637075963883513174e-01
3.637143590257759795e-01
3.637065986415133345e-01
3.637314772138581787e-01
3.637614123946774081e-01
3.637487395724999795e-01
3.637419055211919550e-01
3.637068251691162324e-01
3.637267997251942830e-01
3.637736282100929031e-01
3.638116926943272267e-01
3.638173650304825646e-01
3.637886109283245406e-01
3.637849361249370639e-01
3.638157939396509666e-01
3.638251222155381992e-01
3.638145790411764224e-01
3.637608732090036878e-01
3.637360237377124106e-01
3.637516368152369228e-01
3.637368757113769169e-01
3.637050526463261879e-01
3.637374019441389494e-01
3.637299078371535876e-01
3.637060814148032062e-01
3.637260471908221326e-01
3.637684738086364722e-01
3.637932629624746061e-01
3.637612773325387128e-01
3.637788914230711823e-01
3.638217446638067898e-01
3.638238659824427623e-01
3.637864795555214581e-01
3.637613831331365510e-01
3.637029594817711708e-01
3.636888631210836165e-01
3.637105796222908083e-01
3.636999232603935761e-01
3.637287097910439915e-01
3.637264528631303784e-01
3.636826076926137352e-01
3.636933535548667606e-01
3.636546719325227661e-01
3.636655899738895914e-01
3.636963934156823286e-01
3.636565841314789438e-01
3.636644975856717643e-01
3.636812480425564154e-01
3.636295263067306216e-01
3.636312979274320956e-01
3.636596156416749270e-01
3.636781657935306278e-01
3.636679107074544115e-01
3.636173381200649146e-01
3.636458215948248363e-01
3.636747673097002753e-01
3.636725095540306318e-01
3.636893156136652427e-01
3.637285582736484724e-01
3.637317170182384207e-01
3.637675283493361222e-01
3.638077551644283147e-01
3.638258294275043547e-01
3.638422101124997310e-01
3.638530949655011115e-01
3.638489712225112527e-01
3.638829569294300681e-01
3.638897969374155217e-01
3.639258346567724178e-01
3.639306434533917667e-01
3.639195933770955627e-01
3.639635356611614081e-01
3.639814028748332708e-01
3.639879854744961230e-01
3.639649814489885893e-01
3.639687858126877673e-01
3.640057951355993859e-01
3.640184755567584807e-01
3.640619592011388184e-01
3.641045684087018675e-01
3.641143200408021863e-01
3.640931651042144113e-01
3.640983628670699246e-01
3.641344802159183214e-01
3.641743066899154058e-01
3.641667880093886200e-01
3.641650223327191904e-01
3.642057449572733141e-01
3.642164538761332171e-01
3.641970223768249415e-01
3.641950471490042474e-01
3.642221947946115979e-01
3.642111567187907850e-01
3.642311036366698840e-01
3.642707555339367298e-01
3.642581281071774479e-01
3.642737151559841124e-01
3.643126224105982525e-01
3.643210400408717353e-01
3.643599233890244538e-01
3.643972168642815035e-01
3.644065750411711324e-01
3.644458814453984674e-01
3.644892254264098241e-01
3.644982995212530108e-01
3.645419356344756778e-01
3.645582289182082159e-01
3.645481318392034820e-01
3.645762044984147132e-01
3.646226256914762986e-01
3.646630072374945630e-01
3.646764573005749077e-01
3.646723723756001290e-01
3.647165129306579878e-01
3.647405788860529352e-01
3.647534092992732457e-01
3.647423276136392278e-01
3.647571996063119770e-01
3.647943978077146099e-01
3.647923436594601165e-01
3.647938657616739411e-01
3.648320866930845341e-01
3.648427903499326108e-01
3.648284496738198879e-01
3.648516630214690970e-01
3.648937518685893555e-01
3.649295878147469918e-01
3.649432639314290627e-01
3.649784889393464238e-01
3.649991553418935331e-01
3.649899313497791953e-01
3.649914860342416967e-01
3.650102220366958639e-01
3.650397040679982386e-01
3.650399544826758991e-01
3.650276917702113821e-01
3.650369383970480386e-01
3.650502365635210911e-01
3.650858433600706610e-01
3.650830066324455281e-01
3.651037286729202913e-01
3.651201039926874614e-01
3.651055023209864303e-01
3.650835330289586844e-01
3.650630064803668251e-01
3.650699170521204961e-01
3.650554837493512061e-01
3.650613528489468074e-01
3.650851986734895971e-01
3.650895067083359535e-01
3.650559988505832076e-01
3.650418681434511869e-01
3.649926083041629132e-01
3.649660489200488023e-01
3.649725669098216052e-01
3.649981516475150345e-01
3.650158617837125363e-01
3.650480197673622307e-01
3.650732271085203040e-01
3.650745150291035968e-01
3.650960616417880389e-01
3.651305642493293258e-01
3.651574120031202964e-01
3.651915871628983457e-01
3.652046042489067723e-01
3.652295968636249945e-01
3.652223860567713754e-01
3.652452075202863302e-01
3.652830523237211580e-01
3.653049148454604600e-01
3.653077012232277543e-01
3.653313882735294005e-01
3.653291046974738165e-01
3.653103811938289147e-01
3.653023666796615943e-01
3.653320209259873774e-01
3.653392359857006166e-01
3.653336493979533195e-01
3.653501523673442497e-01
3.653332822489908094e-01
3.653181009992388373e-01
3.653347810133216744e-01
3.653676531087158841e-01
3.653813267531165754e-01
3.654157699114872759e-01
3.654460303069920757e-01
3.654532371423728776e-01
3.654370034287272029e-01
3.654304397752895506e-01
3.654521140647356003e-01
3.654876936542126309e-01
3.655002492105974277e-01
3.655349537681006344e-01
3.655616140773235156e-01
3.655785091425297617e-01
3.655698653360612282e-01
3.655683038092149562e-01
3.655821441271930317e-01
3.656154041041345115e-01
3.656082446358633886e-01
3.656262347592081352e-01
3.656553021224646649e-01
3.656677362824403144e-01
3.656526266527815316e-01
3.656470604601504415e-01
3.656760484091287067e-01
3.656817455241895276e-01
3.656712348744953767e-01
3.656818670805689897e-01
3.657132063971245683e-01
3.657218421304108125e-01
3.657060842471204221e-01
3.657004881698651677e-01
3.657239944239034646e-01
3.657540301486456036e-01
3.657654102793623796e-01
3.657487521360039961e-01
3.657620414303369705e-01
3.657928916805386343e-01
3.658001507591843726e-01
3.658310933597750392e-01
3.658525987931934287e-01
3.658628356941315274e-01
3.658496595041577093e-01
3.658444047547271261e-01
3.658701275968744282e-01
3.658905252513417472e-01
3.659078752565440573e-01
3.659399865793179774e-01
3.659394316498391087e-01
3.659187192970870250e-01
3.659304964764574786e-01
3.659130345310115384e-01
3.659265354100055267e-01
3.659562033154634131e-01
3.659714073629137254e-01
3.659929308712436824e-01
3.660271964139187872e-01
3.660481367271184450e-01
3.660793149768981625e-01
3.660932654901178918e-01
3.661176184106707532e-01
3.661542042796306351e-01
3.661726810922347197e-01
3.662141780424287285e-01
3.662501046741829525e-01
3.662708163533072159e-01
3.662834139463775895e-01
3.663132766989229960e-01
3.663317568071112196e-01
3.663652840941992728e-01
3.663852967614358302e-01
3.664225560767537249e-01
3.664640102048370429e-01
3.664934262575244572e-01
3.665039347768350164e-01
3.665319828201998309e-01
3.665659521571371648e-01
3.665770197222911753e-01
3.665968392475770221e-01
3.665989356190737514e-01
3.666173453114713321e-01
3.666445251646566206e-01
3.666839622610718052e-01
3.667043710172022686e-01
3.667062668859445429e-01
3.667127822119569669e-01
3.667360646774875388e-01
3.667403954800235732e-01
3.667715068802973044e-01
3.668079345355507170e-01
3.668366046399818003e-01
3.668422448636331490e-01
3.668515208940877903e-01
3.668861462786516814e-01
3.669090334386497787e-01
3.669101999608735953e-01
3.669248136805179916e-01
3.669334306244728117e-01
3.669236530370574845e-01
3.669266606021051591e-01
3.669473150926539917e-01
3.669631288209144748e-01
3.669876119949792570e-01
3.670013765326355371e-01
3.669936102016078672e-01
3.670102993380744971e-01
3.670420732383040119e-01
3.670688660521300717e-01
3.670723687964722592e-01
3.670643905055114287e-01
3.670920539371713698e-01
3.671224846997148683e-01
3.671380256438759315e-01
3.671328113889215095e-01
3.671411586708490660e-01
3.671302970504016772e-01
3.671394716770303157e-01
3.671640572306438255e-01
3.671738057828572988e-01
3.672028182822282272e-01
3.672145213460253355e-01
3.672078288456168682e-01
3.672058082242440902e-01
3.672073526454096570e-01
3.671928012211941872e-01
3.672149989444359885e-01
3.672176283624994930e-01
3.672134603632418726e-01
3.672347571698018065e-01
3.672636519913691222e-01
3.672876792479058405e-01
3.673194796587340161e-01
3.673435992683374840e-01
3.673448982825952558e-01
3.673656012548837668e-01
3.673973646700209872e-01
3.674240767781344341e-01
3.674524417310467417e-01
3.674544669400331420e-01
3.674761262303405385e-01
3.675085704690814747e-01
3.675079176665759784e-01
3.675291151901880493e-01
3.675622236924470099e-01
3.675893947063367251e-01
3.676030420515479236e-01
3.676243155907344962e-01
3.676577349225906843e-01
3.676875577782283688e-01
3.676965419404604196e-01
3.677066531173875941e-01
3.677382030450696559e-01
3.677537440680080927e-01
3.677584020068621062e-01
3.677857985965556353e-01
3.677914223150000606e-01
3.678153413702923147e-01
3.678488047480550915e-01
3.678561487876165770e-01
3.678563924240862981e-01
3.678861033232798672e-01
3.678969116512759152e-01
3.679248558782869938e-01
3.679588783347639280e-01
3.679799518259938562e-01
3.679856322812676828e-01
3.679902435171371611e-01
3.680031287995761957e-01
3.679998164554376672e-01
3.680069151188246068e-01
3.679957770890454061e-01
3.679981189427610211e-01
3.680170848905021108e-01
3.680218479610350424e-01
3.680198631974946899e-01
3.680430108472094730e-01
3.680487553628769559e-01
3.680461058230048432e-01
3.680616478857656748e-01
3.680598192802609914e-01
3.680693565775593479e-01
3.680919112802252258e-01
3.681012574082996314e-01
3.680922711312125672e-01
3.680855517822770873e-01
3.681041002967654352e-01
3.681082493598739069e-01
3.681049751148690596e-01
3.681275002511086303e-01
3.681345932730522019e-01
3.681345124222191734e-01
3.681167785480450316e-01
3.681158102879100724e-01
3.681002325690465038e-01
3.681128706279279683e-01
3.680985732062381222e-01
3.681078431082432934e-01
3.681249601848414210e-01
3.681253608268269528e-01
3.681443832341645406e-01
3.681444347286890184e-01
3.681298450079971696e-01
3.681333520274304716e-01
3.681377475469153615e-01
3.681210586311984834e-01
3.681287448610968682e-01
3.681492490006792462e-01
3.681652190757298548e-01
3.681658223738122349e-01
3.681751334344731674e-01
3.681821162280268789e-01
3.682024340419139397e-01
3.682079781504721261e-01
3.682223251279410081e-01
3.682471480913293571e-01
3.682667902641221236e-01
3.682953280486446768e-01
3.683088543636600098e-01
3.683269436903554572e-01
3.683563662064793798e-01
3.683857507744247028e-01
3.684174257398045160e-01
3.684400012263091551e-01
3.684606128324166008e-01
3.684935189884049334e-01
3.685249686384630685e-01
3.685480917292679459e-01
3.685569507222089536e-01
3.685694292546436435e-01
3.685915830382804348e-01
3.686233250734959332e-01
3.686408133443437873e-01
3.686713118805233780e-01
3.686887777431093194e-01
3.687019362261484967e-01
3.687313635167026593e-01
3.687652564089279328e-01
3.687973994838149583e-01
3.688256196788183283e-01
3.688422788848876310e-01
3.688540761559127024e-01
3.688798210817074708e-01
3.689136347452013354e-01
3.689262426449400056e-01
3.689382229013628556e-01
3.689472483755124599e-01
3.689716629808627579e-01
3.690040324823803952e-01
3.690235391545200194e-01
3.690298512181291457e-01
3.690410994859094629e-01
3.690666292119573755e-01
3.690974819603911050e-01
3.691079035673847653e-01
3.691324736774809212e-01
3.691641171993031989e-01
3.691824680010803439e-01
3.691883176527971377e-01
3.691963447395969489e-01
3.692156097164289719e-01
3.692342696152258741e-01
3.692468727820231722e-01
3.692743037079789792e-01
3.693038442466670124e-01
3.693194152602696789e-01
3.693464275604975144e-01
3.693769413064583174e-01
3.694061134882546948e-01
3.694245744615043403e-01
3.694336396984536641e-01
3.694642139406845160e-01
3.694829578539905457e-01
3.694900463110284972e-01
3.695037060754930991e-01
3.695335409839264340e-01
3.695519380902561046e-01
3.695697443598280341e-01
3.695776226581350410e-01
3.696077077355602869e-01
3.696372078359932978e-01
3.696703824270159977e-01
3.696984566158263430e-01
3.697143945420758304e-01
3.697423795166037697e-01
3.697758671598002089e-01
3.698059587604126119e-01
3.698207735666074192e-01
3.698476197800157350e-01
3.698774191967671432e-01
3.698948957652047342e-01
3.699062752887835037e-01
3.699372918241902175e-01
3.699575389041770412e-01
3.699684811631800407e-01
3.699980714624929723e-01
3.700243121319553019e-01
3.700581288867251795e-01
3.700813733610001099e-01
3.700948600782869580e-01
3.701121728777468922e-01
3.701439486002592316e-01
3.701659803896392154e-01
3.701841648069262858e-01
3.701937115458903138e-01
3.702172350916888011e-01
3.702357045199211605e-01
3.702646173203601454e-01
3.702920022146420354e-01
3.703105978127733122e-01
3.703397369375016623e-01
3.703515780664149992e-01
3.703590242628090334e-01
3.703694238862063615e-01
3.703942999754542553e-01
3.704233643931935660e-01
3.704507796885776472e-01
3.704813791217796970e-01
3.705017810995556715e-01
3.705118841482730185e-01
3.705353923847556352e-01
3.705667739397749960e-01
3.705953032007267556e-01
3.706151832094661813e-01
3.706446678511128301e-01
3.706600828761765776e-01
3.706702348050087137e-01
3.706932170137025029e-01
3.707235562825014208e-01
3.707441838218523689e-01
3.707540586544562089e-01
3.707753945641414361e-01
3.707857695135642340e-01
3.707903952524408409e-01
3.708099714219265652e-01
3.708374348470810933e-01
3.708619407345459251e-01
3.708923378772031598e-01
3.709113647105068412e-01
3.709203017829791338e-01
3.709318089805377916e-01
3.709578382772821259e-01
3.709863350963121809e-01
3.710149450732554977e-01
3.710345993429942091e-01
3.710633475596011310e-01
3.710883151706088623e-01
3.711200243171047797e-01
3.711423786734738828e-01
3.711737228369453856e-01
3.712044635793191882e-01
3.712262709739638789e-01
3.712570144594759536e-01
3.712780211078758330e-01
3.712917971704428055e-01
3.713115877962681610e-01
3.713229417222414508e-01
3.713431247566906235e-01
3.713674077379970351e-01
3.713947453492504880e-01
3.714269522842656435e-01
3.714501208529742415e-01
3.714819718817334859e-01
3.715124869425632803e-01
3.715317404396780709e-01
3.715482886741824364e-01
3.715732090281265165e-01
3.715966351558551706e-01
3.716152540396583381e-01
3.716392859831598727e-01
3.716702982832407187e-01
3.716951479696911642e-01
3.717225025321578835e-01
3.717553681170643332e-01
3.717790788347694608e-01
3.718075931262090350e-01
3.718242386824122669e-01
3.718409072911914581e-01
3.718656286523918109e-01
3.718900735588200890e-01
3.719217970864211464e-01
3.719490301284782419e-01
3.719651901902366609e-01
3.719927148696919872e-01
3.720241126722443337e-01
3.720470744131447738e-01
3.720741833275990063e-01
3.720879706185046265e-01
3.721097029164445735e-01
3.721352070485188790e-01
3.721546256949441744e-01
3.721674563966034244e-01
3.721912425990328011e-01
3.722125061572750249e-01
3.722234730612117293e-01
3.722449068895670177e-01
3.722686275737367989e-01
3.722798127216784270e-01
3.722923313245569688e-01
3.723162861563016901e-01
3.723426972150900571e-01
3.723625713693956563e-01
3.723742438512300246e-01
3.723961553574008931e-01
3.724202871017867067e-01
3.724408060034960499e-01
3.724550357442636406e-01
3.724685061837305633e-01
3.724790322737217552e-01
3.724849628144619729e-01
3.725022035695378930e-01
3.725231162768021242e-01
3.725343961902785050e-01
3.725417859407221810e-01
3.725542695786355218e-01
3.725650918696712388e-01
3.725874659371516406e-01
3.726126033535687165e-01
3.726328412705923743e-01
3.726443894691348069e-01
3.726660990307160137e-01
3.726883854528161288e-01
3.727112090598909133e-01
3.727239288458610855e-01
