# game: kuhn_poker 
# eval_every: 1 
# num_iterations: 1000 
# num_players: 2 
# bootstrap: False 
# truncate_negative: False 
# buffer_size: -1 
# num_hidden_layers: 2 
# num_hidden_units: 5 
# num_hidden_factors: 0 
# use_skip_connections: True 
# num_epochs: 200 
# batch_size: 1000 
# step_size: 0.01 
# 
3.894519593152528381e-01
3.108198895184984267e-01
2.098712578805812523e-01
1.574034429607462648e-01
1.259227541527460081e-01
1.097393352115711707e-01
1.089711528074515934e-01
9.517400109349424819e-02
9.277701740384919349e-02
8.626828306505682220e-02
8.321229592616399828e-02
7.957781825234280793e-02
7.542235651232825910e-02
6.868324321168159385e-02
6.295720896471251882e-02
5.869771491627778781e-02
6.406411465396585903e-02
7.528228040605816629e-02
8.447794993590335144e-02
9.402332137043181715e-02
1.004407733035719563e-01
1.046158233347644351e-01
1.099788956776685533e-01
1.166458892043918394e-01
1.144492219379517062e-01
1.105325746609313320e-01
1.059684599955331430e-01
1.047963675836550979e-01
1.049639240624325454e-01
1.033391210726730958e-01
1.014145471546774868e-01
9.885529321647493206e-02
9.776472964692484169e-02
9.623040541969643535e-02
9.411173395873276282e-02
9.139490618050227777e-02
8.859403974430557493e-02
8.774612495447525751e-02
8.768921194002449182e-02
8.739823960601997288e-02
8.647547433941657480e-02
8.471825223970505525e-02
8.320952579872553656e-02
8.257271235993057790e-02
8.139626779807893064e-02
7.973834577699984161e-02
7.755286287390550370e-02
7.570645597344063948e-02
7.485014018439106742e-02
7.350085288401403405e-02
7.196462720986790407e-02
7.082232655294529167e-02
7.059646247837894628e-02
7.016404120069541506e-02
6.923663826664991361e-02
6.935890937168404102e-02
6.917426658525596683e-02
6.852953859189486741e-02
6.727308627905495553e-02
6.548982656267404723e-02
6.319559803538549181e-02
6.093509079203021650e-02
5.979522959008859440e-02
5.885173949885261213e-02
5.766092484494966808e-02
5.623782608320532228e-02
5.463654764734199309e-02
5.335854615732482653e-02
5.238844194959940692e-02
5.215662007734311878e-02
5.186275834430489895e-02
5.154492871627994188e-02
5.108794112186545999e-02
5.111162926962839470e-02
5.084862768729186966e-02
5.092854675000363374e-02
5.082355860756698762e-02
5.046492751242653840e-02
4.980993135013417339e-02
4.891051689315586981e-02
4.791173869572268318e-02
4.732403900943848996e-02
4.715839658250270405e-02
4.701325062451403025e-02
4.678043475119358918e-02
4.686366362185845347e-02
4.642578071839978393e-02
4.589545166947306409e-02
4.531168357845688499e-02
4.494666087720439185e-02
4.490439335928153586e-02
4.483015593972650148e-02
4.453184152067557466e-02
4.420664308991451019e-02
4.386516327902567625e-02
4.351507274372112821e-02
4.349656589874331680e-02
4.350686560863112340e-02
4.375144865647462300e-02
4.394397869932872847e-02
4.405414899835555231e-02
4.410876751542580632e-02
4.415056367800740400e-02
4.435629788552306052e-02
4.450182798788263061e-02
4.461747424805317941e-02
4.473529303616446962e-02
4.479216124824367262e-02
4.478308745944387104e-02
4.469345248561179540e-02
4.451187632544195694e-02
4.422996106060575472e-02
4.386122750495177747e-02
4.344910185866074359e-02
4.343408772519330441e-02
4.332940629045192726e-02
4.313311561650834403e-02
4.286485199259862378e-02
4.255842370946497089e-02
4.217693364909591569e-02
4.173193289315285659e-02
4.132144822144723229e-02
4.110918962794279929e-02
4.122105024272160190e-02
4.136285166950662284e-02
4.142522746116347743e-02
4.141700820234758829e-02
4.137637547509295799e-02
4.124891193050794769e-02
4.108532465032690983e-02
4.115791182958400407e-02
4.124484388240193256e-02
4.130743460051100602e-02
4.133040700522527811e-02
4.131855265444414615e-02
4.126295023001405604e-02
4.113841350864008706e-02
4.094946838452723226e-02
4.069529713313899122e-02
4.043973866526867633e-02
4.007965583685738076e-02
3.979647162469088228e-02
3.967248662653599656e-02
3.958359989925391842e-02
3.942382482539921740e-02
3.917454609283885225e-02
3.887961984298640705e-02
3.855327901459262852e-02
3.821335395528840939e-02
3.790311451509986718e-02
3.776806350096842402e-02
3.768693685246157776e-02
3.778979636490559235e-02
3.785383458418334346e-02
3.785993549481148079e-02
3.781623255893365454e-02
3.771808583856556263e-02
3.759209667804491728e-02
3.764791594942626385e-02
3.771366018318286772e-02
3.775012766653390583e-02
3.777235436626746878e-02
3.776462253043505468e-02
3.770755240852169399e-02
3.756246066255691796e-02
3.739368882772320379e-02
3.719915317360389384e-02
3.693954051418504858e-02
3.669513897804932423e-02
3.648601139633245172e-02
3.622301966984506350e-02
3.596789478022549558e-02
3.579516640106725212e-02
3.557912490048398269e-02
3.528504583051592092e-02
3.496989363654412486e-02
3.458236755946647589e-02
3.418931154560647667e-02
3.394069822938261538e-02
3.375797858841231291e-02
3.359740705680561157e-02
3.349703431774322948e-02
3.346067497514132461e-02
3.341703688326388977e-02
3.332538792350359103e-02
3.318969740360344645e-02
3.300985229727740333e-02
3.290789777670261040e-02
3.286510398682446210e-02
3.281917867549499768e-02
3.278516228574224201e-02
3.274836629910005126e-02
3.269766439809287939e-02
3.261497638722093972e-02
3.246090918644028989e-02
3.228781040023781523e-02
3.208236999087185626e-02
3.186200624152338290e-02
3.160488163214106305e-02
3.132924620007362937e-02
3.105631179878812209e-02
3.078117146685188654e-02
3.051809267018115723e-02
3.028152675627482360e-02
3.006692530321555812e-02
2.985635583949897143e-02
2.964756453868558350e-02
2.944743018270959412e-02
2.928097804606430432e-02
2.911617458578483197e-02
2.900961633380710891e-02
2.917498214648184263e-02
2.924754847126301294e-02
2.927183610580361139e-02
2.920745975918384585e-02
2.910673253274040362e-02
2.905381615313717969e-02
2.881963103528431547e-02
2.841268745284247776e-02
2.834119008909222193e-02
2.811235466012187989e-02
2.768992220330313003e-02
2.740867056034052007e-02
2.701237374503090427e-02
2.661935423470504491e-02
2.644568484161885502e-02
2.685823186284264086e-02
2.685106745216164770e-02
2.672957544983939338e-02
2.660372979202743626e-02
2.647119458707603012e-02
2.636121305871780285e-02
2.626758887135988152e-02
2.619863131796951183e-02
2.652558958093159669e-02
2.680046567870875140e-02
2.713131678752850329e-02
2.722304630951186133e-02
2.728227996546167544e-02
2.731200753259180325e-02
2.730581398338263743e-02
2.707904787676648772e-02
2.720715139282942063e-02
2.734275285380902143e-02
2.711697680411018219e-02
2.688091463294609018e-02
2.663075494562816559e-02
2.636663985212964190e-02
2.614948187615309672e-02
2.620213039930921473e-02
2.609226696954608515e-02
2.599171247160367293e-02
2.599088976084440450e-02
2.606647023630678794e-02
2.614584714757378636e-02
2.588509066301472594e-02
2.595217205557479034e-02
2.602744679350232904e-02
2.577211757967307060e-02
2.584489772419568121e-02
2.565338815699025332e-02
2.569832675102096120e-02
2.559031230272704183e-02
2.549184860243605688e-02
2.548853030467337910e-02
2.556290405140368427e-02
2.564269847544484171e-02
2.572243730100248760e-02
2.580984597204416531e-02
2.590833975316667037e-02
2.600518760967782117e-02
2.578610142829473872e-02
2.555268520138989641e-02
2.563445763942898137e-02
2.572121075500893861e-02
2.581586814490680060e-02
2.591423607202789081e-02
2.601839728213994896e-02
2.613181670931521983e-02
2.624786409978449586e-02
2.637122705146888180e-02
2.649949951829019823e-02
2.663623130699394048e-02
2.678045025979441940e-02
2.693622059651276657e-02
2.709782010129646590e-02
2.727302730257180619e-02
2.746262568779209157e-02
2.765594993544531754e-02
2.784794091242692726e-02
2.803861236379534549e-02
2.822797784632050111e-02
2.841605073169706230e-02
2.860284420969180785e-02
2.878837129122727156e-02
2.897264481140271464e-02
2.915567743245400800e-02
2.933748164665422875e-02
2.951806977915577557e-02
2.969745399077544645e-02
2.987564628072489348e-02
3.005265848928548311e-02
3.022850230043128139e-02
3.040318924439999737e-02
3.057673070021302286e-02
3.074913789814642806e-02
3.092042192215332941e-02
3.109059371223951707e-02
3.125966406679253629e-02
3.142764364486602680e-02
3.159454296841951448e-02
3.176037242451554277e-02
3.192514226747500405e-02
3.208886262099014397e-02
3.225154348019854122e-02
3.241319471371709171e-02
3.257382606563732907e-02
3.273344715748380263e-02
3.289206749013506847e-02
3.304969644570845966e-02
3.320634328941035607e-02
3.336201717135120481e-02
3.351672712832773349e-02
3.367048208557094080e-02
3.382329085846308425e-02
3.410297401519765681e-02
3.425352557257080321e-02
3.440315913264394010e-02
3.455188306621312377e-02
3.469970564261021240e-02
3.484663503123563988e-02
3.499267930306304564e-02
3.513784643211786962e-02
3.528214429692780318e-02
3.542558068194887055e-02
3.556816327896478169e-02
3.570989968846241536e-02
3.585079742098162825e-02
3.599086389844274869e-02
3.613010645544909027e-02
3.626853234056789943e-02
3.640614871758743321e-02
3.654296266675344240e-02
3.667898118598347801e-02
3.681421119205943726e-02
3.694865952180051427e-02
3.708233293321547275e-02
3.721523810663465714e-02
3.734738164582304676e-02
3.747877007907404745e-02
3.760940986028449284e-02
3.773930737001171543e-02
3.786846891651185487e-02
3.799690073676134650e-02
3.812460899746092369e-02
3.825159979602246740e-02
3.837787916153967416e-02
3.850345305574190413e-02
3.862832737393259719e-02
3.875250794591189596e-02
3.887600053688375357e-02
3.899881084834816436e-02
3.912094451897882297e-02
3.924240712548585086e-02
3.936320418346475614e-02
3.948334114823140450e-02
3.960282341564300146e-02
3.972165632290630688e-02
3.983984514937216614e-02
3.995739511731732918e-02
4.007431139271347420e-02
4.019059908598443531e-02
4.030626325275069033e-02
4.042130889456155285e-02
4.053574095961676171e-02
4.064956434347546943e-02
4.076278388975457245e-02
4.087540439081599475e-02
4.098743058844231402e-02
4.109886717450275673e-02
4.120971879160809093e-02
4.131999003375530499e-02
4.142968544696251643e-02
4.153880952989308373e-02
4.164736673447136384e-02
4.175536146648758939e-02
4.186279808619428056e-02
4.196968090889266478e-02
4.207601420551088101e-02
4.218180220317266360e-02
4.228704908575736665e-02
4.239175899445191131e-02
4.249593602829354611e-02
4.259958424470505767e-02
4.270270766002123852e-02
4.280531025000811063e-02
4.290739595037346144e-02
4.300896865727002472e-02
4.311003222779166699e-02
4.321059048046121953e-02
4.331064719571139920e-02
4.341020611635890147e-02
4.350927094807063855e-02
4.360784535982387133e-02
4.370593298435898610e-02
4.380353741862599848e-02
4.390066222422375763e-02
4.399731092783379371e-02
4.409348702164667122e-02
4.418919396378287456e-02
4.428443517870703228e-02
4.437921405763695093e-02
4.447353395894537709e-02
4.456739820855701306e-02
4.466081010033973175e-02
4.475377289648926893e-02
4.484628982790939133e-02
4.493836409458629166e-02
4.502999886595726586e-02
4.512119728127461649e-02
4.521196244996358860e-02
4.530229745197686397e-02
4.539220533814172787e-02
4.548168913050423812e-02
4.557075182266787094e-02
4.565939638012672663e-02
4.574762574059562659e-02
4.583544281433374334e-02
4.592285048446503870e-02
4.600985160729373358e-02
4.609644901261555905e-02
4.618264550402403912e-02
4.626844385921402569e-02
4.635384683027901631e-02
4.643885714400611264e-02
4.652347750216601074e-02
4.660771058179929982e-02
4.669155903549843112e-02
4.677502549168666146e-02
4.685811255489261140e-02
4.694082280602093760e-02
4.702315880261953573e-02
4.710512307914346830e-02
4.718195629599397645e-02
4.726319534544784484e-02
4.728777176411647076e-02
4.729636935697045796e-02
4.726876069986227225e-02
4.726183187552576714e-02
4.723640747528107253e-02
4.721782411992511697e-02
4.718159533505805747e-02
4.715076772940468564e-02
4.713363877473902841e-02
4.712013526744263103e-02
4.710059287077236756e-02
4.710579302463416274e-02
4.709115821025497417e-02
4.707652902062428590e-02
4.726303203385298635e-02
4.743985975901290897e-02
4.764093761674592642e-02
4.777523746844850039e-02
4.785428916609307803e-02
4.793058818573414648e-02
4.800655974177184260e-02
4.808220593782686070e-02
4.815752885954016627e-02
4.823253057476445393e-02
4.830721313375424542e-02
4.838157856935149104e-02
4.845562889717103250e-02
4.852936611578226311e-02
4.860279220688934476e-02
4.867590913550767784e-02
4.874871885014062101e-02
4.882122328295140923e-02
4.889342434993484976e-02
4.896532395108563196e-02
4.903692397056527708e-02
4.910822627686653452e-02
4.917923272297594628e-02
4.924994514653441291e-02
4.932036536999576115e-02
4.939049520078331312e-02
4.946033643144454039e-02
4.952989083980344209e-02
4.959916018911206259e-02
4.966814622819870628e-02
4.973685069161590255e-02
4.980527529978520662e-02
4.987342175914111220e-02
4.994129176227266043e-02
5.000888698806393862e-02
5.007620910183202545e-02
5.014325975546413128e-02
5.021004058755279553e-02
5.027655322352886369e-02
5.034279927579374259e-02
5.040878034384993489e-02
5.047449801442896455e-02
5.053995386161966308e-02
5.060514944699257001e-02
5.067008631972547139e-02
5.073476601672494146e-02
5.079919006274832838e-02
5.086335997052335300e-02
5.092727724086645869e-02
5.099094336279977324e-02
5.105435981366684972e-02
5.111752805924704712e-02
5.118044955386819028e-02
5.124312574051825830e-02
5.130555805095593502e-02
5.136774790581927208e-02
5.142969671473382465e-02
5.149140587641862221e-02
5.155287677879222263e-02
5.161411079907582411e-02
5.167510930389709878e-02
5.173587364939097322e-02
5.179640518130088078e-02
5.185670523507743268e-02
5.191677513597717231e-02
5.197661619915938669e-02
5.203622972978227956e-02
5.209561702309734033e-02
5.215477936454407382e-02
5.221371802984189903e-02
5.227243428508204781e-02
5.233092938681871420e-02
5.238920458215809428e-02
5.244726110884720405e-02
5.250510019536167028e-02
5.256272306099213365e-02
5.262013091593009673e-02
5.267732496135260623e-02
5.273430638950621363e-02
5.279107638378921497e-02
5.284763611883427914e-02
5.290398676058927219e-02
5.296012946639686025e-02
5.301606538507458444e-02
5.307179565699263191e-02
5.312732141415155152e-02
5.318264378025880368e-02
5.323776387080456085e-02
5.329268279313686962e-02
5.334740164653534178e-02
5.340192152228542821e-02
5.345624350374986178e-02
5.351036866644096057e-02
5.356429807809176546e-02
5.361803279872584538e-02
5.367157388072726909e-02
5.372492236892539852e-02
5.377807930059630426e-02
5.383104570563063129e-02
5.388382260653257205e-02
5.393641101850280006e-02
5.398881194950372331e-02
5.404102640032323879e-02
5.409305536463909769e-02
5.414489982908160526e-02
5.419656077329615407e-02
5.424803917000484144e-02
5.429933598506739290e-02
5.435045217754194691e-02
5.440138869974420199e-02
5.445214649730731327e-02
5.450272650923984608e-02
5.455312966798411822e-02
5.460335689947259930e-02
5.465340912318619737e-02
5.470328725220865995e-02
5.475299219328330635e-02
5.480252484686737313e-02
5.485188610718660929e-02
5.490107686228895556e-02
5.495009799409794615e-02
5.499895037846541657e-02
5.504763488522348980e-02
5.509615237823634049e-02
5.514450371545140395e-02
5.519268974894953050e-02
5.524071132499563941e-02
5.528856928408770743e-02
5.533626446100611829e-02
5.538379768486217936e-02
5.543116977914580579e-02
5.547838156177384294e-02
5.552543384513636271e-02
5.557232743614376469e-02
5.561906313627235088e-02
5.566564174161076073e-02
5.571206404290446335e-02
5.575833082560102683e-02
5.580444286989408309e-02
5.585040095076720945e-02
5.589620583803758813e-02
5.594185829639858332e-02
5.598735908546287332e-02
5.603270895980408395e-02
5.607790866899850513e-02
5.612295895766672427e-02
5.616786056551442696e-02
5.621261422737269808e-02
5.625722067323796205e-02
5.630168062831239495e-02
5.634599481304244928e-02
5.639016394315807257e-02
5.643418872971137090e-02
5.647806987911443977e-02
5.652180809317763899e-02
5.656540406914642438e-02
5.660885849973873452e-02
5.665217207318176684e-02
5.669534547324805995e-02
5.673837937929160358e-02
5.678127446628356001e-02
5.682403140484723614e-02
5.686665086129349955e-02
5.690913349765483464e-02
5.695147997172031462e-02
5.699369093706896372e-02
5.703576704310339696e-02
5.707770893508365417e-02
5.711951725415953529e-02
5.716119263740385148e-02
5.720273571784434408e-02
5.724414712449582554e-02
5.728542748239226490e-02
5.732657741261762419e-02
5.736759753233766634e-02
5.740848845483029206e-02
5.744925078951643171e-02
5.748988514199021571e-02
5.753039211404872844e-02
5.757077230372228960e-02
5.761102630530309798e-02
5.765115470937520747e-02
5.769115810284275447e-02
5.773103706895912901e-02
5.777079218735467481e-02
5.781042403406533303e-02
5.784993318156039788e-02
5.788932019876938395e-02
5.792858565111061453e-02
5.796773010051720076e-02
5.800675410546415889e-02
5.804565822099502781e-02
5.808444299874823691e-02
5.812310898698325179e-02
5.816165673060597063e-02
5.820008677119475893e-02
5.823839964702573480e-02
5.827659589309783228e-02
5.831467604115775361e-02
5.835264061972425531e-02
5.839049015411337806e-02
5.842822516646198339e-02
5.846584617575234510e-02
5.850335369783515871e-02
5.854074824545410505e-02
5.857803032826811029e-02
5.861520045287560432e-02
5.865225912283669740e-02
5.868920683869618959e-02
5.872604409800596947e-02
5.876277139534782923e-02
5.879938922235491972e-02
5.883589806773403819e-02
5.887229841728749968e-02
5.890859075393428679e-02
5.894477555773186550e-02
5.898085330589700193e-02
5.901682447282685651e-02
5.905268953011971744e-02
5.908844894659609492e-02
5.912410318831790024e-02
5.915965271861056696e-02
5.919509799808123085e-02
5.923043948463996289e-02
5.926567763351872631e-02
5.930081289729138838e-02
5.933584572589264972e-02
5.937077656663794500e-02
5.940560586424153966e-02
5.944033406083609750e-02
5.947496159599141574e-02
5.950948890673238290e-02
5.954391642755804681e-02
5.957824459045932275e-02
5.961247382493733982e-02
5.964660455802114902e-02
5.968063721428587542e-02
5.971457221586984332e-02
5.974840998249228430e-02
5.978215093147068449e-02
5.981579547773782646e-02
5.984934403385863688e-02
5.988279701004767253e-02
5.991615481418488542e-02
5.994941785183327543e-02
5.998258652625432230e-02
6.001566123842486111e-02
6.004864238705331925e-02
6.008153036859525953e-02
6.011432557726975601e-02
6.014702840507482606e-02
6.017963924180319557e-02
6.021215847505753671e-02
6.024458649026637191e-02
6.027692367069886759e-02
6.030917039747968333e-02
6.034132704960487592e-02
6.037339400395569378e-02
6.040537163531398135e-02
6.043726031637652873e-02
6.046906041776931029e-02
6.050077230806277795e-02
6.053239635378462880e-02
6.056393291943554247e-02
6.059538236750183771e-02
6.062674505847001627e-02
6.065802135084064073e-02
6.068921160114143509e-02
6.072031616394146791e-02
6.075133539186416964e-02
6.078226963560087737e-02
6.081311924392382440e-02
6.090080623948065930e-02
6.093140995991755404e-02
6.096193029147048414e-02
6.099236757450229862e-02
6.102272214752593738e-02
6.105299434721705998e-02
6.108318450842675773e-02
6.111329296419332202e-02
6.114332004575523394e-02
6.117326608256262732e-02
6.120313140228983428e-02
6.123291633084673724e-02
6.126262119239150872e-02
6.129224630934163032e-02
6.132179200238571659e-02
6.135125859049533892e-02
6.138064639093618324e-02
6.140995571927995722e-02
6.143918688941460426e-02
6.146834021355715438e-02
6.149741600226305005e-02
6.152641456443866397e-02
6.155533620735123557e-02
6.158418123664019528e-02
6.161294995632796145e-02
6.164164266883037646e-02
6.167025967496728156e-02
6.169880127397342484e-02
6.172726776350864752e-02
6.175565943966801474e-02
6.178397659699230715e-02
6.181221952847823498e-02
6.184038852558873534e-02
6.186848387826224260e-02
6.189650587492370737e-02
6.192445480249347822e-02
6.195233094639773785e-02
6.198013459057796770e-02
6.200786601750069016e-02
6.203552550816679445e-02
6.206311334212138986e-02
6.209062979746293731e-02
6.211807515085268627e-02
6.214544967752416715e-02
6.217275365129182330e-02
6.219998734456072542e-02
6.222715102833553669e-02
6.225424497222897813e-02
6.228126944447143210e-02
6.230822471191943546e-02
6.233511104006458914e-02
6.236192869304213460e-02
6.238867793363958580e-02
6.241535902330574981e-02
6.244197222215838727e-02
6.252146145694739698e-02
6.254787246185170013e-02
6.257421651870817558e-02
6.260049388174987461e-02
6.262670480392426575e-02
6.265284953690125613e-02
6.267892833108132389e-02
6.270494143560367828e-02
6.273088909835353166e-02
6.275677156597100903e-02
6.278258908385794812e-02
6.280834189618628161e-02
6.283403024590561436e-02
6.285965437475068973e-02
6.288521452324905003e-02
6.291071093072875264e-02
6.293614383532564194e-02
6.296151347399081555e-02
6.298682008249772979e-02
6.301206389545008224e-02
6.303724514628858411e-02
6.306236406729834321e-02
6.308742088961596939e-02
6.311241584323643017e-02
6.313734915702060024e-02
6.316222105870197834e-02
6.318703177489340406e-02
6.321178153109416331e-02
6.323647055169703823e-02
6.326109905999430238e-02
6.328566727818579762e-02
6.331017542738420767e-02
6.333462372762244108e-02
6.335901239786004280e-02
6.338334165598991099e-02
6.340761171884462533e-02
6.343182280220269198e-02
6.345597512079542701e-02
6.348006888831289607e-02
6.350410431741015937e-02
6.352808161971401635e-02
6.355200100582866773e-02
6.357586268534243246e-02
6.359966686683332648e-02
6.362341375787533559e-02
6.364710356504474364e-02
6.367073649392562817e-02
6.369431274911624419e-02
6.371783253423451976e-02
6.374129605192430104e-02
6.376470350386101438e-02
6.378805509075730074e-02
6.381135101236903862e-02
6.383459146750070090e-02
6.385777665401146108e-02
6.388090676882030028e-02
6.390398200791200245e-02
6.392700256634228917e-02
6.394996863824384259e-02
6.397288041683119042e-02
6.399573809440659011e-02
6.401854186236508037e-02
6.404129191120003228e-02
6.406398843050836733e-02
6.408663160899574773e-02
6.410922163448198874e-02
6.413175869390622119e-02
6.415424297333177650e-02
6.417667465795173776e-02
6.419905393209368594e-02
6.422138097922466815e-02
6.424365598195683202e-02
6.426587912205170006e-02
6.428805058042555420e-02
6.431017053715382126e-02
6.433223917147679050e-02
6.435425666180366600e-02
6.437622318571775692e-02
6.439813891998130702e-02
6.442000404053976892e-02
6.444181872252713328e-02
6.446358314027034186e-02
6.448529746729395051e-02
6.450696187632429246e-02
6.452857653929491843e-02
6.455014162735039918e-02
6.457165731085159899e-02
6.459312375937900641e-02
6.461454114173831309e-02
6.463590962596446610e-02
6.465722937932585901e-02
6.467850056832882832e-02
6.469972335872195557e-02
6.472089791550059146e-02
6.474202440291085270e-02
6.476310298445409064e-02
6.478413382289066602e-02
6.480511708024494499e-02
6.482605291780851875e-02
6.484694149614511627e-02
6.486778297509432356e-02
6.488857751377563599e-02
6.490932527059262158e-02
6.493002640323716768e-02
6.495068106869272828e-02
6.497128942323932010e-02
6.499185162245652014e-02
6.501236782122807312e-02
6.503283817374544418e-02
6.505326283351162142e-02
6.507364195334525148e-02
6.509397568538416445e-02
6.511426418108931524e-02
6.513450759124855827e-02
6.515470606598006142e-02
6.517485975473663595e-02
6.519496880630884506e-02
6.521503336882891744e-02
6.523505358977435553e-02
6.525502961597157148e-02
6.527496159359949535e-02
6.529484966819301683e-02
6.531469398464662124e-02
6.533449468721796993e-02
6.535425191953120327e-02
6.537396582458057659e-02
6.539363654473398513e-02
6.541326422173610045e-02
6.543284899671192312e-02
6.545239101017033545e-02
6.547189040200737664e-02
6.549134731150918487e-02
6.551076187735602185e-02
6.553013423762490963e-02
6.554946452979329430e-02
6.556875289074240443e-02
6.558799945675986010e-02
6.560720436354336438e-02
6.562636774620425606e-02
6.564548973926975783e-02
6.566457047668683433e-02
6.568361009182499544e-02
6.570260871747954368e-02
6.572156648587462735e-02
6.574048352866637690e-02
6.575935997694565271e-02
6.577819596124148682e-02
6.579699161152385845e-02
6.581574705720677487e-02
6.583446242715104701e-02
6.585313784966748130e-02
6.587177345251973848e-02
6.589036936292713698e-02
6.590892570756781699e-02
6.592744261258107197e-02
6.594592020357112339e-02
6.596435860560892483e-02
6.598275794323554821e-02
6.600111834046507031e-02
6.601943992078720957e-02
6.603772280717004617e-02
6.605596712206249221e-02
6.607417298739781675e-02
6.609234052459561637e-02
6.611046985456472957e-02
6.612856109770631763e-02
6.614661437391577969e-02
6.616462980258602800e-02
6.618260750260984704e-02
6.620054759238269693e-02
6.621845018980487829e-02
6.623631541228458541e-02
6.625414337674043197e-02
6.627193419960367149e-02
6.628968799682102842e-02
6.630740488385705733e-02
6.632508497569680750e-02
6.634272838684801554e-02
6.636033523134399204e-02
6.637790562274598072e-02
6.639543967414499037e-02
6.641293749816501446e-02
6.643039920696530709e-02
6.644782491224218712e-02
6.646521472523225782e-02
6.648256875671426647e-02
6.649988711701121380e-02
6.651716991599340711e-02
6.653441726308029214e-02
6.655162926724281225e-02
6.656880603700585097e-02
6.658594768045036916e-02
6.660305430521579195e-02
6.662012601850206273e-02
6.663716292707205779e-02
6.665416513725416769e-02
6.667113275494349067e-02
6.668806588560485804e-02
6.670496463427522116e-02
6.672182910556484492e-02
6.673865940366041638e-02
6.675545563232673785e-02
6.677221789490864201e-02
6.678894629433393404e-02
6.680564093311458507e-02
6.682230191334928571e-02
6.683892933672549996e-02
6.685552330452160241e-02
6.687208391760848802e-02
6.688861127645226445e-02
6.690510548111577860e-02
6.692156663126100358e-02
6.693799482615073182e-02
6.695439016465071225e-02
