# game: leduc_poker 
# eval_every: 1 
# num_iterations: 200 
# num_players: 2 
# bootstrap: False 
# truncate_negative: False 
# buffer_size: -1 
# num_hidden_layers: 2 
# num_hidden_units: 15 
# num_hidden_factors: 0 
# use_skip_connections: True 
# num_epochs: 200 
# batch_size: 5000 
# step_size: 0.01 
# 
2.441404857306487486e+00
2.174348957444725450e+00
1.879346040041436572e+00
1.634582985912151232e+00
1.397684431007287564e+00
1.239733243582225475e+00
1.155965572475394998e+00
1.079553660841298779e+00
1.003102146592601329e+00
9.455537285110311441e-01
9.090037630105395339e-01
8.785608593442131298e-01
8.516599283506665063e-01
8.241562568308946624e-01
8.025016854279644063e-01
7.947066853419897381e-01
7.934725210483710711e-01
7.932315510235125045e-01
7.912197089911905401e-01
7.895732252232976478e-01
7.897389995532527740e-01
7.876568780213399901e-01
7.899252886237915217e-01
7.903340489370812572e-01
7.877670279703747891e-01
7.828062442054946057e-01
7.777038423118237676e-01
7.696326393605822380e-01
7.618252544065307053e-01
7.574686434478149488e-01
7.589050003710464676e-01
7.616492426635252944e-01
7.653766995489970082e-01
7.691042342729034198e-01
7.706136982270714864e-01
7.770649355771481748e-01
7.808931510255454622e-01
7.845175377593188726e-01
7.886465984045756272e-01
7.901942914540114327e-01
7.900813064085381310e-01
7.893325676186084827e-01
7.874505045359836419e-01
7.838526143667993162e-01
7.810116425927343675e-01
7.797669784236669344e-01
7.779097134503422106e-01
7.751665382378895019e-01
7.731810467043636059e-01
7.711701827493353534e-01
7.692698927747257942e-01
7.672036857902977403e-01
7.680625371447802330e-01
7.654045701065140817e-01
7.652398480916220436e-01
7.645025491170862608e-01
7.661576412640106470e-01
7.672168325861506988e-01
7.690417370090999460e-01
7.729195629847457338e-01
7.744563177778702734e-01
7.736608123099710799e-01
7.725777047654265317e-01
7.717022072086250351e-01
7.713066819218841186e-01
7.713711618403266135e-01
7.708094933111081515e-01
7.707619474832969608e-01
7.700326715113305909e-01
7.691466740863495133e-01
7.687985804495953701e-01
7.681183675295940594e-01
7.678065706145742464e-01
7.683056783097115261e-01
7.687822166756689279e-01
7.696135805752007952e-01
7.696556085591046426e-01
7.713276345471834494e-01
7.727585879193286100e-01
7.735816007401723482e-01
7.751670175208378311e-01
7.765697812843355141e-01
7.778704029441836365e-01
7.788456201093501008e-01
7.797195924125475130e-01
7.804223722351779635e-01
7.800836764431839931e-01
7.806003113118484826e-01
7.807344682938632818e-01
7.803248117312715504e-01
7.801972002625129354e-01
7.805150103506834913e-01
7.805504609373679070e-01
7.799285044924630927e-01
7.786102112407640163e-01
7.785815297245015643e-01
7.774197734207994870e-01
7.773584120264374064e-01
7.769112037794070336e-01
7.758114275228135126e-01
7.743894515539573309e-01
7.730757110085061390e-01
7.716773150098402700e-01
7.708179779267387843e-01
7.702140302137867600e-01
7.691677110457197930e-01
7.688317119479733952e-01
7.689263623899179612e-01
7.683935583236047862e-01
7.677856570658485591e-01
7.671357689530964308e-01
7.673946729770924069e-01
7.682555793081159434e-01
7.686941834461147316e-01
7.691765984160205960e-01
7.696698237554111532e-01
7.699062278741899412e-01
7.704388345604452626e-01
7.709343478600293453e-01
7.716248037475582633e-01
7.728113011696583490e-01
7.737162159623754976e-01
7.749074323981685053e-01
7.762747125339664045e-01
7.769742417728993100e-01
7.783129692357596552e-01
7.791804519510761029e-01
7.797893767834690459e-01
7.806543824973665169e-01
7.821142004732086761e-01
7.834726850118314267e-01
7.845021258589708335e-01
7.865407231301757562e-01
7.889210565250588392e-01
7.913877322753055665e-01
7.931526523035778986e-01
7.954725162031397456e-01
7.979173151416414367e-01
7.998354624207428820e-01
8.020788275642867227e-01
8.039276495747100792e-01
8.056194454986411735e-01
8.071308348865740001e-01
8.090397446583549312e-01
8.103186415432104273e-01
8.112014992537917024e-01
8.121159711233147949e-01
8.128134560574014067e-01
8.137897633170996237e-01
8.145102854716947949e-01
8.150493025311409401e-01
8.157134458811030608e-01
8.163457047278964707e-01
8.166779263923164001e-01
8.171560743680672534e-01
8.177839052389090924e-01
8.188212325770807265e-01
8.199496520035436387e-01
8.207570297856581210e-01
8.217132914779363695e-01
8.231380824191131262e-01
8.238993492958535114e-01
8.243287311521503291e-01
8.251440363724932281e-01
8.258059917471305411e-01
8.265831843913975518e-01
8.271475959361338504e-01
8.276498163748235992e-01
8.283353835510954832e-01
8.291621055291161779e-01
8.298578551162316685e-01
8.304771168387429237e-01
8.303905190893396959e-01
8.305915812525264119e-01
8.312945936599771546e-01
8.311473860860449925e-01
8.316612554256066492e-01
8.314275995748570125e-01
8.314798109979515406e-01
8.314413558767761447e-01
8.311063306311581300e-01
8.308260143856756041e-01
8.309507297441330875e-01
8.316869281054282137e-01
8.325777877699158669e-01
8.337193503188042865e-01
8.348843165528920807e-01
8.363737901538810249e-01
8.377054451645926658e-01
8.389669968483386420e-01
8.398918529647245723e-01
8.412389156476081098e-01
8.423468615265069515e-01
8.433362023407946495e-01
8.447055291016568601e-01
8.458103356741071277e-01
8.466334329012252802e-01
8.473979996872409437e-01
8.481586979681174920e-01
8.485838034579694655e-01
