# game: leduc_poker 
# eval_every: 1 
# num_iterations: 500 
# num_players: 2 
# bootstrap: False 
# truncate_negative: False 
# buffer_size: -1 
# num_hidden_layers: 2 
# num_hidden_units: 15 
# num_hidden_factors: 0 
# use_skip_connections: True 
# num_epochs: 200 
# batch_size: 5000 
# step_size: 0.01 
# 
2.602755356080142413e+00
2.086811487610477300e+00
1.697664482126396646e+00
1.466846175186844903e+00
1.252057936125048787e+00
1.121023635273376007e+00
9.927699753344968459e-01
9.186806563525611313e-01
8.740944380129120894e-01
8.380934895829199593e-01
8.081279743484728328e-01
7.816744603108565226e-01
7.586720687769616944e-01
7.468696646719237275e-01
7.303930934024021049e-01
7.188551468059729554e-01
7.115592117418222395e-01
6.965957197639690568e-01
6.803181625342902272e-01
6.744236516794259728e-01
6.643895418439396128e-01
6.582616186755474441e-01
6.530315417584239279e-01
6.522392494012758668e-01
6.513402760667807989e-01
6.573529813496672425e-01
6.606828485576073939e-01
6.671610248360886342e-01
6.747612058071585928e-01
6.802789318864627122e-01
6.808942324044503502e-01
6.793384678217985195e-01
6.837623717809295787e-01
6.868659045166695121e-01
6.885257465191180204e-01
6.885672854578001045e-01
6.926163921057763018e-01
6.953471180473428381e-01
6.984267282803904298e-01
6.988187411102119162e-01
6.984452801942423461e-01
6.995030277936020724e-01
6.982895144094329876e-01
6.959267091977044961e-01
6.928897474891900776e-01
6.896741322406824137e-01
6.865602714496646941e-01
6.852099541193725774e-01
6.834648069084483524e-01
6.850471534778266314e-01
6.867334242968993196e-01
6.852940391344523041e-01
6.841153604640879404e-01
6.835551604554082061e-01
6.815027765295732509e-01
6.808087177752911723e-01
6.790743375952817962e-01
6.766608779432603527e-01
6.762724235016155383e-01
6.751630904569398961e-01
6.736970958161861978e-01
6.724700438698676397e-01
6.712188878232884237e-01
6.712370886288941962e-01
6.714390842178006302e-01
6.720904709925190623e-01
6.700461253591617483e-01
6.692936328790231038e-01
6.678528219891655127e-01
6.654271886166635008e-01
6.625097662390615483e-01
6.618843874729209986e-01
6.620793425719155856e-01
6.604576516235842742e-01
6.590537847355302237e-01
6.593692899460549262e-01
6.611359749700403965e-01
6.618369935131465098e-01
6.619636072158361362e-01
6.635968137508390097e-01
6.643004294514103236e-01
6.657133656174631930e-01
6.665883757365624884e-01
6.694009390984716479e-01
6.693668993110681864e-01
6.700791551642094612e-01
6.691503014397672811e-01
6.683426575727700047e-01
6.676774286515987367e-01
6.663492088187870088e-01
6.652812929273566045e-01
6.643418020299458604e-01
6.643958062313525259e-01
6.633437344276109648e-01
6.624517775471406855e-01
6.606323994527225629e-01
6.592534722515661638e-01
6.569864538390113307e-01
6.548685952319917014e-01
6.525550284943371082e-01
6.503514382326636145e-01
6.489311787523749375e-01
6.463237246317147244e-01
6.435579337300614267e-01
6.415360186471211756e-01
6.392189670426863257e-01
6.361788534345338419e-01
6.328653383985980430e-01
6.301509760880295019e-01
6.276436751468299491e-01
6.250023900261094667e-01
6.216709552943106010e-01
6.188398849638974131e-01
6.160361927017546924e-01
6.146764418159044174e-01
6.137023440036739608e-01
6.121140745596698185e-01
6.099422085959104178e-01
6.089784657497916420e-01
6.078174503758269065e-01
6.073938430217863393e-01
6.064447716328373872e-01
6.056263974300004627e-01
6.049157521874362065e-01
6.042621517523628638e-01
6.039242224849777907e-01
6.034812242246163638e-01
6.033338526439930849e-01
6.035201403429559797e-01
6.032566762865989585e-01
6.031339761941183486e-01
6.039649148576711202e-01
6.054145875585106307e-01
6.064094388176907158e-01
6.071552396884785097e-01
6.087462193076077499e-01
6.103496700840224110e-01
6.114679959979648638e-01
6.125830899791122608e-01
6.130140454181750576e-01
6.131711635015504314e-01
6.134848156132377550e-01
6.135749589530624659e-01
6.141303658713824776e-01
6.143535570832101556e-01
6.143898085756023253e-01
6.148841657018484508e-01
6.155687458278060742e-01
6.157368188078466975e-01
6.159693854079647535e-01
6.171814848640022610e-01
6.173954652290297718e-01
6.178389150638116112e-01
6.181999471932371204e-01
6.186714946674042315e-01
6.187254451790423770e-01
6.191243384924163262e-01
6.198371049803680366e-01
6.205676651985962966e-01
6.216522046737540386e-01
6.222874466888331790e-01
6.232143859961357668e-01
6.247691083190405337e-01
6.257391154813946033e-01
6.270518291862978710e-01
6.284446356517193744e-01
6.295484334962661022e-01
6.303188822201193364e-01
6.312723412720588900e-01
6.320248572961790767e-01
6.325185682434387724e-01
6.333897256256437736e-01
6.339276162101246115e-01
6.341295427720731182e-01
6.340270333007737014e-01
6.341521814031432225e-01
6.342408154414441723e-01
6.345400451245113427e-01
6.344691934310348058e-01
6.341676480895519497e-01
6.338942813623322792e-01
6.335004045841203801e-01
6.334530395847586259e-01
6.332370564799366663e-01
6.328360089584283976e-01
6.327163250721598020e-01
6.329273768983016968e-01
6.327059145265094831e-01
6.326187098322604285e-01
6.326190039896899542e-01
6.326803749820751888e-01
6.327136261010823937e-01
6.329374218644304717e-01
6.327779404750109027e-01
6.327335232721065239e-01
6.324568096977051246e-01
6.320356615460189786e-01
6.323400142546008462e-01
6.321840424788073287e-01
6.322485441637687442e-01
6.328186048136484887e-01
6.327942788142890684e-01
6.326970185664742008e-01
6.331065449507204956e-01
6.331913653211826976e-01
6.333168653758669553e-01
6.335294689982036154e-01
6.333381026116664536e-01
6.331191567717384672e-01
6.331322490244970513e-01
6.331829725228423911e-01
6.338939906858180873e-01
6.340315231203998980e-01
6.340139711436720837e-01
6.343373994698104923e-01
6.350393180733200360e-01
6.353031748445114868e-01
6.355997309237879644e-01
6.361487015562032887e-01
6.370165873266191436e-01
6.377309219771617466e-01
6.388266876664956406e-01
6.398855183619825970e-01
6.410073103875868483e-01
6.421236714622192698e-01
6.430120738974411942e-01
6.440641529446149427e-01
6.450637397637345449e-01
6.460146542091863564e-01
6.468904845117369184e-01
6.476977713345131171e-01
6.483474006414400304e-01
6.489347866981715063e-01
6.495268489520675814e-01
6.498913301696344069e-01
6.504927857380808920e-01
6.511346748183444166e-01
6.517705392505432904e-01
6.521312602224467181e-01
6.524972045947372568e-01
6.527262153856715488e-01
6.531770668098340060e-01
6.537971873709056414e-01
6.542759190482363429e-01
6.549891415349431423e-01
6.553537974126903976e-01
6.557266209060867990e-01
6.561181472726808073e-01
6.566006475142613930e-01
6.570578279655076015e-01
6.572937007121271158e-01
6.577776092760905247e-01
6.582556398320893454e-01
6.587967729420300955e-01
6.594635569228337602e-01
6.602905366393780895e-01
6.610399566524244319e-01
6.617123834944027561e-01
6.621305007204373316e-01
6.624224923781791841e-01
6.620419177463354732e-01
6.622957379309746262e-01
6.623577190976110973e-01
6.614880667144716897e-01
6.611659183311835442e-01
6.608200283791805241e-01
6.608227606822092426e-01
6.603817806778095045e-01
6.598205644972705564e-01
6.594362204141561712e-01
6.589490235060105894e-01
6.583401617123718630e-01
6.578558893307120403e-01
6.574378434461649601e-01
6.572191547411583290e-01
6.566827437572759774e-01
6.564405859987495484e-01
6.559419987711789801e-01
6.552988752834707498e-01
6.550166998135498186e-01
6.547414363420323014e-01
6.548180543311195034e-01
6.548483112529459582e-01
6.550707598389200470e-01
6.550705704589148137e-01
6.548386051287253817e-01
6.549406931025920642e-01
6.553754952246391152e-01
6.554702681027442246e-01
6.549376973868217267e-01
6.551783245619149376e-01
6.553922438118308103e-01
6.551748283544743812e-01
6.554723897609089356e-01
6.555519280883629341e-01
6.558638036390773696e-01
6.562764181260261065e-01
6.565681390419031427e-01
6.568951297841016945e-01
6.572198147526435719e-01
6.579910821782262165e-01
6.580862224185008991e-01
6.583954342372033697e-01
6.586973929184850585e-01
6.590588616394017496e-01
6.594446945753361655e-01
6.595799901039433033e-01
6.594742291722578420e-01
6.595398736330573275e-01
6.594945387222517219e-01
6.594666226404405363e-01
6.591973483844990600e-01
6.589777207472812259e-01
6.585746684318087851e-01
6.583099410668198370e-01
6.576467611894423193e-01
6.571316458529198323e-01
6.569071183726952201e-01
6.564881123894550363e-01
6.561282385085449587e-01
6.558622053629231674e-01
6.556733185510470463e-01
6.555753158892800858e-01
6.553415131690484285e-01
6.551928586815909394e-01
6.551892776073844349e-01
6.551418641190609460e-01
6.550710942194865050e-01
6.550979960281868575e-01
6.551478846718021831e-01
6.552452854039213515e-01
6.554102262507959242e-01
6.555244102713380094e-01
6.556798819714544369e-01
6.558883493915941276e-01
6.560953773523894306e-01
6.561645162419484922e-01
6.563492260250622934e-01
6.565201420191121295e-01
6.564917514926665865e-01
6.566202603509437852e-01
6.566866592164251060e-01
6.565609602102000508e-01
6.565693264732085366e-01
6.565188707591657069e-01
6.564842596837190403e-01
6.565592313478705311e-01
6.564634097304005156e-01
6.566041965671449709e-01
6.566964309598655181e-01
6.566323490871945889e-01
6.567843894046918596e-01
6.567947248607495236e-01
6.563943907428080315e-01
6.561968033400620293e-01
6.562142118120570800e-01
6.561243614269327562e-01
6.558220110849247719e-01
6.554269200354939651e-01
6.551344024106380282e-01
6.551428463423969450e-01
6.548595189791268645e-01
6.545015360253614300e-01
6.542741254398560802e-01
6.540496135300171154e-01
6.540119121941372349e-01
6.537849081586502020e-01
6.536163172305603508e-01
6.534662540668181308e-01
6.531577953927411029e-01
6.528292001111046794e-01
6.527447080320112338e-01
6.525107300343518935e-01
6.521974342118733725e-01
6.519737163983820860e-01
6.517454006012524115e-01
6.513589592762016878e-01
6.510446780830303481e-01
6.508182717147912300e-01
6.505861677249420438e-01
6.504418744582669554e-01
6.501969539756762284e-01
6.501668964477793633e-01
6.500195729788054155e-01
6.498947643857120315e-01
6.498467674041195075e-01
6.497965556020441902e-01
6.497381346322139706e-01
6.498380554437077627e-01
6.497984333159442238e-01
6.496514443262138006e-01
6.497349643870145020e-01
6.495554356007362529e-01
6.495080889405779878e-01
6.494254364058407170e-01
6.494584703290695593e-01
6.494865473746465057e-01
6.495646818201310513e-01
6.495412328553924475e-01
6.496882567453466928e-01
6.498868617443280815e-01
6.501672834810982016e-01
6.505037700561303593e-01
6.506419655104385136e-01
6.509705245161002685e-01
6.513052254131179719e-01
6.515427435384448795e-01
6.519190163982360176e-01
6.522070610197525653e-01
6.526042465023793593e-01
6.528361266807047869e-01
6.528711405849829674e-01
6.531186223281506553e-01
6.532385785248246979e-01
6.535140779351553686e-01
6.536745524257361328e-01
6.536568650305160100e-01
6.538553114532995592e-01
6.541197305978911913e-01
6.542403342029694535e-01
6.543839950452359222e-01
6.543109586922930543e-01
6.543984212683071622e-01
6.544980448404525974e-01
6.543799986059719576e-01
6.543474932500381591e-01
6.541795152909586353e-01
6.543168049351582027e-01
6.542110483091678752e-01
6.542329500536205877e-01
6.542775263994519142e-01
6.542070527888074194e-01
6.540718479566378640e-01
6.539162859533499406e-01
6.540807300024302773e-01
6.540161696202608788e-01
6.540240714574765413e-01
6.540701617282069780e-01
6.540463999694092756e-01
6.540169291641622085e-01
6.539724367184913678e-01
6.539893260850196954e-01
6.539114653919896325e-01
6.537724005569924834e-01
6.538993262833197040e-01
6.540365442159836729e-01
6.541467160117033774e-01
6.542231399580322737e-01
6.543240641565262194e-01
6.545066336830182019e-01
6.546035383872182978e-01
6.547310736591003266e-01
6.548283382102104699e-01
6.550255764093609878e-01
6.552549272172718542e-01
6.553339162844119548e-01
6.554110534970505331e-01
6.557143290343221409e-01
6.559438471938394688e-01
6.562335087825956759e-01
6.564918505666615944e-01
6.566145131464466989e-01
6.567783473627504254e-01
6.571122066021272135e-01
6.574027501158883346e-01
6.576550779925682821e-01
6.578904563200513866e-01
6.581403708854673962e-01
6.584732776034034618e-01
6.586949892186151345e-01
6.589828797472131461e-01
6.591489256065348190e-01
6.594372249288107390e-01
6.597096997391327378e-01
6.599274119167117814e-01
6.601285813528929847e-01
6.602670225127110770e-01
6.604059544920964919e-01
6.605107926213658054e-01
6.606494702754721615e-01
6.607684908989697181e-01
6.609149705789360008e-01
6.610053341142628769e-01
6.611190867895810896e-01
6.612294494861559180e-01
6.612551392067426148e-01
6.613779528403347374e-01
6.615473027940810269e-01
6.616327332501852343e-01
6.616981268594182009e-01
6.617613527361787540e-01
6.618357622955423070e-01
6.619218601846743599e-01
6.619149882458665868e-01
6.618697728104405709e-01
6.617596143378109419e-01
6.617155956178575327e-01
6.617786745273217530e-01
6.618147944105898794e-01
6.618417373641852786e-01
