# game: leduc_poker 
# eval_every: 1 
# num_iterations: 1000 
# num_players: 2 
# bootstrap: False 
# truncate_negative: False 
# buffer_size: -1 
# num_hidden_layers: 2 
# num_hidden_units: 15 
# num_hidden_factors: 0 
# use_skip_connections: True 
# num_epochs: 200 
# batch_size: 100 
# step_size: 0.01 
# 
2.265360247302050212e+00
1.685375858915473035e+00
1.267621089870792916e+00
1.036219195220672962e+00
9.098401344780370215e-01
8.090723838669096057e-01
7.425493136442005149e-01
6.844483894066060170e-01
6.520321107974356156e-01
6.295636638412855923e-01
6.049831830642347086e-01
5.855549411346241406e-01
5.722192011610666151e-01
5.579419248776482654e-01
5.509149300868385613e-01
5.464701627809962492e-01
5.433281290370328698e-01
5.442140559782803200e-01
5.507061958873862295e-01
5.582196669842341974e-01
5.592623842558432923e-01
5.634863319987628572e-01
5.526300363494712764e-01
5.393540742402105348e-01
5.309900494848722730e-01
5.281323624608313949e-01
5.201857404025675979e-01
5.161068681476441711e-01
5.160255984067521062e-01
5.125374243513809436e-01
5.015015746923571216e-01
4.941073783586090729e-01
4.872517518141383785e-01
4.898592093403507097e-01
4.865332580601514634e-01
4.878732611771970928e-01
4.876449117611240114e-01
4.851343996085301091e-01
4.855509146537247411e-01
4.854563878321157544e-01
4.880902713050071506e-01
4.893216435563032540e-01
4.931861091668259811e-01
4.935057715735962636e-01
4.948343510419845326e-01
4.929467776393832157e-01
4.897593676124584183e-01
4.905035988180180273e-01
4.886239966293210446e-01
4.845542482332285683e-01
4.834613590550457807e-01
4.794303635313670320e-01
4.779330922065551102e-01
4.747329308877775711e-01
4.662962777340515785e-01
4.665008427813812641e-01
4.668291514091407191e-01
4.672957469689723031e-01
4.631138612306681113e-01
4.592191659107878188e-01
4.566003867300885144e-01
4.548215486558979670e-01
4.539473724719249592e-01
4.514997303560578934e-01
4.502687509019971945e-01
4.472868522185373119e-01
4.444249975367609018e-01
4.455518045925487836e-01
4.445639180652374844e-01
4.424234531031304707e-01
4.432578051329787439e-01
4.412823051329984314e-01
4.425386956266957328e-01
4.434278420637707829e-01
4.477886474742673872e-01
4.505261039833514114e-01
4.529609873257692820e-01
4.535330541521126468e-01
4.544237459873394780e-01
4.583729047690829339e-01
4.625580774189784750e-01
4.666717722024527060e-01
4.686162772965639101e-01
4.721235349358727795e-01
4.715470111136681464e-01
4.736879889818123579e-01
4.739513690617890851e-01
4.757021052934256033e-01
4.762822947058173439e-01
4.772835455165577723e-01
4.763019342991650640e-01
4.781266260501595422e-01
4.785328525042842340e-01
4.760733719267771225e-01
4.766617832196555771e-01
4.771175552560542044e-01
4.774134524696719284e-01
4.790088634206509655e-01
4.778583215491802871e-01
4.783447566143185226e-01
4.790009386820710535e-01
4.781146287539249640e-01
4.793671776460106670e-01
4.791932633795785712e-01
4.783905592990084221e-01
4.780299035505110039e-01
4.760063704424131181e-01
4.747076390335359108e-01
4.779394712914493137e-01
4.802041154247688737e-01
4.828108612399528710e-01
4.828960533524562782e-01
4.855798432376695617e-01
4.869288685353586055e-01
4.871293316817163488e-01
4.869711523348081439e-01
4.878590192968503825e-01
4.887097711354655982e-01
4.892003977122650338e-01
4.896755040132284575e-01
4.894973898794753309e-01
4.893404366756189949e-01
4.885275362727048987e-01
4.876923229857782482e-01
4.877051560500084149e-01
4.869978439628097067e-01
4.858568112104053593e-01
4.846609583111765041e-01
4.832400565929807490e-01
4.821915020670593521e-01
4.819593726700094338e-01
4.812135953973645242e-01
4.811058871241268298e-01
4.805955584096566202e-01
4.795575921402884800e-01
4.803727739491545634e-01
4.809431464228679509e-01
4.803598626540850902e-01
4.794468064461070433e-01
4.790738667011320562e-01
4.770989642096903349e-01
4.767969606671514371e-01
4.758969886599747068e-01
4.763765524630334536e-01
4.773839455000651322e-01
4.778709499845915643e-01
4.779313862936250268e-01
4.775698472241091674e-01
4.773857661569591571e-01
4.774407893575988715e-01
4.779622135599055355e-01
4.783322964544541867e-01
4.782572187926750762e-01
4.782337406732058982e-01
4.778215557712461314e-01
4.775862636169702635e-01
4.773621422547845716e-01
4.777021461389450163e-01
4.776216314196649604e-01
4.774398454627925004e-01
4.773550974923480572e-01
4.776356891070213662e-01
4.790183163301293678e-01
4.792895426166379202e-01
4.792502041572852534e-01
4.801200242064831425e-01
4.798566382474768188e-01
4.793727065238190810e-01
4.783525040324044797e-01
4.775562279648172259e-01
4.774656031448635263e-01
4.776753507077001748e-01
4.763918235687889524e-01
4.758663204578932326e-01
4.744599100335900044e-01
4.747557458221777216e-01
4.740290798244710668e-01
4.736240532658359537e-01
4.734183208819344180e-01
4.719499580638784608e-01
4.716740547248028381e-01
4.707076356416504126e-01
4.700016859844113881e-01
4.695223718375002853e-01
4.693733023124777581e-01
4.685622779514864167e-01
4.676800325342097553e-01
4.667937384673482848e-01
4.658936603255416919e-01
4.652401013378646977e-01
4.646597227328067570e-01
4.635285942144304894e-01
4.625286650983380654e-01
4.616199521554719132e-01
4.612724376577976848e-01
4.616591425122260062e-01
4.609810618519183389e-01
4.604129962248718066e-01
4.596994889384515837e-01
4.606172861760253201e-01
4.606542886788366209e-01
4.609378670665703059e-01
4.605342280929026755e-01
4.595505116378124089e-01
4.582238612042363046e-01
4.578410843054462886e-01
4.574973103340057579e-01
4.567947023659539862e-01
4.559949074293032090e-01
4.553962708164506767e-01
4.553492129389677956e-01
4.549733192174281182e-01
4.548427278339399749e-01
4.538489517183105781e-01
4.533605265769599102e-01
4.528681998362335537e-01
4.521839402886334569e-01
4.520079974550486046e-01
4.521317077744745339e-01
4.520652420977562258e-01
4.522824476048263320e-01
4.519420106378554403e-01
4.512194394817580223e-01
4.508021285507396447e-01
4.500593150516669638e-01
4.498340700759707600e-01
4.492718844669744693e-01
4.490686351115303343e-01
4.488519713017126156e-01
4.494937249951219127e-01
4.490107603454537299e-01
4.490935263581451453e-01
4.482593050266837076e-01
4.473651371674216004e-01
4.467552544223858946e-01
4.467356891055491719e-01
4.462614824122436707e-01
4.454174352350095401e-01
4.452021474982216231e-01
4.444070603248910234e-01
4.440087561302402674e-01
4.430858837355471369e-01
4.418893403073681503e-01
4.409445698642188716e-01
4.396309501265723840e-01
4.390988828062192817e-01
4.390749560541608032e-01
4.378407352194214619e-01
4.368379813531249045e-01
4.360443033427717219e-01
4.355935646654003346e-01
4.352277407378326579e-01
4.352876825129158300e-01
4.343523079918603647e-01
4.332783198932627089e-01
4.324129506631745334e-01
4.318643807689222514e-01
4.312153622693302157e-01
4.304212507848906299e-01
4.304725810696706789e-01
4.307255811811189217e-01
4.303433820096232432e-01
4.300991155364042862e-01
4.299323795627286726e-01
4.299349877560706412e-01
4.298161894760111901e-01
4.299740122718819779e-01
4.298216631184464953e-01
4.295041792123532320e-01
4.293622021987854587e-01
4.289424487058711710e-01
4.282187561539348430e-01
4.286624462086846554e-01
4.284331389575928295e-01
4.280863495597967416e-01
4.278579778581127480e-01
4.275135448084213530e-01
4.265288053641175803e-01
4.257135422250659662e-01
4.256199188957640045e-01
4.253474580038661412e-01
4.245629649994446808e-01
4.235809877837489745e-01
4.229768012773382213e-01
4.228313713840040067e-01
4.222104407706347984e-01
4.215664835536825916e-01
4.213767173449139980e-01
4.215143143614594190e-01
4.207737160907898399e-01
4.201551242946246489e-01
4.198045672527767058e-01
4.189898856007996941e-01
4.184526379900493920e-01
4.175794499686766303e-01
4.168749335459651650e-01
4.164387753535040981e-01
4.156738908947967825e-01
4.150799655125361198e-01
4.147736029964965154e-01
4.137868936914804729e-01
4.130700005564773569e-01
4.121488205464335364e-01
4.112146289487220163e-01
4.105112128966309504e-01
4.100168162915620029e-01
4.092866707667714987e-01
4.090996619422140324e-01
4.083610873113647233e-01
4.082053492093113967e-01
4.079374361612043143e-01
4.076282120112445506e-01
4.079496205185818569e-01
4.074434991726031408e-01
4.073760243368117484e-01
4.069002974618327606e-01
4.063817369152383785e-01
4.058805973408610157e-01
4.054950842121830545e-01
4.053494656211984459e-01
4.049522110089106564e-01
4.046610848772157487e-01
4.044636036871756546e-01
4.043753645507425221e-01
4.041950723456433914e-01
4.038009039942102585e-01
4.037707130426289592e-01
4.035515129201789897e-01
4.039592419342840079e-01
4.037619867473375423e-01
4.033635684398013677e-01
4.029902825484033002e-01
4.026666865687286156e-01
4.022500086532241337e-01
4.020017103765850530e-01
4.013374858620905039e-01
4.009984698286866989e-01
4.004557674321221894e-01
4.001855052931608814e-01
3.997599598116021169e-01
3.996465268535075999e-01
3.994268925480489729e-01
3.993419528205621738e-01
3.990607590090085033e-01
3.986514935087290823e-01
3.983831713840371158e-01
3.983302496832790141e-01
3.981719180069155373e-01
3.978239141245800137e-01
3.979026736466340086e-01
3.977680963272230419e-01
3.979070073506186800e-01
3.977399561215879675e-01
3.979103122884356525e-01
3.977851859705755500e-01
3.977478451310295648e-01
3.978311997501200459e-01
3.979856659164742738e-01
3.973967594393432168e-01
3.972328852384177100e-01
3.970370744458909806e-01
3.969731117080432803e-01
3.972501329117937852e-01
3.971572968352046207e-01
3.968829892536825388e-01
3.967759323609553190e-01
3.966042874513733274e-01
3.963939440967675365e-01
3.965940378722099258e-01
3.967081673255343777e-01
3.968875005495828834e-01
3.967675511847728598e-01
3.969003735055222082e-01
3.966116488491791547e-01
3.966246208038854415e-01
3.969499055401579657e-01
3.972464153467496484e-01
3.979445291175396360e-01
3.980627066913742240e-01
3.987094958161955249e-01
3.987000150973653012e-01
3.987989091461696667e-01
3.989898624770712443e-01
3.993822848045672780e-01
3.998700532896361515e-01
4.000913683292045553e-01
4.004871918897550676e-01
4.009226957728947993e-01
4.015291403719577490e-01
4.020848126340946793e-01
4.024620060109507791e-01
4.030323943143204746e-01
4.033076914944676017e-01
4.037197239713797292e-01
4.042409272775244200e-01
4.046619188120967880e-01
4.054570473302561151e-01
4.055719227403324911e-01
4.059871179301927646e-01
4.068203109346817392e-01
4.070788473380722028e-01
4.074464892396292837e-01
4.076672920466765104e-01
4.081509273137201022e-01
4.085850844281504468e-01
4.088809252614903911e-01
4.095151904081013594e-01
4.096925517534684702e-01
4.100642657216773124e-01
4.102588093109587053e-01
4.105306952068347170e-01
4.108528774242967696e-01
4.109596320486733623e-01
4.107807186484672690e-01
4.108536900320561847e-01
4.109798662205665920e-01
4.108671871528001285e-01
4.108811140423634378e-01
4.109937598519832758e-01
4.110606128900526901e-01
4.110740863562963310e-01
4.114642024061737624e-01
4.112898298918893358e-01
4.113937652858492555e-01
4.118975075536124297e-01
4.118111832807327399e-01
4.119442787362754821e-01
4.122769788835999316e-01
4.122238299614668922e-01
4.125406263362453863e-01
4.123990664940152540e-01
4.126545948860753654e-01
4.130043291450014031e-01
4.134810909585063810e-01
4.138206582391030786e-01
4.140076578648281824e-01
4.142390488982636843e-01
4.148940389241201343e-01
4.152099704591280527e-01
4.158785329157393962e-01
4.162156621430388448e-01
4.168038400795566756e-01
4.171633966535995275e-01
4.174766735627011283e-01
4.178571533268417015e-01
4.181727329936104631e-01
4.186203133259250864e-01
4.190297529734884896e-01
4.193599608557134761e-01
4.197317777620187540e-01
4.202054776230221833e-01
4.210146529341646238e-01
4.213458410639350227e-01
4.217126962278074931e-01
4.222412697777443435e-01
4.229977549088913547e-01
4.237946051045982654e-01
4.245451098755979036e-01
4.252620161502930762e-01
4.261373726164652820e-01
4.268087588639364882e-01
4.272058332636636258e-01
4.277944245158171732e-01
4.283722810805669079e-01
4.289802933704351395e-01
4.290030456438209683e-01
4.291871422115373091e-01
4.293721668881364528e-01
4.293990850316207752e-01
4.299148077843245042e-01
4.297592309035642710e-01
4.300249082259536282e-01
4.301760740753762802e-01
4.306281886598262165e-01
4.311415250741106320e-01
4.315084826228584025e-01
4.319211703068681629e-01
4.326234704358155048e-01
4.330343400560765499e-01
4.335766020886934746e-01
4.342012381784973174e-01
4.345827113248793561e-01
4.351060969588366190e-01
4.356234000335967305e-01
4.359361086418468423e-01
4.365963271967872039e-01
4.370412313972243945e-01
4.377010305576605198e-01
4.383251422064604608e-01
4.387969859636030590e-01
4.390889447234762044e-01
4.396643908999935402e-01
4.400595833782106059e-01
4.406057544056584674e-01
4.409431603100256725e-01
4.414892769615353374e-01
4.417327346158735346e-01
4.421557217295513098e-01
4.424947783855300854e-01
4.428281296850310467e-01
4.433000201721074007e-01
4.432959443693716972e-01
4.434860510873931405e-01
4.436597614836674253e-01
4.441222247956780889e-01
4.447134287359397753e-01
4.453127862370449552e-01
4.455156735428043024e-01
4.458346957808172473e-01
4.460095259629724973e-01
4.461208964302981195e-01
4.466044820529944115e-01
4.471137626523521424e-01
4.472899500701829067e-01
4.475127536942544726e-01
4.477850945737378852e-01
4.479609199432658673e-01
4.482017387496951000e-01
4.481786792235700201e-01
4.485202556111922423e-01
4.485812393019888988e-01
4.485695225066334002e-01
4.487631169701513101e-01
4.486991512055628073e-01
4.486113367867414770e-01
4.488387443954821032e-01
4.488197595508777171e-01
4.490832068282865630e-01
4.493393252572051577e-01
4.494116681982809891e-01
4.496577049029099604e-01
4.498939074123259330e-01
4.499875863824683853e-01
4.503195099687127279e-01
4.505935748231962856e-01
4.508199259301535200e-01
4.509466908234802673e-01
4.514300927103770955e-01
4.517441065754717600e-01
4.518933823283545759e-01
4.519949058874086489e-01
4.522356975120427891e-01
4.524607595685610217e-01
4.524068707235769926e-01
4.525510220816501006e-01
4.529041485631208341e-01
4.533068541683539787e-01
4.533305428736048581e-01
4.535842596529994220e-01
4.536942816640176512e-01
4.538673736476996901e-01
4.540607588172292930e-01
4.544942272314244081e-01
4.547482613889173297e-01
4.549718565156305461e-01
4.553630323421519743e-01
4.554498799744430282e-01
4.556467585714598090e-01
4.558733390309591682e-01
4.565394741895671959e-01
4.566070608030161071e-01
4.568304306477420917e-01
4.570214423309163498e-01
4.572101648209177527e-01
4.573553151494402780e-01
4.578106338499106642e-01
4.582580142408254620e-01
4.586610855542505583e-01
4.589437991846114229e-01
4.593327571529379760e-01
4.596234775156555208e-01
4.600692339145519560e-01
4.603469466030530866e-01
4.605906290997903163e-01
4.608676651099585797e-01
4.610773406803063690e-01
4.617260022568949740e-01
4.622253567687965581e-01
4.624596668775117214e-01
4.630296177532183255e-01
4.631096508227849351e-01
4.633460119363688179e-01
4.638962724910817848e-01
4.642792983571883969e-01
4.647194336604816844e-01
4.649486820901700401e-01
4.652855026669471261e-01
4.658005402972511533e-01
4.661783969949760964e-01
4.664818793536701369e-01
4.666525805237317082e-01
4.667826580670902392e-01
4.670572240644408901e-01
4.672309073944095337e-01
4.677216664524218581e-01
4.679670395049432274e-01
4.683018461230829543e-01
4.686407495062204220e-01
4.688190467463629885e-01
4.691340974288733534e-01
4.690953146610893354e-01
4.693333250205984353e-01
4.692650805384431800e-01
4.692255722997026313e-01
4.696047456006022247e-01
4.699188628500943210e-01
4.700527892025728183e-01
4.703568382226029909e-01
4.702744693130639919e-01
4.706642026511594357e-01
4.710612888061738723e-01
4.712261957155041148e-01
4.715121237168454216e-01
4.714921694814590003e-01
4.713061873972853588e-01
4.713388202716681241e-01
4.714105813556931368e-01
4.712738094326401894e-01
4.713588040319321437e-01
4.713727502051943130e-01
4.717810450331321181e-01
4.717579193795622960e-01
4.718421655016474814e-01
4.719179217721696795e-01
4.716414893591165391e-01
4.718210835555688432e-01
4.716797697667332590e-01
4.719891308506758976e-01
4.722491929308883507e-01
4.722389952739257657e-01
4.725507579771047739e-01
4.727915546227068888e-01
4.731376350068715597e-01
4.732223900957042706e-01
4.733386313288240888e-01
4.734483998827504481e-01
4.734865236951092959e-01
4.732681057280568870e-01
4.735825745279386156e-01
4.738119793533923652e-01
4.739840651852320619e-01
4.741336822623051783e-01
4.742381322860390602e-01
4.742931639439550984e-01
4.746230023849991042e-01
4.746650935665454596e-01
4.747090573946060044e-01
4.748830759783478905e-01
4.748992706783499718e-01
4.753930087176727048e-01
4.757801999686779304e-01
4.758917333534192773e-01
4.764093244909801128e-01
4.764640466900721405e-01
4.765672598091792445e-01
4.767459083350380489e-01
4.768401228483092891e-01
4.768767813840604219e-01
4.771543527103606630e-01
4.772928022440821039e-01
4.775494644853570669e-01
4.775173522105980450e-01
4.776381463589197685e-01
4.778088811456943641e-01
4.778532921073010975e-01
4.781163648031896418e-01
4.781057755331582504e-01
4.779536387628363636e-01
4.778166978013035360e-01
4.780045377123685046e-01
4.780808807415031225e-01
4.780771609354832474e-01
4.781803740892729970e-01
4.782803213736967485e-01
4.783786867785417840e-01
4.783673844849272161e-01
4.782829969512043533e-01
4.780964471213248190e-01
4.781848421785873660e-01
4.781183313745186458e-01
4.779171148482849185e-01
4.779698681034043606e-01
4.781506433807397594e-01
4.783034410855945273e-01
4.782615820190251887e-01
4.783517573966913350e-01
4.782324735670464566e-01
4.781076144781191140e-01
4.780026940277011249e-01
4.782633719024792507e-01
4.784359162526784504e-01
4.786594122209507640e-01
4.789312069679034223e-01
4.789761275649851990e-01
4.790502155711378607e-01
4.789736332563064303e-01
4.789999808634932132e-01
4.791111700851066191e-01
4.790515159774137999e-01
4.791242193284578343e-01
4.790590520480141334e-01
4.789426523639057631e-01
4.789261599952487902e-01
4.789777834548342161e-01
4.789012927926831198e-01
4.788746119202205720e-01
4.789049977455113183e-01
4.792805403495722372e-01
4.795085937210400995e-01
4.794711724056145430e-01
4.792799556571271102e-01
4.792505425983981104e-01
4.791052323343495400e-01
4.793388254040742980e-01
4.792104761696486803e-01
4.793176642495953210e-01
4.791504469849401371e-01
4.790115336473235175e-01
4.789991579953251088e-01
4.792303808304623214e-01
4.795015088244298229e-01
4.794278466883836742e-01
4.792158739160057856e-01
4.790581300118330610e-01
4.789409887775675223e-01
4.788847933843800586e-01
4.787731429793633531e-01
4.785359284958450310e-01
4.785958273652628492e-01
4.785548258728487547e-01
4.784746446788400442e-01
4.785391006457913599e-01
4.785967364471199192e-01
4.786887078785799221e-01
4.787039909757352385e-01
4.786813738618457825e-01
4.785863596997831926e-01
4.784949279611835360e-01
4.782079160636499848e-01
4.781630572551933134e-01
4.779879096651008519e-01
4.778910404297118664e-01
4.779378063541934729e-01
4.778257706498020840e-01
4.778163972591475961e-01
4.778188253080609682e-01
4.777861535380132363e-01
4.776740508537016261e-01
4.775587067239356331e-01
4.774640416804054599e-01
4.774115227261343519e-01
4.770543162552495220e-01
4.769909634690807643e-01
4.769772564740970555e-01
4.770077053268239053e-01
4.769658586406720358e-01
4.768797365110203912e-01
4.770336960299239593e-01
4.769771054630492224e-01
4.768934074116673028e-01
4.768975524078821193e-01
4.768556092215190390e-01
4.768983051667234352e-01
4.768442137907319966e-01
4.768416292058215156e-01
4.768846375872777266e-01
4.767306093838205028e-01
4.766170540143805923e-01
4.766050434669810709e-01
4.766845078683819570e-01
4.766396152375880213e-01
4.768455358254578558e-01
4.769087440931191746e-01
4.770127994956195883e-01
4.771806601966893657e-01
4.773163071984631856e-01
4.772471425822241153e-01
4.772569737797210943e-01
4.772025099951849869e-01
4.771353563297922040e-01
4.772129703175709836e-01
4.773139647195189794e-01
4.772629490228277871e-01
4.771321290599374043e-01
4.771421612021805592e-01
4.772898068145844386e-01
4.772443529353543323e-01
4.773563284465980328e-01
4.775610949374819447e-01
4.775042966821011481e-01
4.776456781440504562e-01
4.776098665747795513e-01
4.776020069292614134e-01
4.775829709897348452e-01
4.772881818332851966e-01
4.776668706597675396e-01
4.777301304165036955e-01
4.776011754953881083e-01
4.778029056671200259e-01
4.778100529518492512e-01
4.778287213347689466e-01
4.778409550172305620e-01
4.778654451635859224e-01
4.780323619793986900e-01
4.781149761135958243e-01
4.781424631383753843e-01
4.781103052432136291e-01
4.781576307707458007e-01
4.782752826287041681e-01
4.783891042604410115e-01
4.786398026070678435e-01
4.785751624157196238e-01
4.785244298047919287e-01
4.782512415918342974e-01
4.781658742153000463e-01
4.783305675746395424e-01
4.783427260071401177e-01
4.784062333030243419e-01
4.784676755043508201e-01
4.785289361735073355e-01
4.787024069821227412e-01
4.786269087196302063e-01
4.786661980078376621e-01
4.785563020321054184e-01
4.786770917389872593e-01
4.786479634297255981e-01
4.788628751046142829e-01
4.789170934288062287e-01
4.790849187975507739e-01
4.788885646549926323e-01
4.789485479632725751e-01
4.789069140392433477e-01
4.789924671176087889e-01
4.788607516137456388e-01
4.789492737170238934e-01
4.788288185011858600e-01
4.786754554858030364e-01
4.785853775248536390e-01
4.786642481214899991e-01
4.785105938197246056e-01
4.786241441726639678e-01
4.786746605932739040e-01
4.785743815640606247e-01
4.786319640868134107e-01
4.786849925762024505e-01
4.789414499653492086e-01
4.791175634956220675e-01
4.791712929654897701e-01
4.793531741029501969e-01
4.795094855158542613e-01
4.794232133156983711e-01
4.796679409768533908e-01
4.797263478233286249e-01
4.799811409420571828e-01
4.798872284017399181e-01
4.802039510281652102e-01
4.802486021912220071e-01
4.803170575787424346e-01
4.805437093586166775e-01
4.806782577948771618e-01
4.808690728698471473e-01
4.809142193132935894e-01
4.811567981015386630e-01
4.813213820443941193e-01
4.815716053088852089e-01
4.816258962437020008e-01
4.815223941110405859e-01
4.815165931925960985e-01
4.816950741320656371e-01
4.817939013328901288e-01
4.817348695965179006e-01
4.818834033993765753e-01
4.820170328994335396e-01
4.819144077313540775e-01
4.818133199336038230e-01
4.819975375726147093e-01
4.819500565548301974e-01
4.820648379463339794e-01
4.822228158963073330e-01
4.822392737252929606e-01
4.826506210903105942e-01
4.828664866103348219e-01
4.831806789874538710e-01
4.834120098840110069e-01
4.835394493763359169e-01
4.834695231267307491e-01
4.835888629786009307e-01
4.835696674366245507e-01
4.837624145058428971e-01
4.837998373909090932e-01
4.837799186559557096e-01
4.840546998128168465e-01
4.841938870525754890e-01
4.842948852732378295e-01
4.844268944592227122e-01
4.844124701096953478e-01
4.846152008744193940e-01
4.847791290661251917e-01
4.849569028258196579e-01
4.850224600785310036e-01
4.853713787493547649e-01
4.853873035751330445e-01
4.856896619125898873e-01
4.857952997741861734e-01
4.858092036721988194e-01
4.860781272899490357e-01
4.861090018078512154e-01
4.861910591651619207e-01
4.862387309188673790e-01
4.865080001217189087e-01
4.863615831844263493e-01
4.862805109208249710e-01
4.862599630324236921e-01
4.862654232788924391e-01
4.860508308188499216e-01
4.859585641989216942e-01
4.860957714566947474e-01
4.862856229855083701e-01
4.864218779156453953e-01
4.863199436736533876e-01
4.864638985084621114e-01
4.864597292889705216e-01
4.865249456232594305e-01
4.864899183154992590e-01
4.864222267687754453e-01
4.863217316644964372e-01
4.863689345750205062e-01
4.861891302655777514e-01
4.860073796218848940e-01
4.857674853831436823e-01
4.858234070879039468e-01
4.855244832431683810e-01
4.854472878837297056e-01
4.854877567837770913e-01
4.853248263141007879e-01
4.852579363547614433e-01
4.853131707798656880e-01
4.851123489744333939e-01
4.852104954030310169e-01
4.849869441539609305e-01
4.848002664392079830e-01
4.849086632126033414e-01
4.851070899188669738e-01
4.851531483626261299e-01
4.854303466910317999e-01
4.854788424568163285e-01
4.853501578095016922e-01
4.852606771200410618e-01
4.850711970861540934e-01
4.849585637072434396e-01
4.847445533177124899e-01
4.847289474030078704e-01
4.847789078896099224e-01
4.844957836540707552e-01
4.843380991144923264e-01
4.841592488100837643e-01
4.840781860851433582e-01
4.839164333440734156e-01
4.837230978745832299e-01
4.838976157613513740e-01
4.836941897973603965e-01
4.837122737920279691e-01
4.836976001313800788e-01
4.835728385086049963e-01
4.835052929306462577e-01
4.835969129833712632e-01
4.835682211215319715e-01
4.837457105739259022e-01
4.837024450972415845e-01
4.837012440484671494e-01
4.836336581675504398e-01
4.835266444602969171e-01
4.834373598851008369e-01
4.834792048184153312e-01
4.837613845613688013e-01
4.836522116147294881e-01
4.836316985219987763e-01
4.838125264671887527e-01
4.837817724282600929e-01
4.837425044076165692e-01
4.837433044901514601e-01
4.835870943677803013e-01
4.836493393435685739e-01
4.837980671243689024e-01
4.837128207987611561e-01
4.836812923849465040e-01
4.836474556061395313e-01
4.835524372727052489e-01
4.836304466286576176e-01
4.835070343354012090e-01
4.834270660269565090e-01
4.834435426960547733e-01
4.835194929296320332e-01
4.834207951651746660e-01
4.833915777675733549e-01
4.833938837125294485e-01
4.834487923867418213e-01
4.833243671060124536e-01
4.833193430620198461e-01
4.833217286440615323e-01
