# game: leduc_poker 
# eval_every: 1 
# num_iterations: 200 
# num_players: 2 
# bootstrap: False 
# truncate_negative: False 
# buffer_size: -1 
# num_hidden_layers: 2 
# num_hidden_units: 30 
# num_hidden_factors: 0 
# use_skip_connections: True 
# num_epochs: 200 
# batch_size: 5000 
# step_size: 0.01 
# 
2.612808843749363064e+00
2.286261893823165359e+00
1.953029297672600695e+00
1.797900057537487495e+00
1.542698118136546892e+00
1.355824323049673819e+00
1.226638327940540396e+00
1.104924298692234519e+00
1.012310424898929639e+00
9.458940483151400125e-01
8.983636956448868283e-01
8.564007033712839334e-01
8.268093366797044652e-01
8.070050143039724233e-01
7.859963537753864582e-01
7.576878057642222331e-01
7.300804628119401674e-01
7.038371339252867953e-01
6.825990228813398897e-01
6.591890826046562513e-01
6.392596271891970439e-01
6.152314738448132481e-01
5.936272313949095825e-01
5.765870427353039229e-01
5.650402543425251389e-01
5.489592767494814174e-01
5.337184782442397912e-01
5.257916131217610367e-01
5.190093993886358836e-01
5.116974138850867160e-01
5.077451181978009931e-01
4.974056980346742707e-01
4.929711968403078792e-01
4.850747435087502946e-01
4.793313291979756641e-01
4.747345596813938862e-01
4.694198195742245172e-01
4.652180326294860224e-01
4.593441621701737088e-01
4.529737549351754433e-01
4.476661186745113929e-01
4.413655314078039349e-01
4.353492131142833732e-01
4.299945091720516754e-01
4.255818476065541534e-01
4.211062524225159809e-01
4.197200653718586860e-01
4.187373337040780630e-01
4.180317477365537160e-01
4.177762413940451780e-01
4.153606107280650717e-01
4.129949684481063477e-01
4.082270131969085725e-01
4.049985171414499097e-01
3.993577341189923358e-01
3.939432161454479164e-01
3.877558271286446478e-01
3.834899821496446926e-01
3.781830800139097115e-01
3.728656921044060657e-01
3.665512608232139313e-01
3.607602706407777582e-01
3.552109662983308214e-01
3.496400171555311687e-01
3.440507377756751861e-01
3.414838637465799076e-01
3.394591204337374934e-01
3.381714265353951143e-01
3.388221537687052809e-01
3.402140373038646803e-01
3.411048091207635746e-01
3.423987227436895431e-01
3.441774779528297690e-01
3.450080348036177469e-01
3.456633206446171336e-01
3.462585628256681924e-01
3.470349535600495972e-01
3.472059407562660405e-01
3.476013037359778068e-01
3.482446359235595867e-01
3.481304897294515976e-01
3.483827721760601182e-01
3.491230027251127632e-01
3.503471598335198278e-01
3.517640925394467377e-01
3.526293558794290073e-01
3.533126195288313620e-01
3.538132896684827444e-01
3.537347283669876052e-01
3.544388881243385470e-01
3.551136735143655132e-01
3.558983032807230273e-01
3.562060714389627680e-01
3.563306302705558926e-01
3.563952606918339150e-01
3.560050658458471240e-01
3.555325126320152962e-01
3.552542249420584941e-01
3.542867577783362365e-01
3.539436405552505160e-01
3.542263653480958174e-01
3.557011626864698961e-01
3.564466457031361113e-01
3.584109694217615383e-01
3.594306779384729977e-01
3.597147872932014989e-01
3.606637746069877304e-01
3.615972869991847527e-01
3.621737837832154083e-01
3.634753601011584401e-01
3.650315242842574470e-01
3.661649017909096582e-01
3.667086040626970078e-01
3.669285148761141646e-01
3.667152003077110978e-01
3.656957507948740416e-01
3.653014124528675688e-01
3.645030924897988411e-01
3.631108274161969907e-01
3.615892551762505125e-01
3.597654864700831068e-01
3.581621505561530805e-01
3.565427234211338003e-01
3.552952990135709310e-01
3.537554740123811103e-01
3.528590811689527040e-01
3.519641038056280369e-01
3.517065211937592806e-01
3.507407767060830572e-01
3.498813338262700690e-01
3.491669964008611293e-01
3.487038404577986750e-01
3.484063393405447684e-01
3.476061450459614899e-01
3.463334603310754267e-01
3.459453405937907844e-01
3.446663717706325847e-01
3.434201228581661436e-01
3.422920963755252677e-01
3.418735171201897627e-01
3.417049131354944480e-01
3.412309021643031293e-01
3.407358640224931734e-01
3.402583287250873223e-01
3.399469945139117488e-01
3.393072064670975552e-01
3.386804733309555226e-01
3.381694322122708041e-01
3.378186807823918558e-01
3.374016319931331664e-01
3.369298918886863281e-01
3.366420682127971298e-01
3.363636185818715818e-01
3.360790823261371463e-01
3.366710268922424865e-01
3.366641302852136919e-01
3.363711270767920647e-01
3.364199126233659021e-01
3.365390143001903978e-01
3.364299169580075022e-01
3.366431454612779373e-01
3.368093363670375262e-01
3.369681874586708537e-01
3.371095374054435823e-01
3.373478109202324160e-01
3.372968932782105522e-01
3.373546680848506507e-01
3.374934285542343093e-01
3.375926663926729354e-01
3.376688105338909729e-01
3.378298621649977740e-01
3.379199407207642558e-01
3.378559282658110119e-01
3.380377036226453469e-01
3.380183916577887970e-01
3.381867188601324070e-01
3.383866437598018750e-01
3.385554498897733744e-01
3.387332262979881881e-01
3.391830603836445412e-01
3.399882069639938997e-01
3.404095057085528286e-01
3.404524124445587052e-01
3.401160074164607527e-01
3.401358986072378077e-01
3.398066743433875714e-01
3.393812422316924704e-01
3.393505212168471119e-01
3.387591774132578948e-01
3.383578852486002209e-01
3.384101898047929269e-01
3.378389590630101469e-01
3.375000539224265461e-01
3.370432114702606730e-01
3.362633743416039156e-01
3.356210652222721968e-01
3.345684458422436003e-01
3.333301548815084114e-01
3.322202487358717482e-01
3.309980492442015088e-01
