# game: leduc_poker 
# eval_every: 1 
# num_iterations: 1000 
# num_players: 2 
# bootstrap: False 
# truncate_negative: False 
# buffer_size: -1 
# num_hidden_layers: 2 
# num_hidden_units: 50 
# num_hidden_factors: 0 
# use_skip_connections: True 
# num_epochs: 200 
# batch_size: 5000 
# step_size: 0.01 
# 
2.416784785832786664e+00
1.985612964105537337e+00
1.511069803971740955e+00
1.204139736551536277e+00
1.019042780306106843e+00
8.914489433778212124e-01
7.951638386066897102e-01
7.289315631228316938e-01
6.774645404907078117e-01
6.336985948374405098e-01
6.016642664960926146e-01
5.653567230487281936e-01
5.402800239392341330e-01
5.247265176494699812e-01
5.040215771323155458e-01
4.823021737393974329e-01
4.710753321196553545e-01
4.511412321472357267e-01
4.256374013091251407e-01
3.969146001075890551e-01
3.706211014262548731e-01
3.498214605486722473e-01
3.334652670454760770e-01
3.229564234160713365e-01
3.115028680881020140e-01
3.018051666634248287e-01
2.921423664382023500e-01
2.861169457009491435e-01
2.778142324499453530e-01
2.720927107015647106e-01
2.700705658399314424e-01
2.607377434987621645e-01
2.527865389449213684e-01
2.462402855630171916e-01
2.395706949535880981e-01
2.345805592549316532e-01
2.301761734707433171e-01
2.265443089129400844e-01
2.247632905635549849e-01
2.228109836071753280e-01
2.190791903293241583e-01
2.156170155476454797e-01
2.121457280787343858e-01
2.083828051884686339e-01
2.047575026466141035e-01
2.019249050196638140e-01
2.016025872727147950e-01
1.989031804095419409e-01
1.956259319815488729e-01
1.914992377895355091e-01
1.874646240503297923e-01
1.865376171291683871e-01
1.860846746218929038e-01
1.880003840436587914e-01
1.902999446310637555e-01
1.912452849466726168e-01
1.907386833317101238e-01
1.893586282630085327e-01
1.870122200856342287e-01
1.839595647368539033e-01
1.826733131513901820e-01
1.798217612543717980e-01
1.762061008691735431e-01
1.724033913361459891e-01
1.686339492611595436e-01
1.640019465765559237e-01
1.599920456248818124e-01
1.559605687562627963e-01
1.528876742878191031e-01
1.494854378388090210e-01
1.465691789597139971e-01
1.449952074532661617e-01
1.437666085652003489e-01
1.429614741000060363e-01
1.428373632087324152e-01
1.430305393531459135e-01
1.427898811686037495e-01
1.447616068285920710e-01
1.464568787424089247e-01
1.480199206684287005e-01
1.481760902614729924e-01
1.472463021333155764e-01
1.465001772983169914e-01
1.458519367500679675e-01
1.439882622298216397e-01
1.425189762139245087e-01
1.405430048426998813e-01
1.381259595934472562e-01
1.364138272272931163e-01
1.343951976302373286e-01
1.328593363385889847e-01
1.310649055981321920e-01
1.302820966602434571e-01
1.292664592426719938e-01
1.280873837817793626e-01
1.271853352073416266e-01
1.265522784057729333e-01
1.259792928563371883e-01
1.260081832463809670e-01
1.254447336324012729e-01
1.244263334695383250e-01
1.231285623265524348e-01
1.213817232089201698e-01
1.194396395169002173e-01
1.177445165152714024e-01
1.167675852914313861e-01
1.155102795568734020e-01
1.140639312445090592e-01
1.127676436436188256e-01
1.110490431034835690e-01
1.098316860582463500e-01
1.080568185319646102e-01
1.061615237999585792e-01
1.049830642876396769e-01
1.040216432681084213e-01
1.031236769485640165e-01
1.022981158151021058e-01
1.017692859929045374e-01
1.013795399672637737e-01
1.012444434637600477e-01
1.010924082001256746e-01
1.012565328055986813e-01
1.019121472948980173e-01
1.027341138448875091e-01
1.029817154695265163e-01
1.030928293220280956e-01
1.028055869966356117e-01
1.027507322168595277e-01
1.021359781211055862e-01
1.012348046935293011e-01
9.955863076150239799e-02
9.806663166365738038e-02
9.657412286417620118e-02
9.538017217857726326e-02
9.444531349052966152e-02
9.355344305414300954e-02
9.269213091949350669e-02
9.182306409156909544e-02
9.090224715029369962e-02
9.046568624380006696e-02
9.000865244972994228e-02
8.949057173455411685e-02
8.871164685210639056e-02
8.809947783551132228e-02
8.759826206753953959e-02
8.730435382562412583e-02
8.752220017813212849e-02
8.769485317466951813e-02
8.798063280343683401e-02
8.824935999309277412e-02
8.841714438571139645e-02
8.868373515911177896e-02
8.914985029669421357e-02
9.014957020354412431e-02
9.060437463995302254e-02
8.998679127792140464e-02
8.914587152526153024e-02
8.839457758452282099e-02
8.798687052068647485e-02
8.708510457745009814e-02
8.600701455658808781e-02
8.483980471880314678e-02
8.365680238051857731e-02
8.267231348314914297e-02
8.157196380344484965e-02
8.032902882283719792e-02
7.941453471114176543e-02
7.825272584129834563e-02
7.730928030680424279e-02
7.694628913063478182e-02
7.690552850822034159e-02
7.664557649587076804e-02
7.615230948451574833e-02
7.574063916819638587e-02
7.522847474532669276e-02
7.460034849692062653e-02
7.394529715109489365e-02
7.341326104285966769e-02
7.283450263049916218e-02
7.267951119387848491e-02
7.275982603547676009e-02
7.321451694593279769e-02
7.352497588779560722e-02
7.418969604602282386e-02
7.448103675874752361e-02
7.468877764057461899e-02
7.476167770947862723e-02
7.478055256120764993e-02
7.493159683133505944e-02
7.494873995256245980e-02
7.497170478175289865e-02
7.483748226483023791e-02
7.505102149697391589e-02
7.528560950313532840e-02
7.556826144655076627e-02
7.573736440310653573e-02
7.617202354719111723e-02
7.658713113554375951e-02
7.707972041458258095e-02
7.741676494977807466e-02
7.769751106882648306e-02
7.806806310328073817e-02
7.841733355699412322e-02
7.838634799193544556e-02
7.829808346815166076e-02
7.805425630266539516e-02
7.731212602990188143e-02
7.676174432140171755e-02
7.577509577348079395e-02
7.498649964368109266e-02
7.444625105455209002e-02
7.419658597520044363e-02
7.374572820598551681e-02
7.330640088247468433e-02
7.259142960753718621e-02
7.221541515275582690e-02
7.198424274969383863e-02
7.162131290254447613e-02
7.136024173057201048e-02
7.118815186920869620e-02
7.143582806178028211e-02
7.196590216868949119e-02
7.265989412036312489e-02
7.312299511128909912e-02
7.345668076962789950e-02
7.352792033772791169e-02
7.336131170953828773e-02
7.309131060427924431e-02
7.293646710694352830e-02
7.301166533916070289e-02
7.292013532324476133e-02
7.343884833406044699e-02
7.365514594476106625e-02
7.361453327553046933e-02
7.358877423225422543e-02
7.310649751361936177e-02
7.276069272009770550e-02
7.224420199972753087e-02
7.163958110849499850e-02
7.090293763570866548e-02
7.011457460884620851e-02
6.924798297498674371e-02
6.801325587825106378e-02
6.693649955042063615e-02
6.589765812237119436e-02
6.476138819628007859e-02
6.388390676235448928e-02
6.330417081186411055e-02
6.250298121561388698e-02
6.206487842943018973e-02
6.167501516538068107e-02
6.129038617662034560e-02
6.114639480581772479e-02
6.110619703641667622e-02
6.116840495390142574e-02
6.130540415749777261e-02
6.146298413118261861e-02
6.167528251406208251e-02
6.194509121344264624e-02
6.209889468681645264e-02
6.231263377746473764e-02
6.236616865763350281e-02
6.241840318115247921e-02
6.245547719012457810e-02
6.263629555520802694e-02
6.260953240987485180e-02
6.253893655726505685e-02
6.238220658262699780e-02
6.236068585026800781e-02
6.207624594268199014e-02
6.168677427028516902e-02
6.137699930944789939e-02
6.112516376931942386e-02
6.094509189595603837e-02
6.061397880772033397e-02
6.031213694300403827e-02
5.996693010519903166e-02
5.988706801235241239e-02
5.960983441485731560e-02
5.942184185219512305e-02
5.914660570544352791e-02
5.894807720928048334e-02
5.881455282168313037e-02
5.902408037954406939e-02
5.918674146105558365e-02
5.925101496479398544e-02
5.933427255300886827e-02
5.922112645502386474e-02
5.899853958482030591e-02
5.862947221565474598e-02
5.831938037601756830e-02
5.811081941211512780e-02
5.800496718208990321e-02
5.804274294357812669e-02
5.816984935149852043e-02
5.821127765132037835e-02
5.833232666400622879e-02
5.856893351807501702e-02
5.896878813282714626e-02
5.922846366348893943e-02
5.940054892588188251e-02
5.969892110770384785e-02
6.011941591679481611e-02
6.042826361162316473e-02
6.071304082285336468e-02
6.093733332162018512e-02
6.119438525736470291e-02
6.138664413156375010e-02
6.146238237751326661e-02
6.159407944905191667e-02
6.168789744310530787e-02
6.159609415579055114e-02
6.141032519042806392e-02
6.114993171858422449e-02
6.085718855254608484e-02
6.063108218026364016e-02
6.034759988629413707e-02
5.993400838247654738e-02
5.951053359804338305e-02
5.890862022095627593e-02
5.827335573230155163e-02
5.764670866661093795e-02
5.701349395696685141e-02
5.658794238760161965e-02
5.630355906977432823e-02
5.602776326896087566e-02
5.600233237484124327e-02
5.604876973199160450e-02
5.608667766963096324e-02
5.618845025496088663e-02
5.625293766873178114e-02
5.644763455600465551e-02
5.656218133405717385e-02
5.650306248050024349e-02
5.649836207843542124e-02
5.651734540291894482e-02
5.682860842394445167e-02
5.710919888852251936e-02
5.720098236447872242e-02
5.709865120315117670e-02
5.704260075295757015e-02
5.688693109705317275e-02
5.674228441436722503e-02
5.651875748831952651e-02
5.634674903488630371e-02
5.614536997480863711e-02
5.598326599061148601e-02
5.558860865126009909e-02
5.513693189851059939e-02
5.476088149140144468e-02
5.439487249835942007e-02
5.413218767608325710e-02
5.392341975386270858e-02
5.372125159355581325e-02
5.360742056796582999e-02
5.329997764284329087e-02
5.295481722916053902e-02
5.296873709338005554e-02
5.275802043864219470e-02
5.263475576428923441e-02
5.259698411807475771e-02
5.220610452838632398e-02
5.194129472703695738e-02
5.152782433486489955e-02
5.135254334816684307e-02
5.124150245805950132e-02
5.104718167978126997e-02
5.087717184689324879e-02
5.080550680985049250e-02
5.063585898133529661e-02
5.046950003806649487e-02
5.037358524506570234e-02
5.042658220371554201e-02
5.055528428399667928e-02
5.051353528126140136e-02
5.044369897177965190e-02
5.029293095882940434e-02
5.013058913783903503e-02
4.995695698218281799e-02
4.974988037282718212e-02
4.938449173085508737e-02
4.893748861232534442e-02
4.866686421439805899e-02
4.836337942072396756e-02
4.815018588420685863e-02
4.808895993449954775e-02
4.818030155367272749e-02
4.830765472432535512e-02
4.840641142687029941e-02
4.856116252921013898e-02
4.857577271657155527e-02
4.855434032127815824e-02
4.861483570160883561e-02
4.879597580493454101e-02
4.893470216445454379e-02
4.898995948487162855e-02
4.918840798373913525e-02
4.933766798321614910e-02
4.939138919240107506e-02
4.940297880246022344e-02
4.956775354297285330e-02
4.965842675938739181e-02
4.994858465530768732e-02
5.030705016304912180e-02
5.051726851409776842e-02
5.053319288999316705e-02
5.057473256680593277e-02
5.057444572490675527e-02
5.052212879906355092e-02
5.037631657852104095e-02
5.016742938317858558e-02
4.995628335384952323e-02
4.976010139504673246e-02
4.958263557809707012e-02
4.934215176547897264e-02
4.925477821646200016e-02
4.915510504521973523e-02
4.901473860349458977e-02
4.893489051186383776e-02
4.886551634330849048e-02
4.887956940717769205e-02
4.901752176342322187e-02
4.921135369815975158e-02
4.929802321888704375e-02
4.962371591530848058e-02
4.966714844177869126e-02
4.966643724070857191e-02
4.981119412102760768e-02
4.957180003769484644e-02
4.934754225279691653e-02
4.911128176917567423e-02
4.885857737229473696e-02
4.882005875390288407e-02
4.864388335925060036e-02
4.853173786965367387e-02
4.858482698718623316e-02
4.881247568625804445e-02
4.921147299723056812e-02
4.951405160238060710e-02
4.974393110738130341e-02
4.980247120627034896e-02
4.994976808917965527e-02
4.984763656418914057e-02
4.987099421771494512e-02
4.984975419108869654e-02
4.984409808372243511e-02
4.983995030727891851e-02
4.977242273479282053e-02
4.961107789350858999e-02
4.956474566686833172e-02
4.941639261729102728e-02
4.926606762812765772e-02
4.921975658035052104e-02
4.923716925287795199e-02
4.930282112756280422e-02
4.945332895251869365e-02
4.952136557871103517e-02
4.953965196787125935e-02
4.946616569467487956e-02
4.937715019469134103e-02
4.932203873963929286e-02
4.912827677870307275e-02
4.885716723041257092e-02
4.841361360486051701e-02
4.796208904940961470e-02
4.753330523062590518e-02
4.725939383317051545e-02
4.696550831231829926e-02
4.688658272467977062e-02
4.695138252316682914e-02
4.705562625865594706e-02
4.720267065471737966e-02
4.732081321605380309e-02
4.744083499229505285e-02
4.761116856433125766e-02
4.770467125504024297e-02
4.773947237060421900e-02
4.772635688313150992e-02
4.780146239538762831e-02
4.790902735439538096e-02
4.791918197482969433e-02
4.773069874009022717e-02
4.778407477683858928e-02
4.787170710478257096e-02
4.784299638335723359e-02
4.786128980141819700e-02
4.783356347317449520e-02
4.777213298801004371e-02
4.769589128055432004e-02
4.757436944005485890e-02
4.740735615180766138e-02
4.735387819392607167e-02
4.714476685973811865e-02
4.697429265164328183e-02
4.691247645535649713e-02
4.707455234122827348e-02
4.719802567628597623e-02
4.728185440960049057e-02
4.731919767922050657e-02
4.734244272573007173e-02
4.734356213686549686e-02
4.721732448455313869e-02
4.704861273229916929e-02
4.690848160258444255e-02
4.677332517462544359e-02
4.666501538782572012e-02
4.648690120888576693e-02
4.628105363553680629e-02
4.614024665397757630e-02
4.599494747158482111e-02
4.590333103367300049e-02
4.581696720768931030e-02
4.569527581732280019e-02
4.552598425242461444e-02
4.541488441188679115e-02
4.532784599693490124e-02
4.518358224040924798e-02
4.520223890257110688e-02
4.523598852058562103e-02
4.525005610898032160e-02
4.526008727769254003e-02
4.520342140491842575e-02
4.508605232221131465e-02
4.491937055427297487e-02
4.469079683561519301e-02
4.449883321630795918e-02
4.429198080000086579e-02
4.421900725805751053e-02
4.424304242439172641e-02
4.425224924322160303e-02
4.430173155592083412e-02
4.430751971011534507e-02
4.430930645095559894e-02
4.429056666504838091e-02
4.421707468467742097e-02
4.430750563149805921e-02
4.431315311810338220e-02
4.434986845659989740e-02
4.444893559641312220e-02
4.436560410172567248e-02
4.428711919102552852e-02
4.411312872673950336e-02
4.395925943168958738e-02
4.378269010565628838e-02
4.361036352260726223e-02
4.341792676799402506e-02
4.336306137747331091e-02
4.327214701030197841e-02
4.311701638070170040e-02
4.301411665627112579e-02
4.291337527977974464e-02
4.275883740226622820e-02
4.264247900798276425e-02
4.255660886587954439e-02
4.246144256501659109e-02
4.258399808360312233e-02
4.263535286495137577e-02
4.267775151759568841e-02
4.273386815934640537e-02
4.286930506130132157e-02
4.289319991296393353e-02
4.295494892196558001e-02
4.297708464996738420e-02
4.309755120053014588e-02
4.326332569074983758e-02
4.338183248722221608e-02
4.353681104137950564e-02
4.362290756795370039e-02
4.367997541704475573e-02
4.372255337872492376e-02
4.384906517222893207e-02
4.389674520677985803e-02
4.405588372264566954e-02
4.427481051764534103e-02
4.422264512710673279e-02
4.423349100808832146e-02
4.426175003282663278e-02
4.430432935469623412e-02
4.432787446230126993e-02
4.437748009679584604e-02
4.447700497017890997e-02
4.459798211383494970e-02
4.485535317944765177e-02
4.507954470043816497e-02
4.534986760749559753e-02
4.543588586555628861e-02
4.547626887679720453e-02
4.544171084228555701e-02
4.551318013711219690e-02
4.552060250241234118e-02
4.547274216777377753e-02
4.535735601127512118e-02
4.519286729772363509e-02
4.510022905678910676e-02
4.485756535072810136e-02
4.449831909183073198e-02
4.417538267906834237e-02
4.406745484354614162e-02
4.401317898978614196e-02
4.386310132116182092e-02
4.372766927826501893e-02
4.359711488504294796e-02
4.333774754642323590e-02
4.314224705642233371e-02
4.305993566534692396e-02
4.303868629255662437e-02
4.303398803315197640e-02
4.314966207693891886e-02
4.331312680649668234e-02
4.341485480007714615e-02
4.349983498500335777e-02
4.348856120020122562e-02
4.344071656756069710e-02
4.343859910158408277e-02
4.334420543613742849e-02
4.323925671553775774e-02
4.328398615946427164e-02
4.321320224200581039e-02
4.310151690795330226e-02
4.301389995377861986e-02
4.283426821987029731e-02
4.258512813099890604e-02
4.240467701384996457e-02
4.229579334274390090e-02
4.218892385044928361e-02
4.207985614925571771e-02
4.197508812051282956e-02
4.195209389831187907e-02
4.198885577732708319e-02
4.189681978823078801e-02
4.183548000730422101e-02
4.174033041489759455e-02
4.165555646722986227e-02
4.160258073862653505e-02
4.157179324287701982e-02
4.156212159713573717e-02
4.157601459088056117e-02
4.151647520800180735e-02
4.145006903848492963e-02
4.141420525858018065e-02
4.129185096666403154e-02
4.116574526845173665e-02
4.105728630046358296e-02
4.100790126514758382e-02
4.094252750486276904e-02
4.094741176986449460e-02
4.086276426192214650e-02
4.086260480002500139e-02
4.092398787177652097e-02
4.093668831278030051e-02
4.102955879085706803e-02
4.105587957034932678e-02
4.101138981166918551e-02
4.098739802587177128e-02
4.097829893684477864e-02
4.092605647832603388e-02
4.087970590799536175e-02
4.101057228107989061e-02
4.120485730552475578e-02
4.141247580613859058e-02
4.159453290019241023e-02
4.178243084313118527e-02
4.187351546660171564e-02
4.194448887562619854e-02
4.203149449301628315e-02
4.210606062408218941e-02
4.210153453985121530e-02
4.214492116423487755e-02
4.232379206643463454e-02
4.246487133706050576e-02
4.251293334296228632e-02
4.248594635398358910e-02
4.245990470626970215e-02
4.241274322794323648e-02
4.228495457926390033e-02
4.211192339148261965e-02
4.198723043991547943e-02
4.181997016006969159e-02
4.171763273061897259e-02
4.156693002372387202e-02
4.140599903763529654e-02
4.132918358743470355e-02
4.128426462947504261e-02
4.130294400138122268e-02
4.134548304940749430e-02
4.140052563192520019e-02
4.139630185798885698e-02
4.140573687040104145e-02
4.135746947348445390e-02
4.131923378776435063e-02
4.128922535485275713e-02
4.125783083733514101e-02
4.120458472062447919e-02
4.119367276008317758e-02
4.120311549405313023e-02
4.113513558006427762e-02
4.104130174274363274e-02
4.102313898269387138e-02
4.101359346084929025e-02
4.097473719482400134e-02
4.089706597433470647e-02
4.078670020225420856e-02
4.066803092805879039e-02
4.053441236962536387e-02
4.047381565062871389e-02
4.035620852105469003e-02
4.025179271877458997e-02
4.018659701840245069e-02
3.997807341241679802e-02
3.987977273174024562e-02
3.967560794759839027e-02
3.962907508556989811e-02
3.952596210163762669e-02
3.945806667065640538e-02
3.936367434253040809e-02
3.922032812015834036e-02
3.906405433956905426e-02
3.893536486019458231e-02
3.875453004412741931e-02
3.856718130635530817e-02
3.840893456951663398e-02
3.828995913641010385e-02
3.816404735415047933e-02
3.798472011239581447e-02
3.780145117408020838e-02
3.766252565404468178e-02
3.757679865963209354e-02
3.757707994984586797e-02
3.746484363614543955e-02
3.734419878888572963e-02
3.725892102156054542e-02
3.724701779518718725e-02
3.721167340107335575e-02
3.720414308581546092e-02
3.725651251430051047e-02
3.723198067179725457e-02
3.732209543118933381e-02
3.754107193236182194e-02
3.774014532259302446e-02
3.798726765054143140e-02
3.822324109119468183e-02
3.847133880039821374e-02
3.863574425773638743e-02
3.880401549512846326e-02
3.895691307720026975e-02
3.913951042337424080e-02
3.934466371685479968e-02
3.954045519220739102e-02
3.958564995129076891e-02
3.962657204954184165e-02
3.966261874306192814e-02
3.970240497048596606e-02
3.969970940776294810e-02
3.968415766351703067e-02
3.966782716513558849e-02
3.973529421685161045e-02
3.975996894442597462e-02
3.983399384201739835e-02
4.010708525865980256e-02
4.012301670762782879e-02
4.014870225649136426e-02
4.010355997954588581e-02
4.014321161562708906e-02
4.015875352914335950e-02
4.011461018649101207e-02
4.014236617019795172e-02
4.007262408321590752e-02
4.014807476665915864e-02
4.016137255545544626e-02
4.005262448577084911e-02
3.996135614832227456e-02
3.997979184206945646e-02
3.981064903084058360e-02
3.983058749549903133e-02
3.981819489786855848e-02
3.981644072764851938e-02
3.981402395575332764e-02
3.969188714128148165e-02
3.958290681015552703e-02
3.943123166960821324e-02
3.931472451167611348e-02
3.918879680468817517e-02
3.904434969385088550e-02
3.890997979645657856e-02
3.875835603182049838e-02
3.863433723999981639e-02
3.855825847708169163e-02
3.851173659131011673e-02
3.844232639044774247e-02
3.833185362730695545e-02
3.823376060682866229e-02
3.814529701483349022e-02
3.806765008331174094e-02
3.799200358354547225e-02
3.790921392336180085e-02
3.795126137806523192e-02
3.795502109352352771e-02
3.803881517428299441e-02
3.809862881425339631e-02
3.816937714472282139e-02
3.824314311321200255e-02
3.826948496114616904e-02
3.829377307025044752e-02
3.832132358151794926e-02
3.833519462930506938e-02
3.837944041560184538e-02
3.847217170761593752e-02
3.852884649331050904e-02
3.856206638130929565e-02
3.853290200774293905e-02
3.844175711091075975e-02
3.840699287553205055e-02
3.834883856263154867e-02
3.828963282499231457e-02
3.826164179524653430e-02
3.822539891397784551e-02
3.815748517136260953e-02
3.817313907393669881e-02
3.806246809684803167e-02
3.803381279057205244e-02
3.804706803108637292e-02
3.804480602754299612e-02
3.803474016660456092e-02
3.801202357399106890e-02
3.801498848687553944e-02
3.798879853263287254e-02
3.799412926819902003e-02
3.809203089852034041e-02
3.807850515913127620e-02
3.812344876365078572e-02
3.815705129421936848e-02
3.822144411588580815e-02
3.833279788323908088e-02
3.841112493574723452e-02
3.849192235087618708e-02
3.860482353779833009e-02
3.873078233852153551e-02
3.887664902297391367e-02
3.908990132135559126e-02
3.917757813309423465e-02
3.928393726833392940e-02
3.931559054808242415e-02
3.937167385603151937e-02
3.940368066233998490e-02
3.938192153425409958e-02
3.938366648810971704e-02
3.938083252452652394e-02
3.932460549923548487e-02
3.928576291342654458e-02
3.917863858418449419e-02
3.908447271779974530e-02
3.898635682272380554e-02
3.891245485997112119e-02
3.886205951061791342e-02
3.878318075167165591e-02
3.873114106559039094e-02
3.870319972447976153e-02
3.867308615407803740e-02
3.863473983661386280e-02
3.862692177548253392e-02
3.869304928502298457e-02
3.874006247612633846e-02
3.876435092512268976e-02
3.883141999839119507e-02
3.892693672270047811e-02
3.903131243216428903e-02
3.915605383443593324e-02
3.927647134320032263e-02
3.945025196196286221e-02
3.960015128664726158e-02
3.973214470928507214e-02
3.986501606112768936e-02
4.002394404524123317e-02
4.019679149441519883e-02
4.034519247089932148e-02
4.050646518632888826e-02
4.065855727907084771e-02
4.079441681692520805e-02
4.093288300339577301e-02
4.106295960555936264e-02
4.125783972351533546e-02
4.133233173928904658e-02
4.141662447394191260e-02
4.150373297257640981e-02
4.160141388083830882e-02
4.166112399357277396e-02
4.166765565876463795e-02
4.163928357969391703e-02
4.160486799038019823e-02
4.159170308379003811e-02
4.155782245161077082e-02
4.152272360565763265e-02
4.145335425311723332e-02
4.132636828482154356e-02
4.117355814539104542e-02
4.098199180570648303e-02
4.074621227493276099e-02
4.051935290435526582e-02
4.028051636903770549e-02
4.005896019473065284e-02
3.987345453552464114e-02
3.961763405762146195e-02
3.938671993802998761e-02
3.912305133540028290e-02
3.889173014489777369e-02
3.867337546459760633e-02
3.850472082450719091e-02
3.833212815904052384e-02
3.819097933408825696e-02
3.813496461498989965e-02
3.807819006196969114e-02
3.799474155052459667e-02
3.796065917022868608e-02
3.787780120458268673e-02
3.789160041919900634e-02
3.794095664537847079e-02
3.798266605491061598e-02
3.810304864634364574e-02
3.814494377067713382e-02
3.818668308768650987e-02
3.818184613316998044e-02
3.819822203271132366e-02
3.820260115018907221e-02
3.821082268519561398e-02
3.821535559716472685e-02
3.819483843720561378e-02
3.819082905806202299e-02
3.818919694538441822e-02
3.821929928162176582e-02
3.818537425965268239e-02
3.817214111952081657e-02
3.811210588507091268e-02
3.801462159073400182e-02
3.795989800605775732e-02
3.793633445408176041e-02
3.788688519933573751e-02
3.781479426844956693e-02
3.778678157397652448e-02
3.773252204750815464e-02
3.765045453792624508e-02
3.756379176982625745e-02
3.746931404448057557e-02
3.737513279669484045e-02
3.733007272443540636e-02
3.727970189892487740e-02
3.729705263768530454e-02
3.734046508834391875e-02
3.738500803479687107e-02
3.742061398777525583e-02
3.745766653828438986e-02
3.750577525686915603e-02
3.755502197668419972e-02
3.761855883265895206e-02
3.767581817361956298e-02
3.772386357363784193e-02
3.774773769578655680e-02
3.775427973566775064e-02
3.775778934027061717e-02
3.778747580664870709e-02
3.775375833114991142e-02
3.773964632963117127e-02
3.769308286572838063e-02
3.763306997673367127e-02
3.756743442689491896e-02
3.744864926074324696e-02
3.735953439261666120e-02
3.723835521937957083e-02
3.712740802001709972e-02
3.701273722941689215e-02
3.693391283768600319e-02
3.685946053926068833e-02
3.686618356116837247e-02
3.684848502429804995e-02
3.683475131816014991e-02
3.686558535633675804e-02
3.696638841494746808e-02
3.702344093855911011e-02
3.704779607470565228e-02
3.703599502696028334e-02
3.699957349093493941e-02
3.697746407248986289e-02
3.692844788755680896e-02
3.687486780906577832e-02
3.684718869416608866e-02
3.681818981739133634e-02
3.679891016944154825e-02
3.677611441666574221e-02
3.674052865348170771e-02
3.675369480220040674e-02
3.678072990712225043e-02
3.686586484532558550e-02
3.692897745021407607e-02
3.698569526460408763e-02
3.701009228900255243e-02
3.715069716342138395e-02
3.725795820205789199e-02
3.733528638440591907e-02
3.740895255531534458e-02
3.746515857892905588e-02
3.753695033292150929e-02
