# game: leduc_poker 
# eval_every: 1 
# num_iterations: 200 
# num_players: 2 
# bootstrap: False 
# truncate_negative: False 
# buffer_size: -1 
# num_hidden_layers: 2 
# num_hidden_units: 100 
# num_hidden_factors: 0 
# use_skip_connections: True 
# num_epochs: 200 
# batch_size: 5000 
# step_size: 0.01 
# 
3.327604841044956352e+00
2.487719424761418274e+00
2.174914075438986849e+00
1.860669029248025019e+00
1.744252343807328298e+00
1.526711715692827598e+00
1.336654096305393891e+00
1.200180292809431837e+00
1.084044583210463486e+00
9.901828744405644089e-01
9.178072967783992286e-01
8.536545486642684866e-01
8.014433310492810048e-01
7.560474223910018665e-01
7.183959602691656343e-01
6.720116429408695691e-01
6.342670592788335338e-01
6.043069621389366430e-01
5.804190911946163212e-01
5.593725877100064192e-01
5.414467159016073117e-01
5.242920722782320464e-01
5.069073646402610933e-01
4.889313824254115093e-01
4.720477954816542088e-01
4.551803579571265246e-01
4.393944304213451835e-01
4.282843310447078666e-01
4.171407752694144544e-01
4.052391050583185050e-01
3.923007694761520558e-01
3.847707046502136796e-01
3.753435976962587461e-01
3.635341935432470084e-01
3.511574539695141439e-01
3.414786277780550994e-01
3.335407922832935301e-01
3.260108156016355840e-01
3.157259347257141413e-01
3.069125149047770562e-01
2.995061163470518206e-01
2.924750588046766131e-01
2.858418932308057769e-01
2.809827006548896722e-01
2.765733008147877592e-01
2.725888558641950121e-01
2.721567600144298993e-01
2.695206186487489330e-01
2.654017882831580244e-01
2.629412819491229181e-01
2.577419638713738248e-01
2.520452100660573458e-01
2.480112421757373065e-01
2.442198621753969012e-01
2.417691336105810829e-01
2.394818048552836420e-01
2.364267318024780851e-01
2.334215448174695728e-01
2.304221398038837076e-01
2.281154386464878669e-01
2.269868118689301328e-01
2.253626376266617548e-01
2.236888954172002730e-01
2.214547672320153482e-01
2.190911754729005789e-01
2.162717901603593285e-01
2.136601068037440043e-01
2.115211522147870393e-01
2.097962852744549855e-01
2.084518053137340010e-01
2.073053520063899424e-01
2.062370361606705171e-01
2.043718342675059640e-01
2.027577184346368022e-01
2.005528725048328631e-01
1.979093273576909007e-01
1.945074919863964968e-01
1.907229699775622733e-01
1.869094040138699619e-01
1.837972876960096424e-01
1.811483504262335620e-01
1.791968731018672156e-01
1.775255640502922394e-01
1.749938854142036870e-01
1.729700355720097671e-01
1.712177753518127343e-01
1.698040872055410211e-01
1.685503803122884725e-01
1.671967093359184031e-01
1.665075549677682010e-01
1.656833776863566032e-01
1.651588564461936026e-01
1.638965255915640351e-01
1.621503360821628381e-01
1.605203675755420278e-01
1.590707475946769311e-01
1.578014947185660266e-01
1.567971597742539025e-01
1.556130562474635770e-01
1.547087383981573527e-01
1.545444910231611180e-01
1.539627596443591262e-01
1.541859510252858723e-01
1.537906082256324525e-01
1.518613355173592250e-01
1.495803404882123377e-01
1.473052821421246827e-01
1.454969651572693146e-01
1.438643269691256832e-01
1.422307343038648475e-01
1.410798221674517960e-01
1.396959190989989219e-01
1.381124030314630491e-01
1.368947825354057957e-01
1.353898443701381515e-01
1.335660868931909384e-01
1.318372840431363269e-01
1.306060501629594528e-01
1.294817072054103568e-01
1.287041577378614243e-01
1.284727205194343969e-01
1.279289867770881939e-01
1.274414848379750720e-01
1.275798310313884798e-01
1.270733552170854042e-01
1.261529589999988432e-01
1.253647414096143997e-01
1.250178490694209832e-01
1.249355731755197457e-01
1.249110004937869361e-01
1.234203233791208582e-01
1.218601445035335518e-01
1.205832190308437218e-01
1.189961535160717343e-01
1.177542963466052112e-01
1.165051878732710627e-01
1.154201573446887452e-01
1.142388503673121003e-01
1.132812707615623443e-01
1.126799371617740880e-01
1.124697321298229191e-01
1.121800337300388611e-01
1.121840939196496051e-01
1.118049022896891176e-01
1.112127916186970156e-01
1.102377043348197472e-01
1.089069014390740275e-01
1.078616244822042936e-01
1.063046840973072005e-01
1.049010387864745819e-01
1.034142467713634883e-01
1.018388515620368695e-01
1.007228844080806651e-01
9.971075483813568452e-02
9.896534375212705237e-02
9.860078296559696143e-02
9.820985558223753464e-02
9.793213546570479766e-02
9.797917688788099211e-02
9.785554842364729833e-02
9.763784892732781107e-02
9.717717146966911579e-02
9.670288021050853222e-02
9.632201126896890175e-02
9.607384719062847522e-02
9.565015131890358679e-02
9.523007900817276328e-02
9.501012029151582883e-02
9.467240427235010247e-02
9.443351917458223110e-02
9.392531854284899562e-02
9.400015571831644989e-02
9.435587744183270009e-02
9.444020726554792911e-02
9.490344956921932529e-02
9.529891592224352947e-02
9.590898559971422488e-02
9.679585229316500783e-02
9.721340242663807640e-02
9.762938485886078765e-02
9.808735692192994959e-02
9.834863113943408119e-02
9.856825243736816455e-02
9.850495872175962786e-02
9.798177880162042830e-02
9.751218946669529264e-02
9.719956819579871066e-02
9.679723752615397581e-02
9.616591379202568679e-02
9.557625292463702016e-02
9.458402732302582938e-02
9.373609195565095475e-02
9.328873016640333582e-02
9.284187589026760001e-02
9.242516232743230864e-02
9.193351715423268844e-02
9.157687098189029595e-02
9.146178560002997393e-02
9.138280466787533640e-02
9.113462370664342227e-02
