# game: leduc_poker 
# eval_every: 1 
# num_iterations: 1000 
# num_players: 2 
# bootstrap: False 
# truncate_negative: False 
# buffer_size: -1 
# num_hidden_layers: 2 
# num_hidden_units: 100 
# num_hidden_factors: 0 
# use_skip_connections: True 
# num_epochs: 200 
# batch_size: 100 
# step_size: 0.01 
# 
2.566518906847309989e+00
2.012254540938726244e+00
1.782139656423536334e+00
1.483348246948669624e+00
1.248048472996519109e+00
1.068127803211297966e+00
9.474315131227486475e-01
8.557411130919660991e-01
7.870322354887293592e-01
7.187235645907856796e-01
6.689340613976454408e-01
6.450444246680244742e-01
6.015088187963711919e-01
5.693399866381915198e-01
5.458943160404224892e-01
5.176530239238430475e-01
4.944294693851716826e-01
4.734262384722190409e-01
4.519869389744575749e-01
4.284448489770287249e-01
4.134499052062977631e-01
3.988185890955454616e-01
3.851772455141198037e-01
3.760321342401888312e-01
3.682725894671861622e-01
3.637022524069721818e-01
3.557478203492060453e-01
3.469357186019249029e-01
3.451057176428758977e-01
3.356347586624616186e-01
3.257588769616834301e-01
3.170807395497799441e-01
3.120724069201765705e-01
3.072759467292001112e-01
3.043666606933724261e-01
3.021971014688989987e-01
2.952899463646131428e-01
2.905498921925405154e-01
2.851158022706878903e-01
2.806319077456358446e-01
2.764494121560088224e-01
2.728588515781061319e-01
2.681817556917964751e-01
2.655310338942040160e-01
2.634246241674345623e-01
2.586522904741797024e-01
2.538543163214684317e-01
2.490581134289878151e-01
2.453302739800748422e-01
2.428635913949748759e-01
2.419415445329364256e-01
2.390388709971040804e-01
2.349389016860855828e-01
2.315895404533395430e-01
2.276273823775648575e-01
2.256500026881437249e-01
2.226989972169767518e-01
2.212420045075804143e-01
2.211990776408799819e-01
2.209939720091087523e-01
2.208249802747750956e-01
2.174102447763520130e-01
2.153366183977877268e-01
2.113336048850364968e-01
2.088725569250718950e-01
2.061541867389904692e-01
2.040428078175098303e-01
1.998648986770346081e-01
1.966407545709779048e-01
1.921739634652916140e-01
1.891047859825389921e-01
1.868733276701839419e-01
1.855080356974709577e-01
1.835809107696735332e-01
1.824733182317097024e-01
1.814702202496637495e-01
1.795660514717311584e-01
1.786419638044765834e-01
1.772713207582159445e-01
1.761964326259064240e-01
1.773226569162704713e-01
1.791697033561630570e-01
1.819811619326759111e-01
1.841827937655954039e-01
1.837637195157083569e-01
1.837330371157491760e-01
1.864397831903272795e-01
1.871018556838103253e-01
1.873277153983526344e-01
1.872467609306112113e-01
1.891018940099128964e-01
1.892898312387039095e-01
1.908627966850658386e-01
1.921116470075507898e-01
1.904545777885123803e-01
1.883088507136119749e-01
1.864110719269133631e-01
1.846339719205672414e-01
1.824252790036575145e-01
1.800117134523653017e-01
1.782979479762175079e-01
1.781164766167152025e-01
1.776306226491053408e-01
1.776937982796391036e-01
1.782349748480238361e-01
1.789570705139241769e-01
1.795521885970508824e-01
1.797509619702525596e-01
1.797953024825748591e-01
1.783074331032111770e-01
1.770774919059965868e-01
1.765698553364063450e-01
1.759600195678907575e-01
1.741776421140679432e-01
1.730877439754159308e-01
1.713025454522650315e-01
1.693269235503771508e-01
1.667908852223111416e-01
1.648023002922675562e-01
1.637123333556909088e-01
1.626901025789673216e-01
1.617274966970315420e-01
1.623040019738926643e-01
1.636185363208917387e-01
1.643740124622901089e-01
1.653491805341801291e-01
1.665809963683620998e-01
1.670967038958554585e-01
1.683896759784543895e-01
1.689855579786488649e-01
1.693286719878316082e-01
1.695732968005499997e-01
1.695779751150010561e-01
1.693645271417024423e-01
1.693416137621537310e-01
1.687975529807200781e-01
1.681416838141296943e-01
1.668821334276044399e-01
1.666198683564007743e-01
1.664962538909895151e-01
1.663884746157174854e-01
1.669861469476955906e-01
1.668771412226746631e-01
1.669052199717248608e-01
1.672982711987857085e-01
1.675810354316689399e-01
1.681665363403791469e-01
1.683230956388390709e-01
1.690672240705569651e-01
1.693787239704606928e-01
1.693853789246441699e-01
1.697816565734839300e-01
1.699221635227204374e-01
1.704650693249700755e-01
1.711976133457945304e-01
1.716327685342793341e-01
1.721384090353373364e-01
1.721702452471639000e-01
1.725128185072831166e-01
1.725839198436605049e-01
1.727612305196143672e-01
1.728367276241987160e-01
1.729762731353214900e-01
1.733191236165349258e-01
1.728817945088947927e-01
1.728228479846292132e-01
1.728507730884229765e-01
1.724794734857367784e-01
1.722821953657267258e-01
1.723869725016066445e-01
1.719210335734432660e-01
1.719358920051313189e-01
1.713847503833842434e-01
1.714237910548178090e-01
1.712884806358242196e-01
1.716379155355123864e-01
1.721126674237145604e-01
1.724010571953888404e-01
1.733834076618187559e-01
1.746725999642930183e-01
1.757703911510786199e-01
1.768939593109337682e-01
1.775985224232123905e-01
1.782248679829757099e-01
1.790070414030389689e-01
1.799261265514106867e-01
1.805228829806545532e-01
1.809468690576186423e-01
1.808696515339064670e-01
1.805902829504793805e-01
1.801839976048281722e-01
1.799398554682936080e-01
1.798449053127313402e-01
1.795803057597717967e-01
1.789210163387046082e-01
1.782040454002791763e-01
1.772253937598227691e-01
1.768616475102946228e-01
1.756453170549259479e-01
1.743343180202204523e-01
1.736353107421678144e-01
1.734002916414668083e-01
1.725253955171273390e-01
1.716351353315158090e-01
1.704963387299195943e-01
1.696192374775309930e-01
1.686839293410061780e-01
1.680510049296278785e-01
1.675542819847641585e-01
1.663591910632960524e-01
1.653129851764353342e-01
1.648346883222828185e-01
1.645802243053119951e-01
1.636025922733217453e-01
1.632315551293453404e-01
1.630891740111842236e-01
1.626649238103086703e-01
1.622223564975123489e-01
1.625638198288776592e-01
1.623921221432856887e-01
1.624077375811850410e-01
1.626123080091041451e-01
1.626827289069181504e-01
1.633186449846335264e-01
1.639377492191548269e-01
1.645827846683176610e-01
1.650084519033707120e-01
1.651835058525442101e-01
1.659587346467993885e-01
1.666193670321171882e-01
1.671904196330666337e-01
1.678142015692892230e-01
1.687263472526894792e-01
1.692608583166277381e-01
1.699784161756559553e-01
1.707067140746601763e-01
1.715327497388581257e-01
1.724655950227026446e-01
1.732279890356901997e-01
1.738410465731280441e-01
1.745458550663693265e-01
1.752265335118367851e-01
1.754706342849267631e-01
1.760485300378018536e-01
1.763402984245056038e-01
1.763069220261035963e-01
1.769057937790735335e-01
1.776081898894441569e-01
1.781252204881649814e-01
1.783795098300795523e-01
1.790711776555569124e-01
1.794972368350741809e-01
1.801214700085504161e-01
1.806294693201385138e-01
1.813597261782478320e-01
1.815163507084027739e-01
1.821096870900289488e-01
1.822012419380776849e-01
1.819545239421128668e-01
1.820755007427272698e-01
1.822837126489076087e-01
1.821504962369609737e-01
1.818518234091826558e-01
1.815537484409679991e-01
1.811176520314520255e-01
1.806047005634699443e-01
1.802052778048204851e-01
1.799576653273043669e-01
1.796742396576136158e-01
1.792551746802393819e-01
1.790932428288766198e-01
1.787191507986580774e-01
1.786436137571740801e-01
1.783557427976404375e-01
1.782730174952411040e-01
1.781481386153823676e-01
1.779562027507844146e-01
1.778403364405847231e-01
1.781341010072451936e-01
1.780369206248808844e-01
1.778956180639393037e-01
1.782527795887919875e-01
1.782322538431137526e-01
1.783534799166242024e-01
1.784220487136509159e-01
1.784186093524123551e-01
1.783425230977231379e-01
1.780400637131799302e-01
1.778733072167602847e-01
1.778083532461183780e-01
1.771695352910780674e-01
1.765011200759334375e-01
1.760072031194693520e-01
1.753328787740715544e-01
1.746650440226632517e-01
1.739226082315343258e-01
1.724724662285359034e-01
1.711997576921070463e-01
1.698942924535414567e-01
1.688389758552089615e-01
1.679832488140781677e-01
1.670574713390086674e-01
1.661105283792441156e-01
1.653929707368472501e-01
1.643694507899856883e-01
1.639420216501130123e-01
1.635492559256960521e-01
1.630606386712798450e-01
1.625423126774594995e-01
1.621264128369443447e-01
1.619951751582534849e-01
1.615932528843274929e-01
1.611352657187630211e-01
1.609291259420616016e-01
1.606204582037732698e-01
1.602553107312499336e-01
1.601344531529612092e-01
1.598816885144518918e-01
1.598797895026284610e-01
1.596443241721205997e-01
1.594419561700468335e-01
1.588023881439428187e-01
1.583763327903026652e-01
1.576946778969548213e-01
1.575509566573588816e-01
1.569039162509774932e-01
1.563870406506450428e-01
1.559649294909130623e-01
1.555588600652536013e-01
1.553460171266341505e-01
1.550730245368638349e-01
1.548053142868429100e-01
1.548239679281422920e-01
1.547995855030077084e-01
1.545139591597106121e-01
1.544519076730265783e-01
1.543687261660676713e-01
1.545538897016015822e-01
1.544782982789622006e-01
1.543828931415017203e-01
1.541655867130128366e-01
1.540901525058665789e-01
1.537672540560863221e-01
1.533327645186928767e-01
1.528482752196027583e-01
1.526671937525026501e-01
1.524142336995410463e-01
1.521717668215674113e-01
1.518757874566424859e-01
1.515317012993030177e-01
1.510745101992236605e-01
1.509598144998332836e-01
1.507497848655109107e-01
1.506108034658060202e-01
1.505245342371801243e-01
1.503776597274435467e-01
1.502305461836162814e-01
1.501161440163302774e-01
1.500730519792881634e-01
1.500493676095754625e-01
1.500531568425386431e-01
1.503661670804168071e-01
1.507003800615953626e-01
1.505696346946000519e-01
1.506810372057514336e-01
1.507705147325617001e-01
1.510464527477302643e-01
1.510862210826733332e-01
1.511249475360408878e-01
1.512196993832033987e-01
1.515340846935133989e-01
1.515279467215409903e-01
1.516055108852119582e-01
1.516030672039651028e-01
1.514635941463107205e-01
1.513700219613394737e-01
1.513040977712502011e-01
1.513982959009335660e-01
1.514564000546637090e-01
1.516312121852641526e-01
1.516226267136378536e-01
1.516085143971980242e-01
1.516408983124447052e-01
1.516778645419222804e-01
1.518234922532898656e-01
1.519819709775130923e-01
1.524161980333302580e-01
1.528547390185169275e-01
1.532076770671524368e-01
1.535018744911449962e-01
1.536304763575657983e-01
1.539970950941149108e-01
1.543795287519559301e-01
1.549554233904573697e-01
1.554860332794031907e-01
1.558954665849535959e-01
1.562742573563022652e-01
1.565928376592572446e-01
1.572022090744458755e-01
1.574391466317482391e-01
1.575959266884842114e-01
1.574723029443705902e-01
1.576079120727584271e-01
1.579146867838662760e-01
1.580853849921224907e-01
1.583311014411857287e-01
1.586686470147108952e-01
1.589650775120863835e-01
1.592185593332949289e-01
1.595595134530818915e-01
1.602625140612100596e-01
1.610173311205382318e-01
1.617923203842348556e-01
1.625799588490038916e-01
1.631044111981467815e-01
1.638756240737887504e-01
1.644482706665754135e-01
1.650093989317987786e-01
1.655704793300716848e-01
1.660905173357667408e-01
1.666808294550511382e-01
1.672873824282687105e-01
1.679480389578267840e-01
1.685145577186912824e-01
1.689300222096267734e-01
1.694115370473675275e-01
1.701201390789217061e-01
1.706951422495872339e-01
1.712524334380586544e-01
1.718546056173512748e-01
1.723974650485664839e-01
1.729679360215261585e-01
1.734035015299330573e-01
1.738767077660755001e-01
1.740764443488697077e-01
1.744396223881290453e-01
1.747924422782685672e-01
1.749313044906007364e-01
1.751116647053742592e-01
1.753899268011150925e-01
1.755158707819144404e-01
1.756400918230081043e-01
1.753807204925510177e-01
1.751565219850817479e-01
1.749384969701269499e-01
1.745778303314289848e-01
1.746790892326215427e-01
1.748095913293505055e-01
1.745666196200275633e-01
1.747323108667939162e-01
1.747403670102360973e-01
1.750009846639348776e-01
1.749889677539543664e-01
1.749166084546658340e-01
1.747474514604819285e-01
1.746586209211645757e-01
1.747070579766392684e-01
1.747779450370414434e-01
1.747492390337119228e-01
1.747447463045637694e-01
1.748339231818467621e-01
1.748601709410350091e-01
1.749450456688828315e-01
1.748717949342312172e-01
1.748316733246366161e-01
1.747164365645519357e-01
1.745911664990164314e-01
1.743101301061454056e-01
1.740484532405941198e-01
1.737969259226533059e-01
1.735654122803496069e-01
1.733784221133530257e-01
1.730427734871602119e-01
1.724997190163178873e-01
1.722782884488737176e-01
1.719520234353557608e-01
1.717649757565185009e-01
1.710296840250314365e-01
1.703196745675746859e-01
1.695319020151060951e-01
1.687772765517850937e-01
1.679188512092623653e-01
1.669904597185519202e-01
1.660438729726357310e-01
1.652757239446677739e-01
1.643139473601278322e-01
1.634563388359868696e-01
1.626951902865806932e-01
1.618812757389633261e-01
1.611651973009476935e-01
1.604002372269285881e-01
1.595736425991912122e-01
1.592634886971160402e-01
1.590803383450970498e-01
1.589868282960427981e-01
1.589936568859642296e-01
1.590105140601867362e-01
1.589720574668689324e-01
1.589721522208387139e-01
1.589632214336182403e-01
1.589666644123074180e-01
1.590776271387135676e-01
1.590558747884119883e-01
1.591428451295365532e-01
1.595274157011566940e-01
1.597910779361624289e-01
1.599781692459857907e-01
1.602824259924988115e-01
1.604956682587994066e-01
1.607863980583660313e-01
1.611242257790446442e-01
1.615189062348329485e-01
1.619495595577520319e-01
1.624613872764257283e-01
1.629524298301484597e-01
1.633934178048535024e-01
1.639102304146783096e-01
1.643094593121787739e-01
1.644969541225973497e-01
1.647449172939493278e-01
1.649566212695745548e-01
1.652380663209520040e-01
1.655677662025359931e-01
1.658826893292877913e-01
1.660352516401194523e-01
1.662028118491257200e-01
1.665240613961024851e-01
1.664598984692786943e-01
1.667524994727445364e-01
1.668966616372149214e-01
1.670752132160568393e-01
1.671679426513088540e-01
1.672327301707053071e-01
1.672316789958392114e-01
1.672048942630267321e-01
1.671216882293701800e-01
1.671366305706465383e-01
1.671072281298034978e-01
1.670448124635811049e-01
1.669008516321116298e-01
1.666544596023802893e-01
1.664804578259242718e-01
1.661713051777858330e-01
1.658680600240718950e-01
1.655707074892695529e-01
1.653859751548681090e-01
1.651817189710204914e-01
1.650149298080547111e-01
1.647129660708324117e-01
1.642677701911061106e-01
1.640501702523201044e-01
1.635810154320891108e-01
1.634272982575024624e-01
1.633411114798620500e-01
1.629955815659557827e-01
1.626139131349700340e-01
1.622961551047399364e-01
1.619371541920655577e-01
1.618459076960721554e-01
1.615964805996697728e-01
1.613069317338714503e-01
1.609725196520712664e-01
1.607587532915459860e-01
1.605033894705059361e-01
1.601775046035914252e-01
1.597909496221318337e-01
1.596131586989212037e-01
1.593591351944347312e-01
1.591735542117596325e-01
1.590440893240636089e-01
1.588915283470530571e-01
1.587582503513896015e-01
1.587028316506964576e-01
1.586090259975959649e-01
1.583780780216742512e-01
1.583485110004101970e-01
1.582440990640140988e-01
1.580055335881930256e-01
1.579506918366402335e-01
1.578312633374970853e-01
1.577318385120024535e-01
1.576075790706232271e-01
1.577591869862659812e-01
1.576435905701484286e-01
1.575582695598715388e-01
1.573278088363972982e-01
1.571879658261556012e-01
1.572325473921618311e-01
1.571324190571174728e-01
1.572336302247669682e-01
1.572186410493238984e-01
1.571600495609083159e-01
1.570079450852680802e-01
1.569028261272927827e-01
1.568205381783090990e-01
1.567589976806429419e-01
1.568050509861869113e-01
1.566912803782265218e-01
1.565572048116578574e-01
1.564321352965800382e-01
1.560944218124459271e-01
1.558854160745899997e-01
1.556806066603879657e-01
1.555688242103078767e-01
1.553947322398904207e-01
1.552551606974858500e-01
1.550991412932313795e-01
1.549988102563626124e-01
1.547429955524051437e-01
1.545103575221382086e-01
1.542916318018607291e-01
1.542185287292745510e-01
1.541083183198949380e-01
1.541142780729787831e-01
1.540957391158851164e-01
1.539913160677776061e-01
1.538859734729002282e-01
1.538950011105593152e-01
1.538939108515296750e-01
1.538070713784632781e-01
1.537697154485610507e-01
1.536865349832942651e-01
1.536582239053895793e-01
1.537065091404651862e-01
1.537050149424677159e-01
1.536309941055120643e-01
1.535931564070173727e-01
1.534896116104731145e-01
1.534548139511132669e-01
1.533322138250280409e-01
1.532212804579219934e-01
1.533629512214670365e-01
1.533961475407433217e-01
1.534422790459114283e-01
1.532413026145160173e-01
1.531388046420220361e-01
1.530243637117828237e-01
1.528453998030506744e-01
1.524765584025498666e-01
1.521228031696533201e-01
1.520084713557770806e-01
1.517534691994616158e-01
1.516300435860187534e-01
1.514297943218789189e-01
1.512060610327289056e-01
1.511157538426451952e-01
1.507125142320058786e-01
1.505260122881971752e-01
1.503854734643160773e-01
1.502701696549998411e-01
1.502155244214164465e-01
1.499883463311097453e-01
1.496062813740955122e-01
1.495768839417812579e-01
1.494104772015415472e-01
1.493981034769665539e-01
1.491722349714642848e-01
1.490618548369057050e-01
1.488675895833359297e-01
1.486343852678065347e-01
1.486280630946094361e-01
1.484498261434764599e-01
1.483024468121981465e-01
1.480290769222789016e-01
1.479725363637068303e-01
1.477174171287753135e-01
1.477616800870091285e-01
1.478239744358131602e-01
1.478983183086270969e-01
1.480179682457979928e-01
1.479049510900318776e-01
1.477972662947453497e-01
1.477465105601373785e-01
1.475785076276388830e-01
1.474084456530789233e-01
1.472859973280429557e-01
1.471867350936942875e-01
1.470140594024910430e-01
1.468653483985227493e-01
1.466340822373628505e-01
1.464291697893421729e-01
1.462323122854213286e-01
1.461331424106187549e-01
1.461767427782327267e-01
1.461225998296668549e-01
1.461090775883314707e-01
1.460066213083093811e-01
1.459511705594255249e-01
1.459659249126313840e-01
1.458914114339796286e-01
1.458388867853813164e-01
1.457632138698488622e-01
1.457531911372123290e-01
1.457535671803573130e-01
1.457741699183441320e-01
1.458800172472864420e-01
1.459289205223813224e-01
1.460722828706771670e-01
1.461138139277554648e-01
1.462312801506025495e-01
1.463518132015208251e-01
1.464621204984019598e-01
1.465638339200022178e-01
1.467252689474913274e-01
1.468867918967902142e-01
1.470741859910588978e-01
1.473329814526233017e-01
1.475338597858527612e-01
1.476837333886668602e-01
1.479117311901511078e-01
1.480773188435799137e-01
1.481796653971716449e-01
1.483378828602557875e-01
1.484775061859473777e-01
1.487746648801205329e-01
1.489823049286560508e-01
1.491721763269268364e-01
1.493358272057737079e-01
1.495927072158740878e-01
1.497585132777839445e-01
1.500861699748889388e-01
1.502009435016271321e-01
1.503377171538782808e-01
1.505339026114594358e-01
1.507192163124250750e-01
1.508939192321080425e-01
1.510205158495038502e-01
1.512999789101462378e-01
1.515325863097505277e-01
1.517006506351359918e-01
1.518381061675094235e-01
1.520346830719392361e-01
1.522363949271199612e-01
1.525737164503369048e-01
1.528499720746775425e-01
1.532554812138929301e-01
1.535367298849624751e-01
1.537927393659175301e-01
1.540328566685434941e-01
1.542124051256360540e-01
1.544492658312913991e-01
1.546844068058260135e-01
1.549684550383339798e-01
1.550990533050734532e-01
1.552791294354561868e-01
1.554217827669278629e-01
1.555426847433303006e-01
1.558499211544076279e-01
1.561190057567906631e-01
1.563796782087761017e-01
1.568731060795989785e-01
1.571306820751350308e-01
1.573581748107454881e-01
1.576133325878520397e-01
1.577462472535578475e-01
1.580843179852635116e-01
1.583709181094948848e-01
1.585102542650390078e-01
1.586869342348347645e-01
1.589525717468708854e-01
1.591554910218913044e-01
1.593878010746739293e-01
1.596181588239932725e-01
1.598842881641981128e-01
1.600743757135233425e-01
1.602838860739367322e-01
1.604158857504173197e-01
1.605972025507139966e-01
1.607142111816103891e-01
1.609398391518223059e-01
1.611445597667125473e-01
1.612861953080467758e-01
1.613643805782292440e-01
1.615961090814116985e-01
1.616992384068186850e-01
1.617091585870265580e-01
1.619083576267401625e-01
1.621125458932552998e-01
1.622731522628171608e-01
1.623065309270407264e-01
1.626027495945709667e-01
1.628002521727597296e-01
1.629330597623268040e-01
1.629336981524148187e-01
1.630366818717006450e-01
1.632229203544551255e-01
1.632798534061955242e-01
1.633929200395374259e-01
1.634171397934830461e-01
1.635639503637219272e-01
1.636840366106717126e-01
1.639094409477179215e-01
1.640983417667929989e-01
1.643278764031405603e-01
1.644581997502709003e-01
1.648253057072194827e-01
1.650890568254288482e-01
1.654232044082553366e-01
1.656108403080256974e-01
1.658325514657293942e-01
1.660552115546476970e-01
1.662521459513338629e-01
1.664837114794402440e-01
1.667740352157462969e-01
1.670374890758536957e-01
1.673107395909839701e-01
1.675362896038045113e-01
1.678596183962830501e-01
1.681062619668406144e-01
1.683747619268855245e-01
1.687538955263377660e-01
1.689768472032620039e-01
1.692277125067727095e-01
1.695312792936630730e-01
1.698094741908334482e-01
1.700663605505203235e-01
1.703170956104311795e-01
1.706518853635576871e-01
1.708124207713934695e-01
1.709762065583415591e-01
1.712659853813596478e-01
1.714609357312261995e-01
1.717360063806413761e-01
1.719283399786951660e-01
1.720582324499487226e-01
1.722354093014255016e-01
1.724394332752112180e-01
1.726510674692708636e-01
1.728626576967524364e-01
1.729864847059768285e-01
1.730965093276779498e-01
1.732850230793974433e-01
1.734454283660687990e-01
1.736133076273572440e-01
1.739111219230667083e-01
1.741524670515949835e-01
1.744543786058758983e-01
1.746779483766232877e-01
1.749173555928462409e-01
1.751761454220038816e-01
1.753633595009236601e-01
1.755160309255290874e-01
1.757776523153446457e-01
1.759883449236583908e-01
1.762115648270715651e-01
1.764125312674442447e-01
1.766462455817763844e-01
1.768360746811442341e-01
1.771035578395960264e-01
1.774364995003699375e-01
1.775886309261386908e-01
1.778118472237356085e-01
1.780104922673558798e-01
1.782140873070739429e-01
1.784596848652434398e-01
1.785980765095027678e-01
1.788825707195696169e-01
1.791144965028308444e-01
1.792433468252564721e-01
1.794430299992765820e-01
1.795773900791798605e-01
1.798161318501790840e-01
1.799478383536320947e-01
1.802115189064029399e-01
1.804344721281617436e-01
1.805478296764397306e-01
1.807597874317154463e-01
1.809982791267146507e-01
1.811780931064812528e-01
1.812346552989875792e-01
1.813694870739230580e-01
1.814051537679590154e-01
1.815688927123061402e-01
1.816654450036890578e-01
1.817849129260093455e-01
1.819792762174714251e-01
1.821111812752863879e-01
1.823263656219147877e-01
1.825411758169645515e-01
1.828518766751096591e-01
1.830516607185631583e-01
1.832786014415043740e-01
1.834435756188473876e-01
1.837231554043068649e-01
1.840179913639334863e-01
1.841011053957483656e-01
1.842612701759677729e-01
1.843680052358863675e-01
1.844850955491018629e-01
1.845289730470205947e-01
1.846163447523515022e-01
1.845991845603043857e-01
1.847472526874255339e-01
1.848347415456521314e-01
1.848286810837748706e-01
1.847296367340810486e-01
1.847199197484025446e-01
1.847256130126559703e-01
1.846158583060195646e-01
1.844955884124144796e-01
1.844480228013111178e-01
1.844349934407187863e-01
1.843107640127914504e-01
1.842848853239883455e-01
1.840792717045864890e-01
1.840015527005273155e-01
1.838755151841144908e-01
1.837494497305038332e-01
1.835636334110286316e-01
1.834494427902322311e-01
1.833369945987327054e-01
1.831549258754107123e-01
1.829575543876079680e-01
1.828871932992288951e-01
1.827947169212619793e-01
1.827425768564704955e-01
1.826175193317041145e-01
1.824777948454540111e-01
1.824153708715937627e-01
1.823284819353911679e-01
1.822596856733868509e-01
1.821841033316334846e-01
1.820833554706277613e-01
1.821496476890491212e-01
1.819918868670195589e-01
1.819545805108913894e-01
1.818453947839481222e-01
1.817608869226670087e-01
1.815885298416210492e-01
1.815357801458460929e-01
1.815088565708908863e-01
1.814328031197693925e-01
1.813557082791456276e-01
1.812942604711226535e-01
1.812797652444440855e-01
1.812973099743208638e-01
1.812770577140859207e-01
1.812772556688199699e-01
1.814339281452078956e-01
1.814277535503908689e-01
1.813851774839211894e-01
1.813672297244460219e-01
1.813954974992084135e-01
1.812880887117294670e-01
1.813646779611053361e-01
1.814421826544551364e-01
1.814685265260353730e-01
1.814474530005555364e-01
1.814545370490657228e-01
1.815251831879519662e-01
1.813964514370715875e-01
1.813981459830194543e-01
1.813396571557478465e-01
1.814111714763192718e-01
1.814709684699787329e-01
1.816685492844224425e-01
1.817869992264316004e-01
1.817601571409325212e-01
1.817071017082063089e-01
1.818604499948599518e-01
1.819424528938240748e-01
1.819914769631574281e-01
1.820505725379024109e-01
1.820816060627882815e-01
1.821309832051621336e-01
1.822009427348144917e-01
1.822940599239919468e-01
1.822609200539178076e-01
1.823491187492607690e-01
1.826020935905576792e-01
1.826240938237731759e-01
1.826867650527381204e-01
1.827569655178023222e-01
1.827750557562646816e-01
1.828260405676537526e-01
1.828339351690215775e-01
1.828254827293986640e-01
1.829054870705039415e-01
1.828622911597277412e-01
1.830523531560390438e-01
1.831537634284719218e-01
1.833560373010313382e-01
1.834879511260505414e-01
1.836914730583344424e-01
1.838828135730306568e-01
1.839661385916274705e-01
1.841645690638439581e-01
1.843592523093191549e-01
1.846892247503922335e-01
1.849214829696239903e-01
1.851148458253923379e-01
1.852425649570596800e-01
1.854741495720096389e-01
1.857224182044462102e-01
1.861050580908851781e-01
1.864136940695664824e-01
1.866302591462997151e-01
1.869293164901757731e-01
1.871079739145579957e-01
1.872877951745714475e-01
