# game: leduc_poker 
# eval_every: 1 
# num_iterations: 1000 
# num_players: 2 
# bootstrap: False 
# truncate_negative: False 
# buffer_size: -1 
# num_hidden_layers: 2 
# num_hidden_units: 30 
# num_hidden_factors: 0 
# use_skip_connections: True 
# num_epochs: 200 
# batch_size: 5000 
# step_size: 0.01 
# 
2.585829865513739279e+00
2.158233247823333478e+00
1.580311691848049094e+00
1.256734223449603505e+00
1.097583244562573723e+00
9.820214342918376360e-01
9.039114909043655111e-01
8.324132942346239572e-01
7.781589298025071155e-01
7.194896591627223392e-01
6.755496040269843849e-01
6.290335150488166605e-01
5.963130955851982939e-01
5.695062102548852367e-01
5.503188399049204760e-01
5.332892454523774362e-01
5.264584455821834652e-01
5.247568731097602690e-01
5.177581824378232334e-01
5.156024297199087725e-01
5.077156360516394962e-01
4.917209694159724309e-01
4.740881353379174934e-01
4.613541715651344743e-01
4.506853239724476490e-01
4.392522530480896803e-01
4.299786684216848620e-01
4.206833285346553986e-01
4.154478599678135264e-01
4.111614087210210267e-01
4.079848138132293744e-01
4.045106791203821328e-01
3.991880022416990914e-01
3.899444975993637819e-01
3.800076995996757301e-01
3.779992719158455361e-01
3.769882237095743549e-01
3.733220421710062298e-01
3.695143318137998900e-01
3.643810600163969737e-01
3.579144113933550031e-01
3.506331897227840666e-01
3.427440531576732008e-01
3.351592727692057072e-01
3.284298334527196994e-01
3.220166378450557976e-01
3.151220052068922639e-01
3.112319893720645880e-01
3.065306615407901725e-01
3.023850451826983754e-01
2.959018493304695352e-01
2.927172757375414713e-01
2.897607025430550265e-01
2.878849432662652363e-01
2.861901234362075330e-01
2.834193148031940446e-01
2.797821051539627901e-01
2.780452868279335576e-01
2.747329390462431853e-01
2.725850320420675210e-01
2.717892346561825434e-01
2.705792419524107317e-01
2.697387827793107373e-01
2.687058160883827318e-01
2.669351876376103716e-01
2.654656324477154827e-01
2.645002942083528596e-01
2.633299317289846120e-01
2.626778632837262206e-01
2.621953473473066509e-01
2.615214211473077532e-01
2.602476229082464343e-01
2.592911328583495378e-01
2.581551619950301912e-01
2.563898226835220062e-01
2.549233123937303391e-01
2.537775300091390518e-01
2.526980109791167606e-01
2.507126171154439587e-01
2.485499651439368740e-01
2.473713232294786346e-01
2.475801235768002595e-01
2.467112525515183230e-01
2.459168906249846187e-01
2.457820338398351567e-01
2.453625729409487921e-01
2.450825266501027166e-01
2.447247518897943119e-01
2.439473562432628584e-01
2.430922069850804945e-01
2.424308071378146745e-01
2.422824689023717615e-01
2.409237889327845439e-01
2.396875428586885681e-01
2.377649751693257929e-01
2.363749502967500415e-01
2.359149787195709835e-01
2.352605066830108227e-01
2.341543066947777141e-01
2.335560611361138517e-01
2.328533533577777093e-01
2.320562111672310746e-01
2.315104332544823951e-01
2.311697146154929883e-01
2.307592989107122294e-01
2.295756844696053567e-01
2.291711737410785377e-01
2.296230459699726278e-01
2.299101906568977172e-01
2.299036254107127974e-01
2.292960422406976340e-01
2.288139854851216071e-01
2.279441855321936994e-01
2.278179920188015684e-01
2.261526994536533497e-01
2.247295427734338213e-01
2.233544846484266655e-01
2.220591797107162035e-01
2.199445979245855387e-01
2.182250007761663002e-01
2.161948887285355669e-01
2.142496372197564281e-01
2.126011171841349079e-01
2.105685687803624806e-01
2.087541957494882805e-01
2.078228183880291569e-01
2.073041983012741396e-01
2.070087578280130347e-01
2.061942111465465965e-01
2.057534421099590505e-01
2.056832539552918282e-01
2.057315452949889933e-01
2.051360078768566242e-01
2.046112352287132174e-01
2.036925589592541164e-01
2.023960179949057525e-01
2.014968509149254738e-01
2.002615314768687038e-01
1.990936805290534628e-01
1.981057119626744301e-01
1.969904095675249767e-01
1.964344700715193737e-01
1.957599298070472615e-01
1.953055307333680657e-01
1.945447764419240277e-01
1.942798933709696807e-01
1.936981977858565074e-01
1.929187408878864918e-01
1.920780822409123845e-01
1.908701510592679396e-01
1.900525890445095845e-01
1.893193206373814386e-01
1.885274552408869320e-01
1.878037888749906348e-01
1.871789061987665925e-01
1.864425721155376636e-01
1.856070479712895183e-01
1.851530309404918195e-01
1.845789367942790860e-01
1.838579231534483993e-01
1.830743247493614723e-01
1.824273137496745245e-01
1.816838580841626527e-01
1.808412477854920986e-01
1.798075908444428661e-01
1.790189721916704002e-01
1.781104008491328217e-01
1.777288243244160015e-01
1.773516977455982802e-01
1.772309202912176751e-01
1.772884106054637976e-01
1.770904049376378353e-01
1.767935643167471149e-01
1.767609936649540692e-01
1.769156552665102355e-01
1.769533977721943763e-01
1.770163579844005741e-01
1.770113046542989566e-01
1.772789412083274896e-01
1.773996436875059091e-01
1.780167869157860960e-01
1.784477063943065434e-01
1.794081813866955644e-01
1.798185885869473810e-01
1.810286683303496957e-01
1.816230934815483145e-01
1.822671792085974740e-01
1.826433866850140919e-01
1.834157355474732021e-01
1.836448735723725245e-01
1.845983573100369313e-01
1.848247963350119483e-01
1.850342076969995475e-01
1.854206401450049779e-01
1.857073709906478243e-01
1.857311984499537827e-01
1.858344161951829554e-01
1.858602920216822496e-01
1.861498092110539238e-01
1.863829716193003139e-01
1.862116252275701211e-01
1.861074860249519181e-01
1.862023595551240418e-01
1.856894564595931718e-01
1.851168756743721278e-01
1.844763676505550842e-01
1.832235757215494032e-01
1.823241127140504680e-01
1.809026992065324024e-01
1.794498726904706909e-01
1.778626487132347334e-01
1.759859982623358521e-01
1.741520696161115711e-01
1.724055117956049266e-01
1.709060192737893169e-01
1.694887085963971973e-01
1.679702291897348654e-01
1.668921156070089784e-01
1.657673403349478047e-01
1.646092672653156064e-01
1.636196997878364146e-01
1.628990926038313136e-01
1.623857564642710583e-01
1.621412154128624161e-01
1.623737240547449279e-01
1.627640165594188837e-01
1.629145496985052177e-01
1.633513592255917968e-01
1.636459678261384387e-01
1.640298463162314924e-01
1.642762985270351250e-01
1.647070016928467717e-01
1.651553415996458996e-01
1.653912403093286687e-01
1.656804570176872993e-01
1.663341842774921087e-01
1.669352403030931464e-01
1.676558221363007584e-01
1.682178286859878358e-01
1.686532686094224520e-01
1.694596912701900882e-01
1.700523424825163277e-01
1.707577362431096923e-01
1.715427057128299793e-01
1.720988673726693841e-01
1.725223666389647525e-01
1.731177612011313149e-01
1.736928458204236025e-01
1.743487670343227824e-01
1.747690764110889639e-01
1.751324957331307774e-01
1.753774398288265868e-01
1.757494942314829223e-01
1.758603516884490459e-01
1.761663084010117730e-01
1.764623290897610053e-01
1.769051541353162948e-01
1.773890170419975543e-01
1.777982776496128126e-01
1.780953308138509827e-01
1.783231859473052572e-01
1.786106206633331361e-01
1.787308024831414377e-01
1.788079377991107499e-01
1.787691404247537252e-01
1.786100091156353487e-01
1.784269615390520758e-01
1.783220338712325215e-01
1.784998456425327951e-01
1.787030312325578185e-01
1.788323763840647951e-01
1.787816158483112317e-01
1.786083309103315142e-01
1.783602360338525372e-01
1.781864753030871495e-01
1.778982293866512576e-01
1.776250736463310942e-01
1.771352665619216893e-01
1.767723697683628858e-01
1.766156140943583308e-01
1.764606230390344810e-01
1.764406866545862873e-01
1.766267884529968968e-01
1.767773290465886604e-01
1.769234225868425159e-01
1.771252022467880993e-01
1.773498546472642157e-01
1.777000432256022333e-01
1.780170133685738676e-01
1.783099568508786370e-01
1.784178343137355904e-01
1.783862126176031238e-01
1.782952821346825978e-01
1.780792816452866079e-01
1.778381315235257054e-01
1.777047552509143924e-01
1.774343774128077644e-01
1.772424337025967911e-01
1.766854734611652267e-01
1.760329308552953109e-01
1.750759631282927664e-01
1.741788786107406617e-01
1.731416647393403396e-01
1.719647677426710541e-01
1.707384138329015588e-01
1.692091891363954326e-01
1.678641484996026834e-01
1.665695290290866715e-01
1.651805376630678390e-01
1.640938946358564410e-01
1.630374404678864297e-01
1.618905891035909983e-01
1.609692355122436525e-01
1.603693017771244400e-01
1.595382903998343316e-01
1.588403962008015924e-01
1.583028467924674776e-01
1.578322917653917079e-01
1.573946648630619727e-01
1.570861128904276760e-01
1.566703653531830165e-01
1.562874169870283325e-01
1.560908052808665791e-01
1.561740627704208406e-01
1.564032345237481580e-01
1.565359649326611979e-01
1.567330180104276882e-01
1.567571229671518018e-01
1.568763929432112347e-01
1.570086568317176079e-01
1.569316519886737316e-01
1.569217189877882834e-01
1.568877185549687470e-01
1.569066237896955540e-01
1.570905533721137504e-01
1.571839945904148772e-01
1.573011524915448045e-01
1.572370866805828937e-01
1.572183360823097842e-01
1.571124399500988256e-01
1.567914796074074690e-01
1.569022443972046543e-01
1.571033183262221244e-01
1.573861572308761503e-01
1.575639461383992468e-01
1.578634037469198170e-01
1.580621478543463576e-01
1.581951915639197848e-01
1.584202167465615929e-01
1.584922765491627861e-01
1.586184492683387071e-01
1.587414533399077454e-01
1.588204877048357000e-01
1.586930083329597951e-01
1.586672553711256928e-01
1.585760459381386211e-01
1.583612143075055489e-01
1.582301838518853643e-01
1.577620530751551176e-01
1.573956114323571132e-01
1.571567184667373440e-01
1.569278093329889989e-01
1.567257374519210877e-01
1.564442276873430349e-01
1.559762549081189498e-01
1.555756233282341028e-01
1.550796573037928061e-01
1.545715852692857994e-01
1.541434139207079335e-01
1.538180673979075985e-01
1.535739216573722699e-01
1.536688698769685391e-01
1.537725933476525864e-01
1.538922090869483394e-01
1.540303255153197826e-01
1.541642797987036739e-01
1.541419927325127226e-01
1.542409385308903813e-01
1.541334178662358556e-01
1.540761382664009860e-01
1.539409112119717316e-01
1.537632113289830738e-01
1.535591538443430437e-01
1.533370604196538367e-01
1.531342219920093783e-01
1.528737654801271550e-01
1.526906626902710951e-01
1.524803433667792363e-01
1.523831823909359007e-01
1.523290344168750643e-01
1.522499235047885535e-01
1.520735926357834333e-01
1.518609085111114476e-01
1.517173395102387468e-01
1.516764466607644080e-01
1.516014360011191664e-01
1.514700588512109258e-01
1.513636770429297729e-01
1.514030279763929898e-01
1.517366642588730830e-01
1.518528086961268009e-01
1.519067056081091494e-01
1.521671082689135812e-01
1.522471387948042820e-01
1.524174598985886253e-01
1.526198635821139626e-01
1.526406180726134765e-01
1.527623671884687506e-01
1.526347055338210801e-01
1.525892791470792598e-01
1.524383379753678214e-01
1.523233831180070830e-01
1.522824203172993274e-01
1.520458614457724789e-01
1.518400380330507393e-01
1.516533760525839991e-01
1.513612830392201403e-01
1.511697260437169510e-01
1.509103316706682796e-01
1.506994472212215830e-01
1.504281442047380457e-01
1.501780840738322631e-01
1.498754065574272043e-01
1.496466425212254481e-01
1.494937413203372145e-01
1.491441616494167677e-01
1.488495156404785191e-01
1.485786340532511129e-01
1.481789569332315204e-01
1.478954216593626469e-01
1.475772751222061419e-01
1.472328908858480667e-01
1.467697912143408334e-01
1.462896232041667188e-01
1.457826065223278011e-01
1.454001056850541818e-01
1.449553039562180845e-01
1.445066941641846292e-01
1.441820862247617796e-01
1.436864900721835092e-01
1.432614723849634508e-01
1.428796534220975190e-01
1.423549517013412424e-01
1.421333270583851061e-01
1.417916554333983892e-01
1.414778613952451525e-01
1.410097747647155175e-01
1.408301396883110956e-01
1.402576559062113093e-01
1.398475245585474314e-01
1.393669533470316968e-01
1.388782304125728562e-01
1.383227192164482866e-01
1.377709783758071238e-01
1.372332192105080173e-01
1.366243572813664875e-01
1.361115664914831769e-01
1.355589540380853775e-01
1.351121475265670835e-01
1.345947473352830936e-01
1.340088272868158459e-01
1.334856376927649468e-01
1.329643274777284334e-01
1.324331431709110107e-01
1.321990579428393708e-01
1.318333987210776048e-01
1.316081573896339396e-01
1.314379774796593514e-01
1.311896372113462994e-01
1.309205275922543099e-01
1.307516322520289875e-01
1.305764797600132421e-01
1.304254851476834287e-01
1.303519732100688333e-01
1.301935157167959933e-01
1.301136587863530036e-01
1.300276192176248735e-01
1.299213043404087720e-01
1.298149502469536087e-01
1.297872617041504473e-01
1.297325918527477973e-01
1.295997019415842388e-01
1.296734223363867344e-01
1.297317430524637383e-01
1.297480089708062390e-01
1.297884149082503269e-01
1.298368560084799395e-01
1.299499707168336460e-01
1.300020094525768943e-01
1.299517258535110575e-01
1.298395968779390841e-01
1.296000019765495836e-01
1.294532716322842059e-01
1.293061007398170204e-01
1.292583926465494804e-01
1.291993477682462366e-01
1.290534151820244002e-01
1.288767413553762453e-01
1.286421070819145362e-01
1.284822009275539689e-01
1.283360233818940377e-01
1.282653389112779208e-01
1.280921134022215413e-01
1.279424216917708357e-01
1.279036221725874667e-01
1.276596290038987669e-01
1.274265684399352172e-01
1.273767247112831125e-01
1.271354922225621797e-01
1.267011209052702481e-01
1.263943124829574605e-01
1.261262764740395115e-01
1.258434453153702837e-01
1.254769633866778533e-01
1.251577512822582006e-01
1.248684116318201365e-01
1.245935782496578603e-01
1.245109622739760946e-01
1.242894551849662299e-01
1.239810898697080860e-01
1.237345724011782999e-01
1.236010689945878510e-01
1.233551308290928988e-01
1.231983648306887308e-01
1.230047762808618578e-01
1.228509258002889459e-01
1.227330264533843390e-01
1.226825317697445433e-01
1.225597841584030456e-01
1.224987552584798217e-01
1.223974978867852920e-01
1.223624610203264129e-01
1.222976744361950890e-01
1.221079933455987282e-01
1.219670551242697243e-01
1.218196339707907361e-01
1.219458402537590969e-01
1.219792547085132295e-01
1.219759755734623197e-01
1.219716611502359715e-01
1.219452403848101385e-01
1.219183657168772666e-01
1.219250773446568514e-01
1.219516260263995011e-01
1.219281430224772589e-01
1.218271428664953054e-01
1.218002785004822230e-01
1.217955267995646379e-01
1.217932391594899189e-01
1.217952966106721630e-01
1.220104130677706206e-01
1.220791429751691415e-01
1.221075591870858512e-01
1.222805046381781474e-01
1.224638929751359628e-01
1.225265940444804219e-01
1.225791347578345930e-01
1.225809034879736387e-01
1.225917645113360210e-01
1.228568335808679912e-01
1.230528816914131102e-01
1.231165167656633058e-01
1.231694009006559370e-01
1.231050493117288036e-01
1.231024088357431934e-01
1.231378803494043161e-01
1.229813674607808521e-01
1.230230282589861307e-01
1.229390814604471444e-01
1.229397057662490189e-01
1.230275734858234105e-01
1.229986441956929938e-01
1.229817520674069409e-01
1.229408130883563183e-01
1.228187965484335703e-01
1.228457971796407533e-01
1.228082405545385530e-01
1.226998784823926797e-01
1.227142022464072224e-01
1.226982870779805140e-01
1.227031345936015760e-01
1.226135904505296775e-01
1.224522750050826697e-01
1.223018188503803283e-01
1.222921730616710334e-01
1.221949202299606740e-01
1.219943723752226344e-01
1.217595176438340115e-01
1.214977662717569851e-01
1.211938278057480556e-01
1.209759636397519517e-01
1.208234371643875510e-01
1.207954715212919972e-01
1.207167122567652240e-01
1.206464734404674305e-01
1.206163999460942299e-01
1.205617110561275906e-01
1.204538295816964255e-01
1.204319195511787399e-01
1.203413861945826224e-01
1.202709874975484289e-01
1.201706510103725256e-01
1.200675789692143142e-01
1.199480213421601632e-01
1.197568564236697053e-01
1.196101212496625404e-01
1.194518547189352131e-01
1.193767632937527551e-01
1.192557271434485922e-01
1.191002986980590206e-01
1.189956831504673379e-01
1.188733361680965744e-01
1.187539155803373075e-01
1.186193600615894211e-01
1.184496179547507855e-01
1.183532592797642141e-01
1.182626964250679674e-01
1.180691722419317941e-01
1.179644683499692093e-01
1.178434217121329675e-01
1.177269817166399501e-01
1.175856998953349331e-01
1.174449298681713855e-01
1.173091230059138540e-01
1.172181181543533735e-01
1.170704100986688090e-01
1.169710504436842907e-01
1.168331826166344872e-01
1.166671934096823876e-01
1.163962195872472738e-01
1.161120970205231084e-01
1.159641113975937304e-01
1.157061619612562986e-01
1.154548949114671541e-01
1.153511311223467672e-01
1.152621903139058740e-01
1.150991186645132086e-01
1.149156784720681695e-01
1.147478962225135790e-01
1.145048485668280630e-01
1.142012860935185115e-01
1.140242866187640147e-01
1.137495040724637585e-01
1.135043041829087440e-01
1.132493821167126213e-01
1.129934525009920060e-01
1.127875675383042675e-01
1.125132661933329198e-01
1.123291865624558156e-01
1.122547573293313505e-01
1.121123011975331540e-01
1.120911817102067387e-01
1.120402065694004190e-01
1.119935088447899935e-01
1.120822724653399299e-01
1.120767385649680120e-01
1.119590147686783110e-01
1.119150642406980256e-01
1.118504322725545203e-01
1.119818257316402277e-01
1.122239398172737435e-01
1.124362784488299738e-01
1.125570094123554410e-01
1.126897606422642834e-01
1.129282688634309223e-01
1.130981953117345673e-01
1.131923584497009083e-01
1.131992813287546057e-01
1.132003908691614907e-01
1.130808924177544722e-01
1.131633022527452626e-01
1.131646003588997473e-01
1.131248547507730101e-01
1.130893790366966634e-01
1.130034260722093120e-01
1.128371903907740281e-01
1.126689058146015388e-01
1.124606841411046193e-01
1.123685298618942174e-01
1.122469420250918476e-01
1.121840490196109319e-01
1.121018721237805327e-01
1.119967510237253883e-01
1.119923982700069681e-01
1.118040116161058278e-01
1.115991764724895141e-01
1.115069133457828043e-01
1.113622828120777314e-01
1.111321183948018321e-01
1.110239311815685304e-01
1.108648500000860987e-01
1.108393892363497141e-01
1.105989498082156769e-01
1.103967123727859767e-01
1.102061207367740214e-01
1.100438237822915499e-01
1.097853085908791354e-01
1.094665864596457289e-01
1.092104280330511434e-01
1.090331403317872372e-01
1.089223420006813631e-01
1.087536457675214174e-01
1.085593430150798011e-01
1.084611014213363311e-01
1.083630324593620464e-01
1.081712518402779405e-01
1.081031001228916766e-01
1.079344089499967990e-01
1.078243692086300193e-01
1.076577164235242440e-01
1.075651919973360515e-01
1.074688401806018073e-01
1.072757187653426009e-01
1.071299486315310245e-01
1.069734374576700453e-01
1.068864358893830968e-01
1.068624808732615700e-01
1.067720648596163224e-01
1.066229529990638247e-01
1.065170001830125224e-01
1.063917459459406550e-01
1.063575110824926395e-01
1.062495359122258010e-01
1.061299724338490569e-01
1.059910429840648233e-01
1.058606200205487874e-01
1.057340234635342630e-01
1.056386622438366119e-01
1.055235445810242118e-01
1.054503051611072051e-01
1.053894337430223427e-01
1.053337700991501258e-01
1.053554832971187599e-01
1.053394369049554247e-01
1.053077195194450505e-01
1.053105777247338726e-01
1.052957367312445935e-01
1.053409196703588152e-01
1.054091638642856571e-01
1.054475327086676073e-01
1.054242038458648723e-01
1.053977878071878233e-01
1.054032849664731097e-01
1.053651874769032382e-01
1.052825032631604235e-01
1.052130053416100441e-01
1.051916426147362638e-01
1.051703089958298809e-01
1.052111668697403857e-01
1.052000258546646055e-01
1.052184156174814922e-01
1.052155265300237230e-01
1.052717261393229242e-01
1.053357067683521331e-01
1.053525562384545755e-01
1.055314175146676720e-01
1.055981499259226047e-01
1.056542788891021156e-01
1.056950021228760528e-01
1.057648025048538581e-01
1.058885480463511303e-01
1.059258915843810656e-01
1.059934309805054958e-01
1.060097204355144596e-01
1.059721423785397187e-01
1.059906827923138978e-01
1.060267834586721553e-01
1.059593205362425045e-01
1.059049616696470519e-01
1.058765894909377281e-01
1.058417172509937554e-01
1.057423784480654161e-01
1.056184754190113984e-01
1.055286098587647076e-01
1.055084601641776004e-01
1.053939149703612549e-01
1.053280396277650882e-01
1.052617258360395852e-01
1.051651307952500697e-01
1.050651901755990103e-01
1.049801719679284290e-01
1.049405628789405465e-01
1.048584130900483691e-01
1.048326668336571760e-01
1.048114409399709263e-01
1.046734547828014061e-01
1.045606514224720202e-01
1.043672742604577902e-01
1.041643843056805352e-01
1.040321936578686851e-01
1.038635032440346218e-01
1.036837161982483990e-01
1.035323870019733694e-01
1.033059898952067152e-01
1.030718137969113268e-01
1.028469736713482074e-01
1.025748063837972485e-01
1.023032658399602585e-01
1.021355285350443176e-01
1.019659127695025508e-01
1.017763220861197249e-01
1.016110335118092511e-01
1.014326300630796346e-01
1.012518632111763933e-01
1.010649150385745931e-01
1.008865581905405012e-01
1.007499444439601544e-01
1.005978746642591792e-01
1.004288477233264698e-01
1.003432415002237232e-01
1.002612755641291570e-01
1.002374781594420478e-01
1.002619079630641119e-01
1.002883749624395582e-01
1.003256268244668292e-01
1.003893323649866914e-01
1.004771043878872894e-01
1.006425910870443197e-01
1.007244417619580917e-01
1.008043503963559490e-01
1.009325634048775649e-01
1.010395235765303296e-01
1.012000637687634763e-01
1.013058072403627136e-01
1.013700932021042167e-01
1.016194926044252655e-01
1.017095108126698927e-01
1.017661573496067701e-01
1.018146221018354225e-01
1.018694546171933502e-01
1.019660215294518335e-01
1.020629008269951649e-01
1.021255957439605316e-01
1.021923776120437777e-01
1.022245582678778519e-01
1.023355103135953487e-01
1.023800762733291098e-01
1.024259021869235037e-01
1.024034756152874398e-01
1.024851134851085255e-01
1.025018676077074919e-01
1.024914177251313729e-01
1.024216733091553033e-01
1.023929319578570640e-01
1.023706992683856426e-01
1.022749901495559194e-01
1.022139853226614464e-01
1.020931743195543501e-01
1.019505930033372670e-01
1.019526715950622026e-01
1.018837596946344237e-01
1.017397707476555418e-01
1.016668842293174946e-01
1.014915425315442710e-01
1.013542919846917162e-01
1.012540847650237469e-01
1.011782307707311951e-01
1.011156108019758970e-01
1.010805865434624556e-01
1.010518462921644184e-01
1.010903051173403233e-01
1.011762125363799558e-01
1.012795455763007557e-01
1.013185172130887796e-01
1.013962686841855809e-01
1.013940376377130692e-01
1.014689754722609832e-01
1.015451600348040301e-01
1.016236906834087073e-01
1.016369198354364345e-01
1.016956566659123207e-01
1.017480125714954470e-01
1.019134452193823231e-01
1.019503809798902733e-01
1.020494172729767418e-01
1.021650944625577817e-01
1.023036439064915898e-01
1.023479569767860170e-01
1.023777291058987765e-01
1.024279288467579152e-01
1.025676513251844724e-01
1.026246125672552745e-01
1.026669346102159763e-01
1.027126453281189122e-01
1.028167330832745613e-01
1.029007290473692854e-01
1.030489099706915213e-01
1.032094976190124497e-01
1.033145833609983438e-01
1.034441488179933533e-01
1.036074786389890451e-01
1.037882261009602097e-01
1.038992418295220516e-01
1.040297680317648216e-01
1.041855272039869384e-01
1.043451665357914560e-01
1.044627630226065140e-01
1.045540257997332467e-01
1.045791660993518890e-01
1.046572631160457706e-01
1.046952756593648309e-01
1.047331255583692500e-01
1.047761240197777055e-01
1.048696083969219289e-01
1.049097478321459470e-01
1.048872020527911453e-01
1.049686133248699665e-01
1.049841879710474574e-01
1.049439295422630591e-01
1.049538094085139817e-01
1.050033818612411268e-01
1.050106969552812991e-01
1.049704600899221130e-01
1.048889926621157653e-01
1.049830090584907977e-01
1.050634800766561405e-01
1.051398934072100277e-01
1.051319306112665636e-01
1.052789294480711568e-01
1.052855942565709552e-01
1.052936659608857128e-01
1.052909900247351732e-01
1.051610668749751037e-01
1.050622576981715545e-01
1.049409960711729928e-01
1.048658315856626222e-01
1.048063488299866286e-01
1.048200140516843959e-01
1.047594230255422670e-01
1.047702393472715321e-01
1.047796100893056553e-01
1.048991815150069479e-01
1.049921277064402442e-01
1.050656397726813240e-01
1.050930889142280833e-01
1.052174434691168364e-01
1.052425338699866791e-01
1.052424597012821400e-01
1.053177153106271274e-01
1.054379445789028064e-01
1.055111212429745426e-01
1.055808599912212570e-01
1.056100342985129836e-01
1.056938931492974187e-01
1.057599324919662465e-01
1.058123988515527747e-01
1.059553488385450715e-01
1.060711530792016188e-01
1.062295062684226743e-01
1.063174619458449321e-01
1.064294807837665585e-01
1.065102036604191477e-01
1.065725842638630405e-01
1.067124650672854475e-01
1.068060452897819784e-01
1.069086174276699941e-01
1.069960100413872156e-01
1.070683069430424378e-01
1.072223720818949316e-01
1.073170290486049755e-01
1.074229292547062703e-01
1.074950226428825484e-01
1.075373892033278517e-01
1.075417406527221093e-01
1.076152564029576320e-01
1.076144107862995469e-01
1.075741193338071860e-01
1.075758061016743594e-01
1.075656035674478900e-01
1.075352122841290309e-01
1.074953079819511437e-01
1.073442898028548337e-01
1.071379547167740642e-01
1.070978533703095814e-01
1.069457303414137611e-01
1.068122542430608723e-01
1.066946187425331927e-01
1.065023530766403687e-01
1.062869105982409551e-01
1.061848031025696276e-01
1.059851170030449430e-01
1.059080614225511030e-01
1.058867139196259244e-01
1.059295487328783120e-01
1.058251716668574954e-01
1.057591875719891272e-01
1.056860722923344820e-01
1.055620136737124432e-01
1.055188395689790753e-01
1.054180018530764124e-01
1.052939873170022356e-01
1.051992091853986983e-01
1.051003315262225429e-01
1.049320607461958210e-01
1.048298307382016237e-01
1.046889226979316467e-01
1.045465590181695048e-01
1.043969405700448105e-01
1.042419567890619791e-01
1.040343089046754377e-01
