# game: leduc_poker 
# eval_every: 1 
# num_iterations: 500 
# num_players: 2 
# bootstrap: False 
# truncate_negative: False 
# buffer_size: -1 
# num_hidden_layers: 2 
# num_hidden_units: 50 
# num_hidden_factors: 0 
# use_skip_connections: True 
# num_epochs: 200 
# batch_size: 5000 
# step_size: 0.01 
# 
2.371229316525484521e+00
2.223713218679370662e+00
1.797032253271704461e+00
1.408945399635728180e+00
1.175890406825510048e+00
9.976606847359191788e-01
8.875030360471376500e-01
8.025464736374279262e-01
7.324568330689404938e-01
6.665847901979878865e-01
6.088097157348661970e-01
5.496119481905872295e-01
5.133772714310187446e-01
4.918939359205033446e-01
4.695833441272754261e-01
4.472963497222786078e-01
4.282274255135380958e-01
4.092102491756943738e-01
3.886855535093429181e-01
3.714823664701712991e-01
3.568139623402376004e-01
3.437692486593323937e-01
3.342430238850807034e-01
3.303175610564657583e-01
3.220171780858744892e-01
3.117617599352241475e-01
3.007293464687650353e-01
2.909227036395877763e-01
2.865088281495208333e-01
2.781693152159481208e-01
2.689569750503358891e-01
2.608885681931982226e-01
2.535937447940467826e-01
2.468486957331038900e-01
2.423829518544424189e-01
2.375637929383491997e-01
2.330583727496603752e-01
2.288729896554805299e-01
2.246052559068781873e-01
2.207545074274395169e-01
2.166037202278937035e-01
2.127719371990000052e-01
2.108421882858516339e-01
2.065894986935417621e-01
2.018589673297793985e-01
1.968075348934498758e-01
1.917070690421311119e-01
1.867914821800333858e-01
1.843363092561356997e-01
1.812111243310832176e-01
1.778958406002326131e-01
1.748549281123168708e-01
1.718631380672003828e-01
1.693195047949716259e-01
1.649273912260137975e-01
1.605817943115145641e-01
1.563810581354574958e-01
1.520325326550741873e-01
1.473540388801635737e-01
1.441085403906092743e-01
1.421312612887276061e-01
1.402494564960892476e-01
1.404081625824979418e-01
1.389495695108873830e-01
1.381537902964580233e-01
1.377447711746231374e-01
1.377505459937770071e-01
1.362404030421067169e-01
1.327164596137321295e-01
1.288834076469176360e-01
1.272885680616017978e-01
1.261822108045778656e-01
1.244342966648332993e-01
1.237398209324560988e-01
1.224627083947373435e-01
1.198846758054538525e-01
1.170878918914003280e-01
1.158426093108565064e-01
1.143083170350313038e-01
1.133794219613143556e-01
1.124206632293913294e-01
1.121945982157333821e-01
1.124687745228602487e-01
1.118955699822177935e-01
1.107081206665295053e-01
1.097445115607211530e-01
1.092153236365437097e-01
1.082299229368832161e-01
1.067661967314836174e-01
1.046299064611842522e-01
1.022726661902268186e-01
9.970474383295017951e-02
9.798649411600481030e-02
9.666327301769285507e-02
9.529204758446441215e-02
9.451480889184707412e-02
9.360943509762226222e-02
9.326711854814204172e-02
9.282646027783623965e-02
9.308024061989243758e-02
9.402048312511891714e-02
9.461528887281847600e-02
9.528323300452787303e-02
9.523316006955773183e-02
9.471812722559372344e-02
9.377637772758526391e-02
9.231497802972378486e-02
8.994775519500294858e-02
8.774797982630619386e-02
8.616722285294324546e-02
8.501050176920232904e-02
8.420647653170312830e-02
8.332568641332729897e-02
8.224642199615482541e-02
8.163376081196282996e-02
8.209885993601512277e-02
8.211201358041191056e-02
8.211186096941172630e-02
8.190453462864709377e-02
8.213437706688327122e-02
8.220525685700717788e-02
8.215217715137622390e-02
8.204014747273999375e-02
8.173233013330034880e-02
8.122637972933380301e-02
8.043424241157234866e-02
7.968354782969785943e-02
7.874857858572434366e-02
7.773544303242194142e-02
7.670526461488985648e-02
7.615259522731990249e-02
7.547551934293439402e-02
7.538242529298617989e-02
7.540556659646432958e-02
7.569717292727652647e-02
7.624474081766519085e-02
7.682274694121220271e-02
7.757211561357504892e-02
7.843158418547285793e-02
7.914565391038508313e-02
7.932800225326684662e-02
7.956335147111441575e-02
7.937817183144800504e-02
7.921999241690913518e-02
7.893218283229613830e-02
7.842762428031220534e-02
7.762253819826485379e-02
7.657010086339981203e-02
7.531439932380024072e-02
7.368465411212028748e-02
7.231763458337590877e-02
7.112790365979283769e-02
7.009499355972763357e-02
6.922828130348865350e-02
6.834252076980992796e-02
6.775609393775577916e-02
6.727167953565127423e-02
6.728256440993092558e-02
6.742522644345386174e-02
6.741295776925537719e-02
6.810646985311799573e-02
6.833796872017706969e-02
6.855067236393899699e-02
6.871290530548515574e-02
6.854702588436133170e-02
6.797054595048769576e-02
6.714064876261353898e-02
6.573499729765970578e-02
6.443617950841411257e-02
6.309770142336408594e-02
6.195354328724791970e-02
6.101977695326367412e-02
6.037856650644037038e-02
6.016404981058773305e-02
5.978431779307208371e-02
5.932342568987296338e-02
5.905334976153601978e-02
5.874147965905374136e-02
5.842479781873378963e-02
5.807086825644627859e-02
5.766095225722923934e-02
5.718047123705154167e-02
5.688026085083948413e-02
5.667474309587569592e-02
5.668388820467561151e-02
5.650814345491129986e-02
5.635731850257696962e-02
5.630642033906123334e-02
5.591606134817334040e-02
5.551304379557099600e-02
5.546331794743096510e-02
5.577483061034943512e-02
5.612978470002213949e-02
5.610929246159047923e-02
5.605127290120931471e-02
5.600924154676323319e-02
5.661911813370634761e-02
5.776046414208935165e-02
5.865772949443520679e-02
5.946035782143799242e-02
5.972241425753338495e-02
5.910944964644695987e-02
5.814338825511719544e-02
5.705763248501088958e-02
5.630322610580991427e-02
5.570232107519729192e-02
5.530959757112474673e-02
5.515498810506504201e-02
5.503165272127247265e-02
5.497014841809715058e-02
5.461784098972598256e-02
5.405870015861483080e-02
5.375491538601022412e-02
5.341653734780751894e-02
5.383257383178000066e-02
5.446352797280745728e-02
5.503633050043543751e-02
5.558372748885961889e-02
5.590649330198114997e-02
5.615785940631422279e-02
5.642478960698225909e-02
5.665745745838174363e-02
5.665758141288589067e-02
5.645708482376020354e-02
5.598630764074924437e-02
5.545216136386700578e-02
5.477066067088173784e-02
5.410243315491464200e-02
5.346948868084108741e-02
5.306431141426580511e-02
5.271109727896113040e-02
5.232426756421593161e-02
5.216202074720173443e-02
5.196349892146426286e-02
5.149653439964464730e-02
5.136296388054929773e-02
5.152472408144380400e-02
5.189290767359722167e-02
5.186079492522875645e-02
5.165720613452542964e-02
5.154500188052810183e-02
5.195131067432422201e-02
5.241749629197371696e-02
5.242149411951656235e-02
5.200001368472489949e-02
5.168663729093536663e-02
5.158673200230190492e-02
5.120917883397455017e-02
5.089906035743292645e-02
5.043798680902597531e-02
4.993402376101112317e-02
4.945916475225370368e-02
4.913918976316408727e-02
4.859580603670322907e-02
4.837864084675332077e-02
4.819996427120543103e-02
4.786530784554869633e-02
4.751910152146747446e-02
4.710804550980099425e-02
4.672294605951654578e-02
4.638345227647652780e-02
4.596021247305392965e-02
4.560611089312641142e-02
4.542320222314698286e-02
4.526507616195019068e-02
4.524447328045462513e-02
4.493263364171161400e-02
4.493837237679659813e-02
4.510990387062166485e-02
4.520640922228917613e-02
4.536134203136099607e-02
4.553004322191765707e-02
4.574220554547209217e-02
4.618707247880667055e-02
4.685661221689640943e-02
4.739680075858704322e-02
4.766234009481798428e-02
4.762597002426285919e-02
4.740259058103490908e-02
4.699844245302828294e-02
4.665877109196568673e-02
4.645384255380995142e-02
4.601433398827796395e-02
4.539715236024707834e-02
4.459061662590775577e-02
4.389072789102248240e-02
4.308773727080378313e-02
4.304378214193935182e-02
4.319639460989424529e-02
4.330233811945345679e-02
4.334037545063662566e-02
4.327355011470375434e-02
4.307897880902920862e-02
4.311871003070888442e-02
4.299504408753444806e-02
4.291901411808307643e-02
4.321928751966144788e-02
4.353501920928497249e-02
4.364654301696846428e-02
4.357398114807407852e-02
4.333069465892341876e-02
4.302761531858136090e-02
4.270699216154334732e-02
4.234800790755417765e-02
4.194537394367273131e-02
4.153382297200389206e-02
4.101868216398701916e-02
4.060472616450330752e-02
4.018329367446572820e-02
3.985271824155801890e-02
3.949061577820757452e-02
3.929731658668370042e-02
3.920615773363389511e-02
3.932207195453532589e-02
3.938989094356781795e-02
3.950107200484131997e-02
3.966470864233330451e-02
3.978823799317202092e-02
3.997251259072491514e-02
4.013961468277188471e-02
4.021638182608443246e-02
4.033659438039705059e-02
4.067835965463187375e-02
4.084375991691314989e-02
4.093371702259511469e-02
4.091397458438927881e-02
4.065223691544619933e-02
4.055833403608327670e-02
4.068625443876403014e-02
4.053870732148590061e-02
4.041971337286613675e-02
4.047521773550474822e-02
4.038539113509305445e-02
4.042719593382340659e-02
4.038128524387396556e-02
4.021359778464929369e-02
4.009124736915505027e-02
3.977321329481946222e-02
3.939923930121611018e-02
3.895785106031693368e-02
3.855679305863433937e-02
3.836154259618522466e-02
3.821059531925062591e-02
3.816707718812643868e-02
3.816459500316385367e-02
3.803901297743145227e-02
3.801715488618392924e-02
3.808271519357328549e-02
3.796544624838865678e-02
3.771637081716872064e-02
3.768516115965186986e-02
3.763143808260085987e-02
3.769741596564374353e-02
3.783258072200204603e-02
3.789312453506100964e-02
3.786290629600050361e-02
3.732472282965568211e-02
3.658790239536365008e-02
3.582774532569624193e-02
3.532943449172916417e-02
3.492794023714719531e-02
3.473781495998620739e-02
3.501503222537920290e-02
3.513304141040876627e-02
3.535925043393499390e-02
3.538684337854020034e-02
3.542450447474292108e-02
3.532008955250696969e-02
3.512271750625628464e-02
3.497360499436415193e-02
3.488618458220807406e-02
3.473796958282281133e-02
3.458935289863532270e-02
3.457547694049767362e-02
3.453266779264024811e-02
3.456557158648815298e-02
3.469865627888042703e-02
3.473841325670035118e-02
3.473084313838106785e-02
3.512882302422440373e-02
3.548019511118893909e-02
3.580308095116341294e-02
3.617100875582221486e-02
3.644966882999511881e-02
3.675005981519333109e-02
3.683681180932610322e-02
3.681837478038929579e-02
3.664809171073885041e-02
3.630573271306056227e-02
3.586950739242751596e-02
3.543430516669152097e-02
3.490038943159490259e-02
3.446598988716702283e-02
3.418781476525147023e-02
3.396912683442335212e-02
3.385092429740477193e-02
3.391704251727800656e-02
3.386428553558985810e-02
3.375133616178632723e-02
3.355584835057157100e-02
3.319923918436662458e-02
3.292757519132223643e-02
3.272518346156542968e-02
3.261150888427118144e-02
3.275669979495936246e-02
3.272330753269309112e-02
3.269457952806582857e-02
3.270813511473413815e-02
3.276046495909196166e-02
3.281659958702781710e-02
3.275360793074577614e-02
3.272469481114016754e-02
3.270259684914773868e-02
3.274118255152393131e-02
3.276145776387809350e-02
3.285915994506326265e-02
3.288876000814941469e-02
3.299659603747753800e-02
3.294917082455307844e-02
3.278217325482261912e-02
3.259399835345670737e-02
3.234359516177863492e-02
3.206882057020732368e-02
3.205005713897571273e-02
3.196170948550257351e-02
3.191989032065746523e-02
3.185044227995559307e-02
3.186988614512967222e-02
3.190979172090026295e-02
3.206166999042966981e-02
3.213123984039231718e-02
3.211645250323368062e-02
3.210131856805514827e-02
3.215642832681073204e-02
3.221983458694231695e-02
3.220321076270782346e-02
3.225596514989594044e-02
3.225178478249735026e-02
3.230687292668397992e-02
3.235394684765624529e-02
3.246178275942154801e-02
3.258006125308864076e-02
3.266349785426361785e-02
3.271019873070762918e-02
3.270451914118123471e-02
3.264171657218897793e-02
3.256097050788121783e-02
3.231522650596317658e-02
3.202250869388671706e-02
3.172611218917831266e-02
3.153773730623249394e-02
3.133980656764276396e-02
3.122566097771144189e-02
3.096768643293396073e-02
3.068445848640975748e-02
3.046440758941819371e-02
3.041128031432066559e-02
3.039366416978228624e-02
3.055798984816920916e-02
3.066177473859392488e-02
3.077851900720943168e-02
3.084290677218168297e-02
3.090466533038452313e-02
3.095728769774963585e-02
3.108582057295823653e-02
3.113386604678325398e-02
3.114350691960703077e-02
3.115449210954121528e-02
3.106047065392263107e-02
3.098381516089723786e-02
3.086574910852725451e-02
3.067424551981727532e-02
3.052060823327662487e-02
3.037763149190350620e-02
3.019480094815756716e-02
2.985433116598210090e-02
2.962341613064087276e-02
2.940481017177440370e-02
2.926609494065042505e-02
2.930390113057719514e-02
2.931281017207253148e-02
2.965323326748567356e-02
2.982310433970140895e-02
2.985766087483446296e-02
2.977700324021047285e-02
2.961242724073992472e-02
2.949575858784668492e-02
2.943599231053413423e-02
2.928182983627553027e-02
2.913512425516670556e-02
2.898378982501349788e-02
2.897504384419956336e-02
2.884514383995054332e-02
2.867526301030264013e-02
2.850482761465392145e-02
2.836124732580531937e-02
2.809345894931243592e-02
2.774011591341839222e-02
2.748932421948398208e-02
2.724746194795248100e-02
