# game: leduc_poker 
# eval_every: 1 
# num_iterations: 200 
# num_players: 2 
# bootstrap: False 
# truncate_negative: False 
# buffer_size: -1 
# num_hidden_layers: 2 
# num_hidden_units: 75 
# num_hidden_factors: 0 
# use_skip_connections: True 
# num_epochs: 200 
# batch_size: 5000 
# step_size: 0.01 
# 
2.617576822139337178e+00
2.156459955613291068e+00
1.669544285628161040e+00
1.279937424185060735e+00
1.044540640913675045e+00
8.757768454308144657e-01
7.645493972435213337e-01
7.088721693444204330e-01
6.700604075207321486e-01
6.147261655515225964e-01
5.694137843581885683e-01
5.367612702315793793e-01
4.989592988398200424e-01
4.687729318549386792e-01
4.400766087710626939e-01
4.202216712669379906e-01
4.071765237727948405e-01
3.925640182880619222e-01
3.715779265082667093e-01
3.522915545409598392e-01
3.370243371614649042e-01
3.240408946483041008e-01
3.129983272407447226e-01
3.015028186301329516e-01
2.925463978967123846e-01
2.880872089378801459e-01
2.816756154381764299e-01
2.731472932961762634e-01
2.668659673968379331e-01
2.592044138331567882e-01
2.511244180698170014e-01
2.395515039296675086e-01
2.281929581586571443e-01
2.191178748095924389e-01
2.100779637293548330e-01
2.038665311260328128e-01
1.998100187341117495e-01
1.951385840541702277e-01
1.930527764963220760e-01
1.925601948358486581e-01
1.900208418230366347e-01
1.851113207025912588e-01
1.780686976759023321e-01
1.708143196598931879e-01
1.649680097087314889e-01
1.606533631695476749e-01
1.590394949346784770e-01
1.585029115575927738e-01
1.564798573023237493e-01
1.543317770613360507e-01
1.541865592642706895e-01
1.539101303854266689e-01
1.522054226671117338e-01
1.488504927973769709e-01
1.456513465980876498e-01
1.429337012343948610e-01
1.392674963803302579e-01
1.368600937907740733e-01
1.344670152105045258e-01
1.329640336708917681e-01
1.316478930211664455e-01
1.310204159484115727e-01
1.306411271658367568e-01
1.298598697611303421e-01
1.287565898603450776e-01
1.284487029204897102e-01
1.284478872494373980e-01
1.278712846627213517e-01
1.279496320114821839e-01
1.267362843233966196e-01
1.239246389940912851e-01
1.203274405785631912e-01
1.161574666584150178e-01
1.125606976250612540e-01
1.102689589323783553e-01
1.086063288761058149e-01
1.072191650224899040e-01
1.071193967507176187e-01
1.083639959933869745e-01
1.101537914683555774e-01
1.110419483785766021e-01
1.116670508596048078e-01
1.104382874722774910e-01
1.083704297951698925e-01
1.065191613376401392e-01
1.051280805475536678e-01
1.025787941649159429e-01
1.003257904256567995e-01
9.810938924641722514e-02
9.618171274782638669e-02
9.521565183277705402e-02
9.545178832696264715e-02
9.586398316855604396e-02
9.648359429396058395e-02
9.683925034641720220e-02
9.701151054972553811e-02
9.735883185750328350e-02
9.728528214534756802e-02
9.630270327644040174e-02
9.482962338788165912e-02
9.307186306189767222e-02
9.138040286828266745e-02
9.057874497874213171e-02
8.944006633094173098e-02
8.777460284799254442e-02
8.621749039529327807e-02
8.571222906652375961e-02
8.479444870379414245e-02
8.319824278045717669e-02
8.112660848270920877e-02
7.921851104169133628e-02
7.835226793366086018e-02
7.775715405677496861e-02
7.688442684200387511e-02
7.673076275064474872e-02
7.665441153385646467e-02
7.680239348151658707e-02
7.696557174023138659e-02
7.698994946638505754e-02
7.699358278996758231e-02
7.647762927527999854e-02
7.592593113879142486e-02
7.551804649208906928e-02
7.499909430888489215e-02
7.473134235377519585e-02
7.469141073124178909e-02
7.483006875594105933e-02
7.533940233126092123e-02
7.622717430375100522e-02
7.693422878267885956e-02
7.745210477823463724e-02
7.756906596578136415e-02
7.697461238595015853e-02
7.611372719168041368e-02
7.507594517634109954e-02
7.389572803911485799e-02
7.291585335046027461e-02
7.194752897541405179e-02
7.083250420286109350e-02
6.956145717049493082e-02
6.890107763156055887e-02
6.881261960386443610e-02
6.911900886188065973e-02
6.925578670408431836e-02
6.950113923407912064e-02
6.939256282853234481e-02
6.895596786075124107e-02
6.818144114711212345e-02
6.699129022862654326e-02
6.569835035185601912e-02
6.457764194981066574e-02
6.418774431118350055e-02
6.432801874954627297e-02
6.480991012066528167e-02
6.504659561596558282e-02
6.518096325920294531e-02
6.524229894264192697e-02
6.533684644745441084e-02
6.550391483294934480e-02
6.546312092593903342e-02
6.526261583111712949e-02
6.492153866420737052e-02
6.430840975505812407e-02
6.360882999826865392e-02
6.296852777850131533e-02
6.227671745449038510e-02
6.171622791038713918e-02
6.156099300188723478e-02
6.153715000744228170e-02
6.111828819905687493e-02
6.080231767926004560e-02
6.029395494649171516e-02
6.006248666591817997e-02
5.976260933242513729e-02
5.952665343702183420e-02
5.934093276681368101e-02
5.913749789417221958e-02
5.906762155723599417e-02
5.895303361965584243e-02
5.861990245218628992e-02
5.816282140334462503e-02
5.773936208574043105e-02
5.728234345509403136e-02
5.673008012247764131e-02
5.636662253807867007e-02
5.605073403102808771e-02
5.589405324205928838e-02
5.580075345740481696e-02
5.580931321693370639e-02
5.581715407349537028e-02
5.581508981165722583e-02
5.557466700694839445e-02
5.543626098108905831e-02
5.552431802167205610e-02
5.566480722256125779e-02
5.563388841140788632e-02
5.548727062149932943e-02
5.517742125131269715e-02
5.465167363889034124e-02
5.405037701447705512e-02
