# game: leduc_poker 
# eval_every: 1 
# num_iterations: 1000 
# num_players: 2 
# bootstrap: False 
# truncate_negative: False 
# buffer_size: -1 
# num_hidden_layers: 2 
# num_hidden_units: 75 
# num_hidden_factors: 0 
# use_skip_connections: True 
# num_epochs: 200 
# batch_size: 100 
# step_size: 0.01 
# 
2.435334391174226454e+00
1.901572442503877580e+00
1.441243207199574439e+00
1.168623680354385908e+00
9.766065535306545087e-01
8.521182925880366188e-01
7.635221187699465784e-01
7.052592366121268608e-01
6.550988720081911687e-01
6.255349633137124998e-01
5.817762297967261631e-01
5.535045024340357056e-01
5.159352097655380831e-01
4.839008775060537060e-01
4.508503937263213524e-01
4.202607263312882480e-01
4.077410090111740493e-01
3.855649231456773629e-01
3.699293580045178720e-01
3.572536821223001313e-01
3.517798849276834727e-01
3.460774652558255560e-01
3.397540214128285663e-01
3.362792747797211934e-01
3.294586913980776521e-01
3.218643014511554656e-01
3.130626959104548801e-01
3.052545207659537185e-01
2.962476162483318465e-01
2.855396614280309442e-01
2.779502393267779259e-01
2.728353634760148361e-01
2.666662961114032449e-01
2.625988401197140165e-01
2.592900827630914562e-01
2.573689211676152278e-01
2.546414560296013652e-01
2.507874087712210764e-01
2.459493612380894145e-01
2.424958610278224735e-01
2.405182911597076312e-01
2.357538669921664665e-01
2.341387569916353328e-01
2.291414042607250456e-01
2.247371305676474917e-01
2.197847734011135756e-01
2.162897868794975142e-01
2.162741753363921493e-01
2.143931446709361754e-01
2.139860917446168298e-01
2.095701647160665149e-01
2.069654635136174425e-01
2.060900727057095039e-01
2.046619129358330513e-01
2.039813986841604310e-01
2.027212350087264081e-01
2.007578686641049992e-01
1.987695082042943984e-01
1.967631883551198002e-01
1.958446760720808366e-01
1.954838332566669612e-01
1.948293206222682372e-01
1.988693120466688558e-01
2.003198540415426776e-01
2.018368507207792817e-01
2.026574829021147717e-01
2.038749162252782854e-01
2.052619733783759282e-01
2.047719205391937136e-01
2.049843773497794508e-01
2.032759110203875841e-01
2.013157583932384531e-01
1.990752226793748858e-01
1.992431931404470835e-01
1.972242879164255169e-01
1.955537745963985552e-01
1.936990054300769259e-01
1.920397993752198662e-01
1.909499509885859703e-01
1.879082617833436331e-01
1.851040550230364512e-01
1.831942338815933102e-01
1.819128747579822347e-01
1.793917103278074854e-01
1.772918016738443958e-01
1.752882888764720482e-01
1.739661097796764144e-01
1.718096188016546289e-01
1.714420214367807227e-01
1.707772506576973881e-01
1.707227016782882356e-01
1.700596223360197889e-01
1.711580401425015774e-01
1.707092269973188858e-01
1.711621318346755460e-01
1.700410740430853829e-01
1.688534732467185662e-01
1.682302745871788741e-01
1.676950444058712408e-01
1.664090095666936053e-01
1.660816461043240766e-01
1.656242481327646621e-01
1.657862904509954660e-01
1.641293983536845635e-01
1.628435284771284630e-01
1.607506387452724006e-01
1.579391326711274413e-01
1.549586387170657220e-01
1.518432290975182952e-01
1.496510200580009053e-01
1.475831068357668086e-01
1.464165771169040897e-01
1.452914723802286034e-01
1.458966062173695510e-01
1.460785096369147107e-01
1.469625606547328156e-01
1.482801209429641942e-01
1.485260464987966933e-01
1.498038782766172861e-01
1.504776622608591241e-01
1.512595497178789716e-01
1.516347565692568455e-01
1.529598900227682468e-01
1.540429222584158708e-01
1.535024862585336325e-01
1.533775998385629447e-01
1.531465197902024400e-01
1.529410906713437046e-01
1.521613683812705342e-01
1.517073767043692345e-01
1.516182399329508712e-01
1.514950954883358680e-01
1.523623653536979594e-01
1.519923747367216138e-01
1.511864172166270670e-01
1.504227888659502022e-01
1.498836049391302772e-01
1.491026619490158356e-01
1.490552340839688683e-01
1.485945000485379974e-01
1.486142845676722557e-01
1.488849283662228851e-01
1.495395146926727370e-01
1.494527437837717687e-01
1.497425519082860867e-01
1.496136263247692111e-01
1.506682903655124361e-01
1.507794522782904822e-01
1.514880564547203545e-01
1.521441985682047138e-01
1.529694592544004750e-01
1.534952851481073410e-01
1.535964300440381403e-01
1.539178325640659650e-01
1.540129351732105745e-01
1.547637354570184365e-01
1.540146529333796810e-01
1.524624981219241948e-01
1.505335328620864277e-01
1.497994016716335808e-01
1.500775871989280252e-01
1.489787322130482483e-01
1.491514624200245831e-01
1.487514490446768534e-01
1.485815626501321707e-01
1.483999687873712725e-01
1.479348158190961215e-01
1.472256344509738080e-01
1.472272135551992434e-01
1.472223118534182473e-01
1.473815326417656779e-01
1.473222256845772848e-01
1.473440852574062765e-01
1.473681275760171383e-01
1.471601272598174470e-01
1.472208144482282099e-01
1.477502867299707034e-01
1.476777293968221105e-01
1.477730774566665961e-01
1.478766745427334550e-01
1.478850904092406104e-01
1.480545540040575370e-01
1.484932936777879353e-01
1.486884184196435865e-01
1.487080966832722839e-01
1.484914806020709854e-01
1.482356940927194722e-01
1.475117757354504899e-01
1.467897200430032800e-01
1.464341739940101250e-01
1.456247478420514274e-01
1.448485632923831590e-01
1.437920224963267768e-01
1.433931515176075644e-01
1.427283555741405141e-01
1.419663727518776231e-01
1.410437252149613907e-01
1.403937998019076927e-01
1.400421893666622397e-01
1.394797176157877294e-01
1.390820409476384301e-01
1.387616599909041737e-01
1.382048588834724201e-01
1.378091208422183578e-01
1.374859346270579374e-01
1.370915859803620296e-01
1.369583168892713476e-01
1.373820792533736734e-01
1.376533862453766521e-01
1.379062856684480087e-01
1.379865128896039239e-01
1.378942610304184635e-01
1.382414332800530610e-01
1.383162609445522939e-01
1.385679565605651420e-01
1.389369591957529404e-01
1.393105536254000687e-01
1.401184077517799720e-01
1.408390252048809799e-01
1.417505054950443100e-01
1.432177872361732329e-01
1.442208685119475975e-01
1.458237663280238516e-01
1.472539258234481230e-01
1.481594191060068844e-01
1.491427349583976936e-01
1.503676666901966885e-01
1.517915585590701166e-01
1.530396130765636631e-01
1.539315967129292473e-01
1.545639888743062795e-01
1.547493217810913257e-01
1.549812209311592082e-01
1.545039809753728510e-01
1.535515565002329441e-01
1.524558031205217878e-01
1.515391440843693593e-01
1.502626995881132799e-01
1.489141574895669340e-01
1.478039842835132123e-01
1.465674285311962810e-01
1.455001850641342298e-01
1.444289927913670613e-01
1.441863220509571886e-01
1.441605361228882609e-01
1.443967928176496662e-01
1.443700041550990965e-01
1.445099145741065017e-01
1.444572523727546964e-01
1.446048749052796234e-01
1.445985981796583386e-01
1.447484924013627272e-01
1.448460555018608598e-01
1.452343295025451397e-01
1.456244312172799704e-01
1.459860846867923612e-01
1.463083863430378051e-01
1.470269799657774601e-01
1.475570944317218802e-01
1.481022342718440465e-01
1.487794186463587964e-01
1.492806856040609365e-01
1.503698725081258902e-01
1.510635856500158469e-01
1.523740787952004017e-01
1.537998891885629105e-01
1.549032168799840126e-01
1.562450378871955703e-01
1.573786192671161321e-01
1.584676575053204639e-01
1.594094032461101929e-01
1.601469950488066396e-01
1.608841733463106105e-01
1.616399901154997876e-01
1.617277027357003349e-01
1.620933778186736396e-01
1.625055994493053990e-01
1.627059296963533352e-01
1.626207466795703827e-01
1.627069200666067250e-01
1.630332511578154175e-01
1.631821439228266502e-01
1.630810541842155903e-01
1.632753183031035449e-01
1.633027917945714946e-01
1.630369298646541232e-01
1.628999849116866405e-01
1.625865021890598450e-01
1.622123792737493742e-01
1.619989633648856731e-01
1.614711027159455581e-01
1.612530887759226206e-01
1.612521300178124117e-01
1.613124849042998354e-01
1.614907764391304845e-01
1.614616426528140136e-01
1.615083950043362526e-01
1.616641112054817975e-01
1.614984808106288139e-01
1.618492040243555419e-01
1.616697086216188906e-01
1.614428910284483876e-01
1.615261547809778153e-01
1.616638167572085893e-01
1.616124017305741456e-01
1.614882609476690212e-01
1.616332427259573601e-01
1.615654599160568083e-01
1.615267746676487259e-01
1.615681381125379512e-01
1.619187021875963528e-01
1.620915640422521675e-01
1.626618805315725447e-01
1.631980033207149350e-01
1.634915146236073369e-01
1.639794692125776387e-01
1.644699981736393313e-01
1.647051511790879053e-01
1.649061368618978118e-01
1.649845317889806484e-01
1.654081249936750486e-01
1.655161662381818555e-01
1.655827919118002256e-01
1.662553640389746179e-01
1.661891454352260600e-01
1.662271298264171304e-01
1.661787975774929871e-01
1.661034695825665541e-01
1.660645332070364300e-01
1.659597272449641614e-01
1.657463994293116305e-01
1.655363012900445963e-01
1.652923080817045309e-01
1.651449014610129884e-01
1.652562264479531806e-01
1.652457808526002769e-01
1.651785507437268652e-01
1.651604432605626727e-01
1.650882201399296312e-01
1.650919682937465605e-01
1.648881244487614972e-01
1.649117662845774324e-01
1.649005479293928489e-01
1.651802941074447528e-01
1.655044053393845138e-01
1.654536903619784338e-01
1.653964272893427290e-01
1.654703350395200778e-01
1.655785699153615176e-01
1.657518633981066580e-01
1.663183931992805453e-01
1.664761505641692840e-01
1.669028719512226644e-01
1.672058164726384355e-01
1.677373303038935948e-01
1.682666367640491545e-01
1.686806614154970352e-01
1.691855089333831885e-01
1.696010019936339819e-01
1.697625495692662301e-01
1.696994360445376049e-01
1.698446951079042311e-01
1.699859327251579399e-01
1.700517688491082202e-01
1.702302538715735336e-01
1.702471297311019538e-01
1.702974479873894387e-01
1.703977748420552885e-01
1.702452770787473424e-01
1.704322082814485606e-01
1.703831207394374270e-01
1.702236922563443722e-01
1.703381531506202029e-01
1.707955065659051697e-01
1.707867982048010824e-01
1.703243794938589795e-01
1.703311412360825616e-01
1.702645022533763874e-01
1.702123980686401916e-01
1.696340655842007994e-01
1.691791119740282956e-01
1.690054941978590963e-01
1.687635657450174964e-01
1.686097228500537393e-01
1.681482675161676821e-01
1.677922269039026915e-01
1.673817345740387652e-01
1.671304212729207983e-01
1.672262654933410753e-01
1.672731132829292366e-01
1.674254034695528692e-01
1.674383151555608462e-01
1.670140706753497351e-01
1.666852849718498675e-01
1.662085678888054474e-01
1.656656266706287295e-01
1.652935074855790831e-01
1.650094901911327017e-01
1.645788321706573298e-01
1.642018062721394001e-01
1.640978908415731130e-01
1.642033851970543801e-01
1.638524979066605658e-01
1.637882152934241331e-01
1.637976203643587425e-01
1.633999392891122837e-01
1.632320286177263713e-01
1.629224905926624778e-01
1.624292349253631806e-01
1.621568909595330621e-01
1.619027633907536290e-01
1.613339478483276357e-01
1.608107949670651848e-01
1.603094214826198960e-01
1.597195798877840689e-01
1.593973107987660953e-01
1.590778558372786811e-01
1.586334969737738798e-01
1.581766021584538606e-01
1.577829804522443702e-01
1.575569194868035594e-01
1.571394095628546872e-01
1.565722551099784643e-01
1.561184866865303889e-01
1.556045860425750993e-01
1.551088684015995423e-01
1.548334448651835782e-01
1.543668958530876600e-01
1.542313408686998288e-01
1.540150365644317454e-01
1.539636921288067284e-01
1.537200113630041165e-01
1.537571718126780063e-01
1.538002323047094333e-01
1.539583756579956386e-01
1.537332271210505308e-01
1.535597762639092090e-01
1.534603745710282074e-01
1.535477131432884113e-01
1.535145745344803081e-01
1.536498933960675772e-01
1.539199866455717158e-01
1.540145589217450650e-01
1.542681785341974976e-01
1.543893601728789644e-01
1.544979894324362557e-01
1.544991475057750085e-01
1.545199158014735341e-01
1.547024258225193349e-01
1.546745182334666735e-01
1.548508216477888499e-01
1.551955405477296046e-01
1.552455371131327422e-01
1.553572052496263178e-01
1.557143630481717667e-01
1.559775764198696180e-01
1.562574550982507582e-01
1.563684790014162607e-01
1.568747554676295508e-01
1.571865998008840082e-01
1.574878056740411369e-01
1.577640348895363864e-01
1.580102540608752104e-01
1.583201669390099098e-01
1.585565868089490182e-01
1.588884876319976436e-01
1.593956277005253441e-01
1.596539372080076902e-01
1.598817316761620422e-01
1.600762470875552457e-01
1.603246625902121358e-01
1.605317481565736171e-01
1.606882832942699291e-01
1.607871398538506247e-01
1.609317104698582135e-01
1.610327783494607257e-01
1.612870631184200598e-01
1.614932287936774180e-01
1.617421798953220802e-01
1.623624684807098706e-01
1.625978915739813013e-01
1.626990373945131352e-01
1.629491328664058325e-01
1.630180116658206946e-01
1.631343402644372109e-01
1.633589407390792503e-01
1.632340472437028289e-01
1.633574780442733632e-01
1.636146278849595903e-01
1.635040412649742259e-01
1.634377077817956991e-01
1.633262720649376054e-01
1.631706098596411025e-01
1.629099117508344130e-01
1.627278247825840740e-01
1.627034967019526657e-01
1.627537903380109063e-01
1.623738047023320363e-01
1.622196448764287313e-01
1.621731732335721654e-01
1.621551238271971562e-01
1.620720460825914588e-01
1.617865332035256787e-01
1.615206602772576439e-01
1.612546863565609279e-01
1.610773563652587725e-01
1.608741593212769661e-01
1.606755232224324204e-01
1.604388531648928140e-01
1.603966370671184305e-01
1.602254239201431896e-01
1.600197875728747166e-01
1.597348787492739453e-01
1.594280065912772604e-01
1.592294698098134786e-01
1.589773216076117712e-01
1.585786727030832621e-01
1.583681816294440770e-01
1.584557500707300393e-01
1.583511366079788929e-01
1.584907783636220757e-01
1.583483828162373375e-01
1.583940320661857970e-01
1.584157276192108554e-01
1.584521806789934151e-01
1.584626995080922196e-01
1.584889052762808448e-01
1.585899956254528398e-01
1.585426117693561898e-01
1.586260951958392007e-01
1.586673848201694825e-01
1.586496072040276262e-01
1.586473895990573313e-01
1.585708850618000043e-01
1.586418583624515100e-01
1.587332622530231441e-01
1.587796604360324215e-01
1.589325750978178298e-01
1.589920071513868105e-01
1.591228453868854253e-01
1.592830987734418502e-01
1.593501459289022870e-01
1.593883992764951740e-01
1.594764627221990361e-01
1.595862882734758181e-01
1.596989596386083898e-01
1.599159032745533504e-01
1.600876807421951487e-01
1.602417239576509611e-01
1.603444323072867606e-01
1.605219964123386633e-01
1.607432249592253837e-01
1.608953091513529443e-01
1.610046161271102561e-01
1.611232709667955176e-01
1.610232986965865476e-01
1.609459789573822464e-01
1.609982543985449266e-01
1.609493868098404445e-01
1.607572558368102755e-01
1.607981641394956585e-01
1.608161014109335540e-01
1.607755850569998202e-01
1.607663902211118878e-01
1.606089390013253348e-01
1.605481848516430998e-01
1.603375683783838102e-01
1.602735875233330942e-01
1.602394730315451210e-01
1.601302498372504934e-01
1.601544347798992129e-01
1.599790102827719496e-01
1.598789149443101132e-01
1.597988992381141060e-01
1.597818838311669543e-01
1.597018160542333642e-01
1.596843813431155223e-01
1.598340171461954395e-01
1.598426227160945623e-01
1.598880222577924726e-01
1.600277637693927058e-01
1.601963011013658733e-01
1.602711773222970648e-01
1.601715037019495469e-01
1.603209397576716988e-01
1.602473572189073991e-01
1.602366196558903388e-01
1.602590405393314321e-01
1.601901412818861337e-01
1.603340641250879384e-01
1.603183405315848631e-01
1.604131236737759147e-01
1.606602303105035545e-01
1.606289136774448900e-01
1.608162527316448487e-01
1.610815156416430804e-01
1.613967943462570331e-01
1.617621748496508860e-01
1.618850911054413033e-01
1.621269968890962920e-01
1.622988561257143747e-01
1.625388588503894338e-01
1.629995130731763109e-01
1.633259649981069761e-01
1.636258352840618546e-01
1.641809574057333521e-01
1.646998984365613539e-01
1.652884292009503264e-01
1.660527980649634805e-01
1.665043740358069235e-01
1.670505836975565983e-01
1.678789584077035046e-01
1.684914055202349492e-01
1.690572806807325024e-01
1.697728220965737389e-01
1.704385329123278003e-01
1.710839947069898170e-01
1.717763841939644043e-01
1.724593313264820849e-01
1.732628359088690950e-01
1.737135794930044774e-01
1.742378723137419372e-01
1.748359499792872529e-01
1.752809431298912313e-01
1.757174742881867369e-01
1.760736826316952053e-01
1.765918863708947351e-01
1.767639934657133371e-01
1.769443827212213993e-01
1.771168414958749771e-01
1.773645055905040124e-01
1.775680491017321838e-01
1.775428575317216651e-01
1.776752352185312633e-01
1.777764999411998725e-01
1.777423389570019774e-01
1.776641923637642950e-01
1.778076357923056017e-01
1.776450823299502990e-01
1.774792757831119561e-01
1.773722358938577270e-01
1.771643203384353493e-01
1.769666421068888384e-01
1.767239847024073829e-01
1.763406399727566465e-01
1.760463391654590870e-01
1.757490461160159945e-01
1.754181124372276579e-01
1.750792378793622484e-01
1.746812006509998461e-01
1.743350358889304286e-01
1.739783673303780531e-01
1.736572126720611342e-01
1.732041687253270124e-01
1.727697804821827499e-01
1.724675765135161853e-01
1.721452686763225992e-01
1.718269003318034505e-01
1.716619156760194886e-01
1.714345583917468718e-01
1.711391318016484697e-01
1.709734766644761539e-01
1.707440512235615382e-01
1.704815850018094325e-01
1.701970781841988523e-01
1.700774939400679364e-01
1.700050031360099134e-01
1.699312853122682543e-01
1.698224847514172853e-01
1.697097064885269013e-01
1.697853650996201391e-01
1.697512718342092386e-01
1.696712577630146157e-01
1.696234541536225937e-01
1.696343344855304469e-01
1.695670760740361493e-01
1.694833503332734415e-01
1.695476621682485696e-01
1.694167145230852933e-01
1.693686177523014980e-01
1.693122019520842125e-01
1.691632547366740125e-01
1.690043394156915402e-01
1.688913472152734907e-01
1.687285726359485927e-01
1.685820532839865105e-01
1.685194370448508394e-01
1.683659610345000224e-01
1.681243283323884397e-01
1.678438244862101025e-01
1.676271420854086869e-01
1.674401555447430079e-01
1.672156383812230251e-01
1.669645886241468702e-01
1.667499532369597359e-01
1.665696930400986930e-01
1.664291919081839488e-01
1.662595121753212002e-01
1.661886562453806504e-01
1.660647092757677190e-01
1.658473054237960542e-01
1.657570979288763569e-01
1.656239634514614922e-01
1.657153667463556190e-01
1.655651921148952876e-01
1.654221290646454845e-01
1.652144918513721583e-01
1.650441446619824726e-01
1.649252632123102691e-01
1.647001503609198392e-01
1.645612585303065367e-01
1.645905930241499671e-01
1.644703079421476755e-01
1.643361903019868731e-01
1.642313993068922895e-01
1.640423608965794755e-01
1.638140674838416133e-01
1.637584493330107860e-01
1.636135767905425864e-01
1.636117338935447196e-01
1.634860645115902289e-01
1.633826736238526145e-01
1.633382523785365248e-01
1.633871672978799428e-01
1.633452413886216092e-01
1.632492564947203018e-01
1.631940303573864437e-01
1.631432896087767204e-01
1.630618296688873814e-01
1.630431452066701536e-01
1.631002951366550269e-01
1.629893346256159337e-01
1.629586136084291703e-01
1.630331899654748340e-01
1.629907095027348096e-01
1.629639459797198597e-01
1.629621038500490560e-01
1.629628908924135589e-01
1.629924166867146029e-01
1.630613392963767283e-01
1.629529417663111712e-01
1.629295468737107233e-01
1.629798993320391021e-01
1.627607393130535707e-01
1.627502126578192765e-01
1.627028589659622326e-01
1.627375594867567221e-01
1.625110956689417296e-01
1.623628165597430506e-01
1.623146615526897540e-01
1.621250659715214870e-01
1.621420231714355287e-01
1.620416635103133773e-01
1.618722915451339117e-01
1.617480630398320240e-01
1.616410861608877370e-01
1.616292411806996565e-01
1.614706360335615432e-01
1.612595488269316091e-01
1.610374767490915515e-01
1.609500480637091890e-01
1.608224105535007720e-01
1.606140083737600532e-01
1.604504660320258957e-01
1.602129743811699369e-01
1.598860577334672295e-01
1.596521554637906348e-01
1.594529278558925456e-01
1.592802086949821061e-01
1.591102815257454672e-01
1.587972955195459390e-01
1.585477885811892029e-01
1.582003793328620178e-01
1.579296891633827915e-01
1.577796145210461631e-01
1.576044731113311337e-01
1.573165353057992544e-01
1.570840376462719901e-01
1.568269281898007073e-01
1.565324892903551812e-01
1.563983825146115225e-01
1.562034971507892944e-01
1.558826583992057591e-01
1.556382234597912528e-01
1.554284812075937550e-01
1.552754786967669998e-01
1.551271299951058891e-01
1.549420272151048883e-01
1.547234732445972594e-01
1.547329091970091053e-01
1.546417060590128956e-01
1.546096619401416405e-01
1.547046423006027682e-01
1.546560347282901760e-01
1.546332423451443894e-01
1.546618418230219505e-01
1.546923193332690460e-01
1.546619053618389361e-01
1.546579906119345815e-01
1.546320749368517711e-01
1.546323411835977546e-01
1.547407958506768488e-01
1.548422085970578843e-01
1.550628198276335079e-01
1.552282308421470136e-01
1.553669821490275549e-01
1.554897932477478650e-01
1.557030672979221042e-01
1.558110674055989686e-01
1.559596203867794906e-01
1.560782371113778044e-01
1.561823960154956614e-01
1.565393766667470543e-01
1.566199512472887245e-01
1.567316071097993313e-01
1.568474526025503413e-01
1.570219164994929029e-01
1.570836462218990759e-01
1.572424430633239945e-01
1.574246071347958353e-01
1.575552878028474435e-01
1.577348934957523152e-01
1.579159886832117721e-01
1.581425790206679727e-01
1.582752589465305504e-01
1.584166464480593062e-01
1.585797691020321420e-01
1.587126683968267948e-01
1.588107305405970782e-01
1.590379541509338579e-01
1.591658106375223869e-01
1.594345233014182184e-01
1.595134299591429994e-01
1.597362234894970645e-01
1.599351129084055079e-01
1.601565571965011259e-01
1.603476178155592291e-01
1.605966032321042847e-01
1.608912992948420551e-01
1.611783851610346097e-01
1.613232913041474093e-01
1.614913015378454109e-01
1.616497958810610425e-01
1.619958182178567740e-01
1.622462549311828595e-01
1.624804809506469605e-01
1.628070910648699021e-01
1.630666008647860266e-01
1.632624794140707658e-01
1.634470602907820702e-01
1.637121148268275150e-01
1.639777008003905356e-01
1.642096844041423531e-01
1.644271378043853371e-01
1.646100473192734226e-01
1.648522608665256017e-01
1.651396937293811706e-01
1.654022900837600341e-01
1.655287124927855569e-01
1.657757490228413122e-01
1.660688510672383156e-01
1.663217309924295562e-01
1.665150997211302109e-01
1.666484038587846550e-01
1.667628698372720653e-01
1.668533871995658280e-01
1.670976404090061540e-01
1.672807610283911228e-01
1.675176512494715442e-01
1.677285776316509436e-01
1.679873786784660261e-01
1.681848453785231567e-01
1.684726320921159926e-01
1.686826906683207561e-01
1.688880082198963850e-01
1.691902186564590016e-01
1.693632211495117168e-01
1.695571298303523711e-01
1.698068539297972190e-01
1.699811502069931424e-01
1.702176564118118574e-01
1.703853172787568315e-01
1.705050823378666258e-01
1.706752894852663627e-01
1.708097288292756144e-01
1.709141773431845091e-01
1.710248000457234852e-01
1.711504556496752649e-01
1.712349658609481073e-01
1.713971575656376145e-01
1.715247696748367079e-01
1.716294924641421638e-01
1.718579361238209979e-01
1.719442983341533671e-01
1.720846764761744252e-01
1.722264989163373172e-01
1.723817924287088799e-01
1.724285266850296428e-01
1.724276492918970782e-01
1.725405145451373579e-01
1.726022793690767942e-01
1.726399484636647608e-01
1.727273502781824788e-01
1.727680251552703994e-01
1.728395044225957133e-01
1.727827699493151570e-01
1.728559154300767231e-01
1.729443982631210242e-01
1.729741757656561574e-01
1.729841961211169010e-01
1.729966263323631237e-01
1.730040056088152645e-01
1.729477926181571534e-01
1.729983357611422079e-01
1.731013014607998557e-01
1.732155018704559790e-01
1.732598754504243443e-01
1.732705360553176699e-01
1.732808018834116337e-01
1.732348258572264377e-01
1.733082663851961414e-01
1.733154019084921504e-01
1.732972215937803040e-01
1.733997468357935112e-01
1.734014470747026193e-01
1.734900759065699238e-01
1.734391690692796140e-01
1.734220853083329739e-01
1.734290167248865588e-01
1.735292887161693220e-01
1.735573308147095872e-01
1.736577601262797310e-01
1.737301429128381980e-01
1.737433382714616004e-01
1.737920106480674576e-01
1.738036217437886610e-01
1.738982301244852702e-01
1.738968060613196864e-01
1.738568604768000458e-01
1.739539003206606316e-01
1.739938381953220203e-01
1.739723319067783547e-01
1.740640355190214150e-01
1.740784501514708316e-01
1.742698159603976726e-01
1.742582533661542754e-01
1.743436364809290984e-01
1.744124434618385400e-01
1.744753815993272672e-01
1.744882290640921152e-01
1.745589795682563061e-01
1.745730745581204890e-01
1.746235651371315367e-01
1.746854669211716504e-01
1.747459904762749261e-01
1.747817576155295538e-01
1.748786953513311593e-01
1.749144794597242702e-01
1.748964340590481170e-01
1.748804081409854883e-01
1.748609372137410467e-01
1.749050866149674810e-01
1.748609130439882364e-01
1.748535645455789878e-01
1.748505924611515883e-01
1.748158313174964507e-01
1.747862315766877117e-01
1.747602579959724733e-01
1.747266060070667426e-01
1.746611886284853976e-01
1.746085977917328780e-01
1.745884148559739002e-01
1.745361533254233266e-01
1.744244901647821200e-01
1.743328523737638913e-01
1.742951617580917045e-01
1.742872282084767521e-01
1.742205385399692996e-01
1.741201055611426018e-01
1.740767644778370982e-01
1.740036941615376309e-01
1.739277275767850961e-01
1.738536878610179304e-01
1.737814621980145469e-01
1.735827215575486693e-01
1.733579297029553823e-01
1.732943744026250454e-01
1.732441731208479441e-01
1.731262924743137421e-01
1.730076631973314905e-01
1.728341596532624314e-01
1.726655425240208319e-01
1.725555843888831875e-01
1.724267776369673433e-01
1.723582921705179849e-01
1.722308138190266624e-01
1.721786289956385163e-01
1.720918836714123157e-01
1.719050629462615665e-01
1.718221279260832013e-01
