# game: leduc_poker 
# eval_every: 1 
# num_iterations: 1000 
# num_players: 2 
# bootstrap: False 
# truncate_negative: False 
# buffer_size: -1 
# num_hidden_layers: 2 
# num_hidden_units: 30 
# num_hidden_factors: 0 
# use_skip_connections: True 
# num_epochs: 200 
# batch_size: 100 
# step_size: 0.01 
# 
2.469922376705752765e+00
1.922845049825196106e+00
1.388389605332939869e+00
1.146542663595027989e+00
9.916101716870352467e-01
8.780950598043788524e-01
7.909989772059831115e-01
7.062592554796771616e-01
6.460549493979690361e-01
5.914305084464089868e-01
5.566173679363369819e-01
5.289470488795898762e-01
5.088062481144083327e-01
4.939209719780484620e-01
4.821459214070062393e-01
4.664568266454594547e-01
4.563512795810203415e-01
4.465527437047979165e-01
4.451337791899867002e-01
4.397921987171131697e-01
4.311621758784000558e-01
4.197404333693159351e-01
4.136323481863785623e-01
4.004253151519203135e-01
3.864298259080017339e-01
3.769968145978044860e-01
3.676316704928157542e-01
3.582654298585125074e-01
3.483526739516901172e-01
3.399685062455604090e-01
3.309451664487061406e-01
3.240752880984116291e-01
3.197018854299246149e-01
3.158513349861447050e-01
3.137050981754055390e-01
3.125789824807696515e-01
3.137799656165064510e-01
3.161897317104992444e-01
3.180031353210411860e-01
3.170284390591570634e-01
3.124810316098850516e-01
3.079107885171965542e-01
3.039606028931772785e-01
3.020183173654912290e-01
2.986512932476046434e-01
2.944642435404270508e-01
2.958314715659631777e-01
2.963074411639284311e-01
2.935223931005794817e-01
2.930052191540702955e-01
2.886105472889617940e-01
2.843106154096304294e-01
2.819460725645855925e-01
2.795053704277571938e-01
2.778627907535197172e-01
2.738047136518944047e-01
2.711020936710168971e-01
2.699203105416733139e-01
2.712790346986808654e-01
2.730087594094950942e-01
2.744689132190439307e-01
2.761372133376458482e-01
2.780316632595933313e-01
2.770427262855346684e-01
2.770608816501433647e-01
2.772236418828423199e-01
2.771368456706856387e-01
2.764644697420267638e-01
2.752001262800419235e-01
2.742835812301019360e-01
2.739352973672873892e-01
2.733728067471573597e-01
2.705728126164930192e-01
2.687495905226001125e-01
2.678929102042637012e-01
2.641121939762989257e-01
2.607869185686889635e-01
2.576702353987385674e-01
2.560392043048547173e-01
2.525455703185092160e-01
2.491867674632936014e-01
2.452340428884496326e-01
2.420261016218849814e-01
2.395312983351328973e-01
2.382277504732814299e-01
2.363132434735294995e-01
2.346446485768801382e-01
2.328754234599541562e-01
2.314851108023891213e-01
2.302277141679106853e-01
2.287176629444229170e-01
2.271083888449848542e-01
2.256224137954112585e-01
2.244683451865197577e-01
2.238473994646454635e-01
2.236922024480907378e-01
2.238992916769020902e-01
2.239468389323858721e-01
2.243338649399486684e-01
2.246125940026516554e-01
2.251787073512152570e-01
2.260113749946096040e-01
2.262499278019560189e-01
2.289213857623441650e-01
2.313201590984602651e-01
2.328377128824819509e-01
2.335960303243319602e-01
2.335697490162091383e-01
2.321527023943547596e-01
2.315252233886128663e-01
2.297652521537445480e-01
2.281767225844600899e-01
2.271426362671162269e-01
2.264105706910170546e-01
2.254276717614654424e-01
2.241115608196690978e-01
2.229041115086605740e-01
2.218981767969543106e-01
2.210666375073070400e-01
2.208874798127147543e-01
2.203589588722490999e-01
2.205146004241423652e-01
2.212246174232200824e-01
2.219772361910745395e-01
2.231068541615778278e-01
2.237948920931109031e-01
2.246019567943178252e-01
2.255106495328695893e-01
2.266679973899888567e-01
2.276698957494390774e-01
2.294001849293463569e-01
2.306975211292464634e-01
2.320437992125621851e-01
2.331326075221392680e-01
2.347398911818480705e-01
2.359691015978989947e-01
2.367164227410482602e-01
2.374553355291925127e-01
2.378660616026064267e-01
2.377046279353534630e-01
2.373979679955042776e-01
2.365924445528120312e-01
2.360276924699082901e-01
2.357989621918240575e-01
2.350371976166753529e-01
2.346760326849712808e-01
2.339101548569866851e-01
2.334904565822424061e-01
2.332538762897087281e-01
2.330172675151831463e-01
2.329387346633263189e-01
2.330658603796118555e-01
2.333085092385482617e-01
2.342877828516977123e-01
2.343485019893793431e-01
2.348492244370006810e-01
2.352456988062438525e-01
2.356683833043128340e-01
2.365015210135628099e-01
2.369962373221454477e-01
2.372882020033924566e-01
2.377107036057562461e-01
2.379085418643614169e-01
2.378682658278312989e-01
2.382686852074240580e-01
2.381571409376322113e-01
2.380654105770761975e-01
2.375957278368902026e-01
2.371851404865948365e-01
2.366281221508759747e-01
2.355765264484491195e-01
2.343593968568665753e-01
2.331200928576226405e-01
2.319778483122930390e-01
2.311444277493575339e-01
2.305469556845474721e-01
2.302839330344757240e-01
2.301748437184437668e-01
2.302050774210953887e-01
2.306746616456509247e-01
2.307434215995876059e-01
2.305204268692075953e-01
2.307515651986398186e-01
2.310646609997657197e-01
2.314639729430268411e-01
2.318666008229192110e-01
2.322125205720960706e-01
2.323918299837780532e-01
2.326876053931753452e-01
2.325327790545401729e-01
2.328919752180339531e-01
2.341548801648637435e-01
2.346608273964660707e-01
2.350844052933610540e-01
2.356771955918644801e-01
2.359635178974957559e-01
2.367401195991340468e-01
2.364578506693984783e-01
2.366109358765358106e-01
2.370006619340239984e-01
2.373385329827073509e-01
2.375036632706856721e-01
2.377222288314934096e-01
2.384263440497977893e-01
2.389351135344418564e-01
2.393153257905897835e-01
2.392259061576566537e-01
2.390025266239989010e-01
2.392097732999010073e-01
2.388135372126938827e-01
2.392240005176507478e-01
2.393230121643450392e-01
2.400594337824389357e-01
2.401397177575173014e-01
2.407274833984524853e-01
2.409993606076355210e-01
2.416032509705884346e-01
2.421112157604038417e-01
2.424294427630130089e-01
2.419446456599685658e-01
2.415314913609370728e-01
2.417619111825390354e-01
2.423784913399546492e-01
2.438029268483598577e-01
2.450747753573813137e-01
2.463403133925236022e-01
2.473300539097992579e-01
2.484303501705634187e-01
2.489667490152005502e-01
2.497559312336359860e-01
2.505642538572166456e-01
2.509902493106184185e-01
2.507763092238719516e-01
2.512004064128774972e-01
2.508856722709771891e-01
2.512751139699755942e-01
2.515737714546387171e-01
2.522264733940061676e-01
2.529996378304618654e-01
2.528926387477853366e-01
2.531680062012592325e-01
2.532271478526177955e-01
2.534161292191000059e-01
2.538277528850151343e-01
2.543374293821369925e-01
2.545764913110321048e-01
2.549100043935533799e-01
2.547179353754179809e-01
2.547725515186108902e-01
2.545812486998932367e-01
2.536794109286710786e-01
2.531058280216077483e-01
2.519474627964498614e-01
2.509194668384944205e-01
2.499799222817125077e-01
2.488742757933724570e-01
2.479501896080794354e-01
2.468465067269063340e-01
2.460744047028547987e-01
2.453208170009476274e-01
2.442602927268485158e-01
2.432069597719740961e-01
2.428203107940216099e-01
2.417535452645389882e-01
2.408781825987471037e-01
2.403273870131089895e-01
2.397438074275074493e-01
2.391993359075261782e-01
2.385399210728216812e-01
2.381739077195864085e-01
2.374420363302853221e-01
2.373306485287578760e-01
2.372173163479863733e-01
2.370299000943422441e-01
2.370687864384240506e-01
2.369884153616657607e-01
2.366987547200691822e-01
2.372269248933397134e-01
2.373994693708696424e-01
2.381004538963978345e-01
2.387956495977926474e-01
2.390729805091437177e-01
2.396483868870351586e-01
2.405658443853236905e-01
2.408963273534906468e-01
2.410681784326711152e-01
2.414913556190920463e-01
2.415718896682211292e-01
2.419542302678087120e-01
2.421107580868499809e-01
2.423829046354605277e-01
2.425656829350559263e-01
2.430584291484829407e-01
2.432781782488864786e-01
2.437543977102969994e-01
2.441518006456686596e-01
2.445436559602219839e-01
2.449142742891871061e-01
2.454931063325959673e-01
2.457795950532765672e-01
2.457168412356258991e-01
2.458398397337226426e-01
2.457133293800980445e-01
2.454708601826338654e-01
2.456966343495293192e-01
2.461228448743486563e-01
2.457680383865547824e-01
2.456089801415695939e-01
2.458230413135388537e-01
2.459486158561702551e-01
2.461426122876715361e-01
2.459297517377598830e-01
2.459044363371680753e-01
2.460275442522323330e-01
2.462506644543915324e-01
2.463759948675825484e-01
2.462816050062084094e-01
2.458029000473020975e-01
2.457916287511098252e-01
2.458870598892203274e-01
2.456128148274303036e-01
2.458657271875902550e-01
2.458291684600494298e-01
2.455338709018917709e-01
2.452808371938142995e-01
2.449403093343326954e-01
2.444061942662305587e-01
2.442160149787838685e-01
2.443664046389920630e-01
2.434727794935241107e-01
2.434431163261145947e-01
2.431042252938008519e-01
2.430770267121230011e-01
2.429453855933600970e-01
2.424586578865561282e-01
2.422079399210274597e-01
2.420287898779836799e-01
2.418042097118856537e-01
2.412839593481479472e-01
2.410629202654222536e-01
2.413005051719120386e-01
2.417115782882645614e-01
2.419413214675599777e-01
2.418210939808952409e-01
2.424735495985942957e-01
2.427016596807451687e-01
2.429484022677897981e-01
2.429791975622675737e-01
2.433108672630304725e-01
2.433853090980103440e-01
2.435041642425417319e-01
2.438160460487290848e-01
2.442923241066483619e-01
2.444463621359795891e-01
2.447936121538065724e-01
2.450289232151853791e-01
2.450709920058179447e-01
2.455403253031240296e-01
2.456205250925137529e-01
2.460255929260068974e-01
2.462174002907951686e-01
2.462921461488803976e-01
2.461985889309319386e-01
2.465046962121510143e-01
2.472750373254681833e-01
2.474478311070142933e-01
2.474697584902475211e-01
2.475044614510754082e-01
2.476625376504837939e-01
2.475529513798415959e-01
2.476158611499441609e-01
2.478308787823637616e-01
2.480139512243217381e-01
2.481208071327410669e-01
2.487531246569251175e-01
2.491681856332644551e-01
2.497183693326146536e-01
2.503752400359723351e-01
2.509322991960091231e-01
2.516738832262037651e-01
2.521321283036453420e-01
2.527204715446893513e-01
2.529503754571650331e-01
2.536474924294801481e-01
2.541328627283640507e-01
2.544725918592710134e-01
2.547085128931030340e-01
2.549658682833946810e-01
2.552583198328929326e-01
2.555853677140930147e-01
2.555845183048029434e-01
2.558356667856208633e-01
2.560554853335347270e-01
2.563200795423357103e-01
2.568708149004904073e-01
2.569731403182510809e-01
2.576156954697386703e-01
2.581415818377432170e-01
2.583418442586519759e-01
2.585037482789489527e-01
2.587620913820150581e-01
2.590902366345525509e-01
2.593312576567111116e-01
2.597419745127487190e-01
2.598386173466034621e-01
2.600041168023360938e-01
2.604013152502225870e-01
2.607529460777807673e-01
2.610245920506526485e-01
2.613506314570857580e-01
2.618330369682789760e-01
2.621623221017428951e-01
2.624685381299588505e-01
2.626704438138459108e-01
2.629597634829477504e-01
2.635619089734339560e-01
2.640114135033044263e-01
2.642911438175335470e-01
2.646732696570348597e-01
2.649946588791415314e-01
2.650897441101135454e-01
2.651404138905371632e-01
2.653659287316852966e-01
2.653256926201695842e-01
2.653372193652070443e-01
2.656876339679298815e-01
2.657683599370913585e-01
2.659324123182852384e-01
2.660967107960247602e-01
2.662520321879809915e-01
2.665511246727851336e-01
2.668011568256387078e-01
2.669273998990441266e-01
2.670314680143249242e-01
2.671685587883050883e-01
2.670242936650769616e-01
2.672276921634018088e-01
2.674066790407290117e-01
2.673476761241435629e-01
2.677397894085075669e-01
2.678345524524923249e-01
2.679717505321080884e-01
2.682275759902584822e-01
2.683889679156856722e-01
2.685192175164503592e-01
2.687683718922543319e-01
2.690068339732094027e-01
2.691892607747482513e-01
2.689787170805681971e-01
2.690458039692431580e-01
2.692947548329153173e-01
2.693243246543777225e-01
2.692941149316298577e-01
2.695643939720546167e-01
2.695935613764882111e-01
2.696474293615701567e-01
2.696908834072343497e-01
2.696485653494733459e-01
2.696234162495824704e-01
2.696644056672966583e-01
2.696734126146980159e-01
2.696392074138408423e-01
2.697985286552963546e-01
2.697453109343970201e-01
2.695938910324481297e-01
2.696297174167461286e-01
2.694582493896863773e-01
2.692401837418223476e-01
2.691837522691752360e-01
2.689161615607662537e-01
2.687731789322584941e-01
2.686732163291252196e-01
2.683270547617599977e-01
2.681927431598802869e-01
2.681361115591318622e-01
2.678976873594275387e-01
2.677877419913918255e-01
2.675162069824602029e-01
2.673465018020276807e-01
2.672000806608681445e-01
2.668106987785488493e-01
2.666777612810566911e-01
2.665158427571864275e-01
2.662742414180118145e-01
2.661091275221654784e-01
2.659753507905464609e-01
2.657997090375576743e-01
2.656534016739431903e-01
2.656058071794330511e-01
2.651752214071228519e-01
2.649801256118662351e-01
2.647939337813958183e-01
2.646842745473958480e-01
2.645696417552213520e-01
2.646108387618291147e-01
2.646769430223355757e-01
2.646497301565404747e-01
2.646422205814467077e-01
2.646987244435231590e-01
2.646974316901489765e-01
2.647273210098871066e-01
2.647659340367377601e-01
2.648219307354935381e-01
2.647068311967939458e-01
2.647300230429013301e-01
2.644326252551839618e-01
2.643660211337274246e-01
2.644969613155138677e-01
2.647672097174867956e-01
2.649936324454922887e-01
2.651931471102383364e-01
2.654879086012019163e-01
2.657279641551652527e-01
2.659698035787007586e-01
2.662538539922770786e-01
2.664352076075302556e-01
2.667199574591810896e-01
2.669387790011661377e-01
2.671751829581973103e-01
2.671870108769424101e-01
2.675842757890788404e-01
2.674542252614494631e-01
2.673375121356829087e-01
2.673675642409603093e-01
2.674852090959266016e-01
2.675944651544559516e-01
2.675837171289641714e-01
2.678820457184413750e-01
2.679570275606681928e-01
2.680742316363232125e-01
2.682608744319384675e-01
2.682979916837053280e-01
2.685988180654722557e-01
2.686959112537595784e-01
2.688110131350116561e-01
2.690610432777009731e-01
2.691802949341555729e-01
2.696550710649213700e-01
2.697142401875162188e-01
2.698089082775160241e-01
2.703546545787381405e-01
2.707541444261558072e-01
2.711243038639504221e-01
2.715261769572506756e-01
2.719536472581993714e-01
2.726184039455819552e-01
2.735943077897449172e-01
2.742220661462851372e-01
2.748393060750763395e-01
2.753698760014970381e-01
2.761725091335326399e-01
2.765416195744907490e-01
2.769759469570549082e-01
2.773883083576941244e-01
2.778794743482060348e-01
2.782384493642184320e-01
2.788110639630943521e-01
2.789924612975893670e-01
2.792557705695883352e-01
2.798026816293766039e-01
2.800543343638448590e-01
2.806297984940599455e-01
2.808186461055850458e-01
2.810236255983706855e-01
2.812177526153425977e-01
2.814703932517922946e-01
2.814513587711733322e-01
2.815497496371893726e-01
2.815911313995410614e-01
2.816798861786438124e-01
2.818126910127776719e-01
2.822645028365197706e-01
2.824164697054373230e-01
2.825349427025124482e-01
2.827697218855356187e-01
2.827713000484322059e-01
2.828919571449942660e-01
2.830160706425945971e-01
2.829473757400564060e-01
2.830083080176353238e-01
2.828949102469585641e-01
2.826929865664752350e-01
2.826207480916354542e-01
2.826660383058077763e-01
2.826503489379055822e-01
2.825679979378661888e-01
2.823511684665029331e-01
2.823928654087295986e-01
2.823533823524685960e-01
2.822847794340049288e-01
2.821052437825450343e-01
2.822075214610942906e-01
2.820238848257037301e-01
2.819990893472026361e-01
2.818329277337144889e-01
2.817665943037235277e-01
2.816132031649876133e-01
2.814293190069826478e-01
2.813510090453328338e-01
2.813587100282565201e-01
2.812950652200407742e-01
2.810993229104419844e-01
2.811387326213121152e-01
2.809611614189694295e-01
2.808278979687145460e-01
2.808232640122843571e-01
2.808705176757959610e-01
2.807796761288243181e-01
2.805973160051815629e-01
2.804842924026843543e-01
2.802839902102668423e-01
2.803216890605196854e-01
2.801367084393052154e-01
2.799919856088333159e-01
2.798469616893332623e-01
2.797341555746375441e-01
2.793985558616057796e-01
2.790016819002404946e-01
2.789354870004460141e-01
2.788777280910346157e-01
2.787314940499215909e-01
2.785322937614322925e-01
2.783779581996428387e-01
2.782790856504406829e-01
2.782604276504225815e-01
2.783159368363889996e-01
2.781793700653155677e-01
2.780623911913370216e-01
2.779147773505499797e-01
2.778095510639762011e-01
2.776996663800670451e-01
2.774105392598864572e-01
2.773715459903685066e-01
2.773698197821184985e-01
2.774737266764162325e-01
2.771723908870854514e-01
2.770135900333464685e-01
2.769102674687613508e-01
2.769074449347202482e-01
2.767072722358875358e-01
2.765112444244498535e-01
2.764777241860584267e-01
2.762355899524509550e-01
2.761440284258048772e-01
2.759013252260158477e-01
2.757792942641352218e-01
2.755633275844227570e-01
2.753225814242944436e-01
2.752618304471282640e-01
2.751913416401768897e-01
2.750125625783967354e-01
2.747729579861900584e-01
2.748505379700589835e-01
2.745460108785390263e-01
2.743631998934077387e-01
2.743127623884743516e-01
2.739677778606428582e-01
2.734883378373281770e-01
2.732712213898055853e-01
2.730291931121284765e-01
2.725395752933825744e-01
2.722100736354077233e-01
2.720348673169192821e-01
2.715777899234373960e-01
2.712240406190923880e-01
2.708004490531604191e-01
2.702153905934345235e-01
2.698023538805606192e-01
2.695707690132154166e-01
2.691250400227782613e-01
2.688150706685314417e-01
2.684278805082209729e-01
2.680374621624220799e-01
2.675813533376635300e-01
2.674843861350362229e-01
2.672288825403387746e-01
2.668815697583936108e-01
2.665805059598279070e-01
2.664980061562060021e-01
2.661637694805918386e-01
2.659067450714742709e-01
2.655374375087573569e-01
2.652802553402764940e-01
2.648435557256947348e-01
2.646672024198254980e-01
2.645240189456667945e-01
2.641982872569531571e-01
2.640344267959914837e-01
2.636346590714294669e-01
2.633670967082868408e-01
2.631007779926864965e-01
2.629438430594688292e-01
2.627808375421156750e-01
2.625908990236225371e-01
2.624174150930639327e-01
2.622732505206170073e-01
2.620408993785006135e-01
2.619191898117851358e-01
2.618243708602767672e-01
2.614502127117044328e-01
2.613963990457019992e-01
2.613149989012460983e-01
2.611168984594823272e-01
2.609330256283942662e-01
2.606705613308308855e-01
2.605738880952080949e-01
2.604274336141306767e-01
2.604986089645462410e-01
2.602820903342123460e-01
2.602737480511851942e-01
2.602736482619392722e-01
2.601526062158627806e-01
2.600416747423190955e-01
2.599430993713347515e-01
2.598980331872247640e-01
2.598598213668678047e-01
2.598843791040855722e-01
2.598794219201410738e-01
2.598452330231675322e-01
2.598123437669165869e-01
2.598565317626251314e-01
2.599487861342851813e-01
2.599336348225843585e-01
2.600338744350971787e-01
2.600517837605438309e-01
2.600798885436735874e-01
2.601590689995386119e-01
2.601667848538334327e-01
2.602986294454905369e-01
2.604157556140974661e-01
2.604633253090732903e-01
2.604390487787775488e-01
2.605071809893466650e-01
2.605131351050080091e-01
2.605584975392493119e-01
2.604959098366014247e-01
2.606092332963982905e-01
2.606861498637335073e-01
2.607188988606337077e-01
2.606453401764969313e-01
2.605644522504149685e-01
2.605840582654099791e-01
2.605806275236325353e-01
2.605177681661403621e-01
2.604512431651775373e-01
2.604995967492180764e-01
2.604743311718981102e-01
2.604910292395732352e-01
2.604795163962866922e-01
2.604230782697594115e-01
2.604270925034859463e-01
2.604454231682613585e-01
2.605303482457492215e-01
2.605369718457392625e-01
2.605275042215133285e-01
2.605176272650184255e-01
2.605379531199620846e-01
2.605628972309310676e-01
2.604277711217030666e-01
2.603481296964960667e-01
2.603306338544089105e-01
2.603240976721584721e-01
2.602952129863972952e-01
2.601978630407758564e-01
2.600884072447178785e-01
2.600197201858871487e-01
2.598907519682289724e-01
2.599751555692317861e-01
2.600306652524769779e-01
2.599781254081244830e-01
2.599138289924284861e-01
2.598808154242235879e-01
2.599195881386969775e-01
2.599563505703768040e-01
2.599420883542695182e-01
2.600697550586228979e-01
2.601532118222954493e-01
2.601081614764715333e-01
2.601478082625250932e-01
2.601929125057448333e-01
2.602490438559025288e-01
2.602603058449016737e-01
2.602947985255074093e-01
2.603093190729987016e-01
2.604024006515542888e-01
2.605129282728350093e-01
2.607262206873364185e-01
2.609011733288496560e-01
2.609767749352579491e-01
2.610226753949167477e-01
2.611612285638149622e-01
2.613366546390042955e-01
2.615987317546603075e-01
2.617316497342184745e-01
2.619392762486357773e-01
2.621576895993578682e-01
2.622933306329369163e-01
2.625125524138698374e-01
2.627124776293687791e-01
2.628835230793679645e-01
2.630654072313155512e-01
2.631059302110221321e-01
2.632455979260319157e-01
2.632647887592580727e-01
2.633149578718008699e-01
2.633750084628121990e-01
2.635170999366898692e-01
2.633925824955219430e-01
2.634868434337113707e-01
2.633525475770840396e-01
2.632529670707288716e-01
2.631532572731956066e-01
2.630459511708733711e-01
2.629726640313304609e-01
2.629350998353884306e-01
2.627946612365904544e-01
2.627749646423135910e-01
2.626672955048478530e-01
2.625938913570721733e-01
2.625644021734800382e-01
2.625214034787969886e-01
2.625911249310421414e-01
2.626419456371693051e-01
2.626605856967065278e-01
2.626544885777050697e-01
2.625082832591725257e-01
2.623733939331442944e-01
2.622574822677550266e-01
2.620239724070494436e-01
2.619491643154782112e-01
2.617809282992623610e-01
2.616105542438074694e-01
2.616076378747824172e-01
2.614519723058227330e-01
2.613827197415438119e-01
2.613379957906646345e-01
2.612534329372171449e-01
2.612339023873389010e-01
2.611308647894452495e-01
2.609205873919898666e-01
2.610670498588144595e-01
2.611508768931053437e-01
2.611530462519864315e-01
2.610368179189390681e-01
2.609067951228785653e-01
2.609155637475703560e-01
2.609192451381876499e-01
2.607386057507095622e-01
2.606553182802916480e-01
2.605212532708958140e-01
2.603721589677057136e-01
2.601598472300338249e-01
2.600108214866173051e-01
2.599146128246475618e-01
2.599498613823925663e-01
2.599143069219721491e-01
2.597985536522043892e-01
2.597389465611268378e-01
2.596661487683022962e-01
2.597236903519352658e-01
2.596336353133711361e-01
2.596899584247477355e-01
2.596692279545495530e-01
2.596759973785816022e-01
2.596326646879426603e-01
2.594855364305851397e-01
2.595417074493346909e-01
2.593584218159951105e-01
2.592869193215276979e-01
2.591087626816803713e-01
2.590694233000293001e-01
2.590246524172223341e-01
2.589984262182768449e-01
2.589256899246413224e-01
2.587925495518365038e-01
2.586487117549057246e-01
2.586774938606927754e-01
2.588022746382597772e-01
2.587992034312963652e-01
2.588126575152093212e-01
2.588672500465100668e-01
2.589264906950238254e-01
2.589568424209344744e-01
2.588752281762546348e-01
2.588136231374484342e-01
2.588214106160223738e-01
2.588565679652312101e-01
2.588277103114322575e-01
2.586695598287400699e-01
2.587051359447205545e-01
2.586126854609206993e-01
2.585916486613155096e-01
2.584997189369254711e-01
2.584665539087702690e-01
2.583674393514868717e-01
2.582384260329368408e-01
2.581094784115481877e-01
2.581817101714548035e-01
2.581852973476898017e-01
2.580849241454751253e-01
2.580925231553803378e-01
2.580410220989602377e-01
2.581062653350753022e-01
2.580925992607611130e-01
2.580485049511078710e-01
2.580597782689593167e-01
2.581839929216218077e-01
2.583510479034113461e-01
2.584584087347446268e-01
2.585631072076090553e-01
2.586460612125379699e-01
2.587080959778705891e-01
2.587389038208740555e-01
2.587840571313183569e-01
2.588780559074113086e-01
2.589428646463831640e-01
2.591364962756487200e-01
2.592342329677100876e-01
2.594615217130925022e-01
2.595339230385936835e-01
2.596890847807748481e-01
2.598639011259807896e-01
2.600607571879330893e-01
2.601044927922130934e-01
2.602050636030843189e-01
2.604309801744632558e-01
2.605939536421021940e-01
2.607509278944614151e-01
2.609300033408206154e-01
2.611276534244569292e-01
2.613468147095066030e-01
2.615397963212589549e-01
2.616807983771647916e-01
2.618405888631552547e-01
2.618857335600774938e-01
2.619461571535918742e-01
2.621018428302885339e-01
2.621942854235475573e-01
2.624432836058540608e-01
2.626022903020510668e-01
2.627752629807506013e-01
2.629840802337669592e-01
2.631063063662114621e-01
2.631979332784510905e-01
2.633509460196583052e-01
2.633864556203218688e-01
2.635678732003867153e-01
2.636261359613701893e-01
2.636792922819094498e-01
2.638013943442597542e-01
2.639172622877431484e-01
2.640147884151201607e-01
2.641711624673375169e-01
2.642404859444906773e-01
2.643127046496753230e-01
2.643546393801592398e-01
2.644037625014765691e-01
2.644761681163385059e-01
2.645882170361652519e-01
2.646977697141163488e-01
2.647008460958611420e-01
2.647237017854912611e-01
2.648424589018434916e-01
2.649079159664178840e-01
2.648607409917448363e-01
2.649103406639803371e-01
2.648988491438192261e-01
2.650790043823416653e-01
2.651582859333014852e-01
2.653427327860835017e-01
2.653860965215305567e-01
2.653581350297607444e-01
2.653251235073251779e-01
2.653775981321517818e-01
2.653947178528621165e-01
2.655452065857238919e-01
2.656042312491985746e-01
2.655903098203380441e-01
2.655404090714021392e-01
2.654985454003044310e-01
2.655722296546574324e-01
2.656253798451895243e-01
2.655954498793816065e-01
2.655537055760175957e-01
2.655479284606305779e-01
2.655934399422212877e-01
2.655829472082565368e-01
2.656759607593897066e-01
2.655690330303818181e-01
2.653739702736342965e-01
2.653098503201803404e-01
2.651866190748358720e-01
2.650682937699407327e-01
2.649149792461936714e-01
2.649158136861942126e-01
2.648837794947492275e-01
2.648497315557578058e-01
2.649900998002587826e-01
2.648888204899947363e-01
2.649218265958480090e-01
