# game: leduc_poker 
# eval_every: 1 
# num_iterations: 1000 
# num_players: 2 
# bootstrap: False 
# truncate_negative: False 
# buffer_size: -1 
# num_hidden_layers: 2 
# num_hidden_units: 50 
# num_hidden_factors: 0 
# use_skip_connections: True 
# num_epochs: 200 
# batch_size: 100 
# step_size: 0.01 
# 
2.589150501237358348e+00
2.166475529262166688e+00
1.667381973666479444e+00
1.382049351076626298e+00
1.128851615767078709e+00
9.740021396445108781e-01
8.624769684675723802e-01
7.940643577034184331e-01
7.365884151810171421e-01
6.839193949077104762e-01
6.409384152786334887e-01
6.066968831023170639e-01
5.708312533204523698e-01
5.428819053965596719e-01
5.033923284226755612e-01
4.757167506365986842e-01
4.541518616824679611e-01
4.343608242996195301e-01
4.138883454572113152e-01
3.998048729013786162e-01
3.860329822791461751e-01
3.761776524741514693e-01
3.625194770794781252e-01
3.581883639850514389e-01
3.510133820421253437e-01
3.416451621056865173e-01
3.313860320998064379e-01
3.190689883293362228e-01
3.116666295425139510e-01
3.054027231403928511e-01
3.028721835415997266e-01
2.989317359618872683e-01
2.933840466046887530e-01
2.855632702052717242e-01
2.802351039607928751e-01
2.737696834362705056e-01
2.682562584913013026e-01
2.638870164082917080e-01
2.607798391799794890e-01
2.573601705552840402e-01
2.504565647274255014e-01
2.428153636345463662e-01
2.357345747372469602e-01
2.297104907149937758e-01
2.260205500448660698e-01
2.245747849269501828e-01
2.210367186465571065e-01
2.197033092682883493e-01
2.165866385794949223e-01
2.161218222777970543e-01
2.156433554333355151e-01
2.136937058993820804e-01
2.115469703317446604e-01
2.101873736883151655e-01
2.070420323520530959e-01
2.035763867354767331e-01
1.989755849818160560e-01
1.944306696190392092e-01
1.904201997378252575e-01
1.860927387209770634e-01
1.833209124925303524e-01
1.803250547334116216e-01
1.778135480319053552e-01
1.748591009126730933e-01
1.742063916536108481e-01
1.724948176163025593e-01
1.707726697197528565e-01
1.697550272733558407e-01
1.689863246355927662e-01
1.687318885975589433e-01
1.700274525193371244e-01
1.722245962058926716e-01
1.724018981597963684e-01
1.725723290811629895e-01
1.730998390088519800e-01
1.733122559533690765e-01
1.732175169857942676e-01
1.735978073346132744e-01
1.738278550676913004e-01
1.723165571142612762e-01
1.707117062485565551e-01
1.702773663900239431e-01
1.700899302426552295e-01
1.708906234709784422e-01
1.708809999121947421e-01
1.706889021060548073e-01
1.702087735491718823e-01
1.703114005031153289e-01
1.696049089618490990e-01
1.687057316572249666e-01
1.690176575350741395e-01
1.673924600380775896e-01
1.660851286665385174e-01
1.656551382244022264e-01
1.650840928268816343e-01
1.634951094470825095e-01
1.625359547750888645e-01
1.614840714071051619e-01
1.593065570805393683e-01
1.578715752644859194e-01
1.562792703204347045e-01
1.546515297592155058e-01
1.535230131642841833e-01
1.515390066487828924e-01
1.508519915601088668e-01
1.499129233673009987e-01
1.483540537310429064e-01
1.476620705892222052e-01
1.470622567499129119e-01
1.471030259100061521e-01
1.457547503917999976e-01
1.445905311801305437e-01
1.433373741080912200e-01
1.419115064069270682e-01
1.404265947639901646e-01
1.391074972812278709e-01
1.377361002618003316e-01
1.364429332880580659e-01
1.348566810392154425e-01
1.342346060047872047e-01
1.333598257084220862e-01
1.319190555803084197e-01
1.309006352367406145e-01
1.299159001537240898e-01
1.288568641534817982e-01
1.281416621220729524e-01
1.272357329124935155e-01
1.263615856945772276e-01
1.256783631554254654e-01
1.261090920631505186e-01
1.259919359221239876e-01
1.261998938550654148e-01
1.270952666314010271e-01
1.279172215537034973e-01
1.292024040150912545e-01
1.301367777184095076e-01
1.308954847599532179e-01
1.311593388586100306e-01
1.317918050701720190e-01
1.321151978371022939e-01
1.324194553353534309e-01
1.326286619316845439e-01
1.324394261103283843e-01
1.316897716182614531e-01
1.319488497029493723e-01
1.319679494060783109e-01
1.332267496562956621e-01
1.331425282674740251e-01
1.327387290700479949e-01
1.321829757255447713e-01
1.315281503003686847e-01
1.303348667374347736e-01
1.290677106996823698e-01
1.280797931806889611e-01
1.268083893893067193e-01
1.252808891117912771e-01
1.241408987883401288e-01
1.233884166939281379e-01
1.230537278230332682e-01
1.222655285272532671e-01
1.219494270433810479e-01
1.220494327187080785e-01
1.220465294923517297e-01
1.222666451662584586e-01
1.223488266317372952e-01
1.222427454400625696e-01
1.219482082609690543e-01
1.215303202794811577e-01
1.211046998148093551e-01
1.209285327568374868e-01
1.204959590812705039e-01
1.204188826589509681e-01
1.197202000614990963e-01
1.193397179152309862e-01
1.192478270204096746e-01
1.191008604611453886e-01
1.190214873255576872e-01
1.188554455734937704e-01
1.184964964272920279e-01
1.181040548642881688e-01
1.180784224728830961e-01
1.181575390828355915e-01
1.180580382177106591e-01
1.179116093557972533e-01
1.178466541176129700e-01
1.176802510291018455e-01
1.174200973802340953e-01
1.173464683821243276e-01
1.173678918725508113e-01
1.172407877286033712e-01
1.172192588984464490e-01
1.171292268874530168e-01
1.166293048082056028e-01
1.160575275359192748e-01
1.159377273867991803e-01
1.157062974749018952e-01
1.156115407959321245e-01
1.147809905030028194e-01
1.140445356407245869e-01
1.140937776281916449e-01
1.141389138160787409e-01
1.141736012652517507e-01
1.140847203131012122e-01
1.136856787680949055e-01
1.132958933027208431e-01
1.126522776262206677e-01
1.122734984846392170e-01
1.117628999085334141e-01
1.113192543778752930e-01
1.107856270700022655e-01
1.102519586660194589e-01
1.102344378303564965e-01
1.101218504585297631e-01
1.099840937315727518e-01
1.098421913008913869e-01
1.097557229686686453e-01
1.095315274123739163e-01
1.098353364118713343e-01
1.098462998421930320e-01
1.098528560311362590e-01
1.094743969329649985e-01
1.093260340927894869e-01
1.092866769312763470e-01
1.098212658343188236e-01
1.100423983745946466e-01
1.100784319625369850e-01
1.100315438907106536e-01
1.100791475989747886e-01
1.101716855453749866e-01
1.105702119049261217e-01
1.105522039119089805e-01
1.108993791364172032e-01
1.108519467402374198e-01
1.111438762543177777e-01
1.114076628916635947e-01
1.114282836231677842e-01
1.111121849973202430e-01
1.109065259052706143e-01
1.107269101390203625e-01
1.110239418034969089e-01
1.110107742948662352e-01
1.108137123174458422e-01
1.104303970353853609e-01
1.102913069530204043e-01
1.103342955153848864e-01
1.102026182717953523e-01
1.098286498191679977e-01
1.091410066338967255e-01
1.090092790000748851e-01
1.084015282088521825e-01
1.076462566896359829e-01
1.069777013109949604e-01
1.072299037213962497e-01
1.070617019628584271e-01
1.070619177125270577e-01
1.069543635864069614e-01
1.068983317474016953e-01
1.075394815975028173e-01
1.076190956038923091e-01
1.082265502922696854e-01
1.080876803952420251e-01
1.084417223864409252e-01
1.083442406456903706e-01
1.083207756267394600e-01
1.083326020051529198e-01
1.087659873854398690e-01
1.091472735156802654e-01
1.097815146034564204e-01
1.103212148731010506e-01
1.110449476734942376e-01
1.118248014006754526e-01
1.121933985626697161e-01
1.125575928495621131e-01
1.130921917144256800e-01
1.136959147528543990e-01
1.140598338167537890e-01
1.145383581906811721e-01
1.147530622729834721e-01
1.146578388577877972e-01
1.145630666164788175e-01
1.148977682833956654e-01
1.150450965341829473e-01
1.150445364361339096e-01
1.153337920669753741e-01
1.156164545257045290e-01
1.159294566806506194e-01
1.160917821109029996e-01
1.161477604790443624e-01
1.157139044680186302e-01
1.157813114747404670e-01
1.151881570566637425e-01
1.148720764010528750e-01
1.146019730063465303e-01
1.144337077167566635e-01
1.141614904707636963e-01
1.140065181358843882e-01
1.136944540709628054e-01
1.133251355305819330e-01
1.127563555198626971e-01
1.122794655901978994e-01
1.118324879917274306e-01
1.118022101985261946e-01
1.121318747698840379e-01
1.124747151509507964e-01
1.133180609964661023e-01
1.141134195812690683e-01
1.150292745520089255e-01
1.158775910757203625e-01
1.163953601015617206e-01
1.172235092833437131e-01
1.175788196342704706e-01
1.180078007565688869e-01
1.186356791203170835e-01
1.188760267720828934e-01
1.192705575026019177e-01
1.199041632523595580e-01
1.199521383301526689e-01
1.201107666366802301e-01
1.205110522909744186e-01
1.207401234384960498e-01
1.214659692326584689e-01
1.215060426483321465e-01
1.212154120833815324e-01
1.209768683861668498e-01
1.205859070448022236e-01
1.201948689925358554e-01
1.199187849549143703e-01
1.192619376595784736e-01
1.186199830455910015e-01
1.176428619425530370e-01
1.170451356613523564e-01
1.163420104165431568e-01
1.158545566329322457e-01
1.153596732388849355e-01
1.151080640838222646e-01
1.147931908176477167e-01
1.145410575154531124e-01
1.145896072611189420e-01
1.143020378029136475e-01
1.140182621610837804e-01
1.139278071378643092e-01
1.135994239013355528e-01
1.134388207497485368e-01
1.134128444423986026e-01
1.135349762930064482e-01
1.136731183549102714e-01
1.137703375100714842e-01
1.138891264912830631e-01
1.139137483377691273e-01
1.139370462005972195e-01
1.140189690949034163e-01
1.138227768415552427e-01
1.136963534179283447e-01
1.137048427791886307e-01
1.135233548398068421e-01
1.134559634126542926e-01
1.135295079242309435e-01
1.132084872391694030e-01
1.132425674032471880e-01
1.131577730737362425e-01
1.131336888281842951e-01
1.133529619806224187e-01
1.136890564954078642e-01
1.141506124100865882e-01
1.145592509090612998e-01
1.148181539350788538e-01
1.153375690791067221e-01
1.157557439036499547e-01
1.162674788046178520e-01
1.164861816823682533e-01
1.168206150107412855e-01
1.170777795731882120e-01
1.173391205292007994e-01
1.177458054690976030e-01
1.177445422554963261e-01
1.177953328574225106e-01
1.179524332059522923e-01
1.180716463829117463e-01
1.180019493044733719e-01
1.179350913414953378e-01
1.178498355929322727e-01
1.174723566812596320e-01
1.171131677852078334e-01
1.167131916273549952e-01
1.163869272442497188e-01
1.160850855993267317e-01
1.158737389750706392e-01
1.156823813863052525e-01
1.156024424929994882e-01
1.151956659759122703e-01
1.149269617303293051e-01
1.145865793023127521e-01
1.141944433786470231e-01
1.136385021278118190e-01
1.132485301455162657e-01
1.126796633359276878e-01
1.123355648953411334e-01
1.116466011374307038e-01
1.111500313013829705e-01
1.104969822896194886e-01
1.096150909774337712e-01
1.088232937118399080e-01
1.082998221114224030e-01
1.078981629682997656e-01
1.077420119782650787e-01
1.075295953880938682e-01
1.073728189848807413e-01
1.070564101274072560e-01
1.068835797793503128e-01
1.065966517615254266e-01
1.062804879044203371e-01
1.059133987038902297e-01
1.056294573583426433e-01
1.051220237955644704e-01
1.047337752595888655e-01
1.044910850967941951e-01
1.043925338101827360e-01
1.041474472773802340e-01
1.043831105575350193e-01
1.043350599661346939e-01
1.042386845479501833e-01
1.042897590783619377e-01
1.043051122443152817e-01
1.043392280062207522e-01
1.043471423349076471e-01
1.044499995434761130e-01
1.046779754139930962e-01
1.044657505459322538e-01
1.044316380186314924e-01
1.044738416960007410e-01
1.041933884857655646e-01
1.040697688229722112e-01
1.040646943797600837e-01
1.039774754718189032e-01
1.036660350093498023e-01
1.032971165049427487e-01
1.030437446679083324e-01
1.027515337499161491e-01
1.027851206142038898e-01
1.024519534233813700e-01
1.022185809052387345e-01
1.019341338332930696e-01
1.018742860809299655e-01
1.018683580620068363e-01
1.017434526918314930e-01
1.016278593189405832e-01
1.016837792122396722e-01
1.016016524113798059e-01
1.015260676670987905e-01
1.014348196192449425e-01
1.014698860881047549e-01
1.013683231278844077e-01
1.014529394090930847e-01
1.014814374193857421e-01
1.013458978943258676e-01
1.014732569554385594e-01
1.016052357739280765e-01
1.018745502293380151e-01
1.021104251851607386e-01
1.022239874474715066e-01
1.026251635529698975e-01
1.028468111176217281e-01
1.028904956003558330e-01
1.029581345153417898e-01
1.030573716930664324e-01
1.031118527673593743e-01
1.030015614332280005e-01
1.032124605407853252e-01
1.033739919905755505e-01
1.032866878470088262e-01
1.033959002647835829e-01
1.033752081104085951e-01
1.036690106846065301e-01
1.035656613859412822e-01
1.034200557310514940e-01
1.033611786574020336e-01
1.032125971612716381e-01
1.031763583479132912e-01
1.032330917878071519e-01
1.030138950847135637e-01
1.028782369539547187e-01
1.026145030876561559e-01
1.024511670877084057e-01
1.024050709652070262e-01
1.022159824907319936e-01
1.022062377426888463e-01
1.021195227920145415e-01
1.020204227505288053e-01
1.020279816130586492e-01
1.020137956657232864e-01
1.021164963022176408e-01
1.021121888700359526e-01
1.019803590723054876e-01
1.018073744096584382e-01
1.017932304458024628e-01
1.017506518381373626e-01
1.016177120609634554e-01
1.015516002376176952e-01
1.017440870492943988e-01
1.020694388040271211e-01
1.023362797609567720e-01
1.026725195641816218e-01
1.029583347221382644e-01
1.031030438463293453e-01
1.033232151976914426e-01
1.034135970365620966e-01
1.035021869144926859e-01
1.036432277051881068e-01
1.034519646369232160e-01
1.031379261986231782e-01
1.032499826489484684e-01
1.033513318655714525e-01
1.031357072592266333e-01
1.033403480531306373e-01
1.032019833967364603e-01
1.029870916763211269e-01
1.027205952061598926e-01
1.025065781920848212e-01
1.024626722147486124e-01
1.022707403210040694e-01
1.020214584211842496e-01
1.016009013397787125e-01
1.014155609180066864e-01
1.010367682813209239e-01
1.007236429865153021e-01
1.001976546019554964e-01
9.998322360001493658e-02
9.951809248101714522e-02
9.928976042131754109e-02
9.903280141303846817e-02
9.912993122348190411e-02
9.915734295808587007e-02
9.905837101258332944e-02
9.883492101972979338e-02
9.872749383756758423e-02
9.876839014230534564e-02
9.878864701630997447e-02
9.875494523061205399e-02
9.876667503248753865e-02
9.901037057070848080e-02
9.929913542643367674e-02
9.927420094757807845e-02
9.934370572569936608e-02
9.936365084287158977e-02
9.931599581736240412e-02
9.961486519446283161e-02
9.967290469986450629e-02
1.000946438854258963e-01
1.002812322543656098e-01
1.005040143123619861e-01
1.006640454730751977e-01
1.007381558704304875e-01
1.008200210634795924e-01
1.010239919332612119e-01
1.009375796506204320e-01
1.007616490992543079e-01
1.006698979676033667e-01
1.004566953547333802e-01
1.000967481920885249e-01
9.967479185135050268e-02
9.940498634986388860e-02
9.892168201080907275e-02
9.846453405395895475e-02
9.805740986578626028e-02
9.768157657085246859e-02
9.747163216992803247e-02
9.708235304047878322e-02
9.688631202844653900e-02
9.693650775815310094e-02
9.690544646611108648e-02
9.679268550017143535e-02
9.677197753653518641e-02
9.673413103128285229e-02
9.662986974270543206e-02
9.661186562939941269e-02
9.663493681995471984e-02
9.656869317906571770e-02
9.678754258820732037e-02
9.680406051634099507e-02
9.681116596177326283e-02
9.688094834310807812e-02
9.700796906563934063e-02
9.719455244497963997e-02
9.715349121065039451e-02
9.721112731406723884e-02
9.727354258771099549e-02
9.725710510764271066e-02
9.720889969491532112e-02
9.710547433479488344e-02
9.718719499781428017e-02
9.717091170514001452e-02
9.736151537234745412e-02
9.770018302282384992e-02
9.790280335086520846e-02
9.791707457026477268e-02
9.817142164110825853e-02
9.838067047137033505e-02
9.859484062223544676e-02
9.889444189284533893e-02
9.909238068157801005e-02
9.934432186274548549e-02
9.965326189836107296e-02
9.987725218386996062e-02
9.998819097592574756e-02
1.000909522250331002e-01
1.000205458936826580e-01
1.002298194649603458e-01
1.001720075798533116e-01
1.002309070067032570e-01
1.004924855291658981e-01
1.003299395262009647e-01
1.001984095739905239e-01
1.001210733225888216e-01
9.992977711717961065e-02
9.981567128776348830e-02
9.988630201504544726e-02
9.965151528266005809e-02
9.957217046211498668e-02
9.938845207332461240e-02
9.939916579753024783e-02
9.948122207560267105e-02
9.926538970581873234e-02
9.906317019050359107e-02
9.865235365728414196e-02
9.853274502764576559e-02
9.820121023756234191e-02
9.792567018164487214e-02
9.762551679933839655e-02
9.743936886598314473e-02
9.707419678688776477e-02
9.691912146597168876e-02
9.672910576725129994e-02
9.660680431711533844e-02
9.645866130880054179e-02
9.630368997746711901e-02
9.621243306106448678e-02
9.612329293985728829e-02
9.593000054088163253e-02
9.586644643692932011e-02
9.583687711011319721e-02
9.561377226497733139e-02
9.551284662061837460e-02
9.542759062095843015e-02
9.534876872279318683e-02
9.530365949386988833e-02
9.521710057038212938e-02
9.525233501741120490e-02
9.532099341339876630e-02
9.530206733115993700e-02
9.537510285982556124e-02
9.539926284788852184e-02
9.550302089183325405e-02
9.571859363500476170e-02
9.576172268752032590e-02
9.578305462136425807e-02
9.581867806520232012e-02
9.586512387395534907e-02
9.586391581598102674e-02
9.571539185046674947e-02
9.561812988091973609e-02
9.548034487579397378e-02
9.570645653420405130e-02
9.552740968941218769e-02
9.556642221964788131e-02
9.558523373372862508e-02
9.598107419095425197e-02
9.619206553638377788e-02
9.626259753418850429e-02
9.634846775722315237e-02
9.644859598511493215e-02
9.661520893981434543e-02
9.679385107536707389e-02
9.691454512524853848e-02
9.702615985707013779e-02
9.690014536559145297e-02
9.712884882399624997e-02
9.736164850103776192e-02
9.761350686047358394e-02
9.791308697120200411e-02
9.808351828937415806e-02
9.804936257652455134e-02
9.797231827648351932e-02
9.780364805235455816e-02
9.771109021600338229e-02
9.778337226660994974e-02
9.776793574846712187e-02
9.783486696800697269e-02
9.784358942684065474e-02
9.798306267276113424e-02
9.809551650797503075e-02
9.816225928082011887e-02
9.816411492469448441e-02
9.825718421067805575e-02
9.836797537361303967e-02
9.836052789626532900e-02
9.849430589628571653e-02
9.854017141415526149e-02
9.854176791085532405e-02
9.861907163537629584e-02
9.864907366539876765e-02
9.885615668923880550e-02
9.892459092063110582e-02
9.919258634227656746e-02
9.927008169570758489e-02
9.943559873000261395e-02
9.966820269515749842e-02
9.999382859769785636e-02
9.998881560125978674e-02
1.000689730258402937e-01
1.003561898068596470e-01
1.004490135945916018e-01
1.008454473646097777e-01
1.011581635864821221e-01
1.013917237532894616e-01
1.016974013495185875e-01
1.019056914412296289e-01
1.021854116520942712e-01
1.025392242583091779e-01
1.025650973966096141e-01
1.025236976195121053e-01
1.028027742121383065e-01
1.029832263048240659e-01
1.031771381783308794e-01
1.031887855247660274e-01
1.030835450632038852e-01
1.030355764798152884e-01
1.028420815847620740e-01
1.025900133823884758e-01
1.027250310188741467e-01
1.026206727990150447e-01
1.023197107260890443e-01
1.022778600795403170e-01
1.020600138226485515e-01
1.019683523985017576e-01
1.021017809400078802e-01
1.020736326063754612e-01
1.018297988073046251e-01
1.014724727828301420e-01
1.016017651126438770e-01
1.012886110062794359e-01
1.012625012591463342e-01
1.015473628733021966e-01
1.013445378665985275e-01
1.011872525512517162e-01
1.010932945503519309e-01
1.007891082682236122e-01
1.006682428984818495e-01
1.007020845197076908e-01
1.007280797704907527e-01
1.003690816305982808e-01
1.005500646250335889e-01
1.002465620950373643e-01
9.991857379130067440e-02
9.976170595336197877e-02
9.975456253831561926e-02
9.983823546858176801e-02
9.975743815891317812e-02
9.976974727843440638e-02
9.970763060737128369e-02
9.966530043036674058e-02
9.946889777339770755e-02
9.925142591950017468e-02
9.926671798813674341e-02
9.928451766621969321e-02
9.920597275735507092e-02
9.929944719335787040e-02
9.962050709867829867e-02
9.976508070034818820e-02
9.976207711662243849e-02
1.003166337551200105e-01
1.004916934074846918e-01
1.005538433647065744e-01
1.007382134771229870e-01
1.009299407552203542e-01
1.012116751064338349e-01
1.015375879899179240e-01
1.015810242600099916e-01
1.019026645652237328e-01
1.022604148772626592e-01
1.023167768389366683e-01
1.023798554962429552e-01
1.024667627629835126e-01
1.026337540920009561e-01
1.026514852384207283e-01
1.028456727670025023e-01
1.028589667049278761e-01
1.030466339950047994e-01
1.031118916561299947e-01
1.031548368272698218e-01
1.034238672018187311e-01
1.034071031137786950e-01
1.034366860280716283e-01
1.034346648320706996e-01
1.034515826094127705e-01
1.034038639699848272e-01
1.033297940425797617e-01
1.033912586607356465e-01
1.036457210052198208e-01
1.039151148004523462e-01
1.041386765219829286e-01
1.043333409257525546e-01
1.043865631659350035e-01
1.045212044847208671e-01
1.047116354997759957e-01
1.049781763084036701e-01
1.050289094763841719e-01
1.051920312747477854e-01
1.053644518955860893e-01
1.054559771812610680e-01
1.056201955590558156e-01
1.057740327877280812e-01
1.058546870218425862e-01
1.058840189434242934e-01
1.060176812595834128e-01
1.060359401542405183e-01
1.060979657834903028e-01
1.059316669133756467e-01
1.059115512946262744e-01
1.058759655396186716e-01
1.057630421903155288e-01
1.059226824398487449e-01
1.058297460417148561e-01
1.057201724091913625e-01
1.056208225125964129e-01
1.054300980533609544e-01
1.053056747539528465e-01
1.050764124136272654e-01
1.048934154923650552e-01
1.045282525818192615e-01
1.041194902431827607e-01
1.037054037884377056e-01
1.033202757803112215e-01
1.028461314738302185e-01
1.024839093173620375e-01
1.022383409356752426e-01
1.019177701554989796e-01
1.015876041403841468e-01
1.014357266394929208e-01
1.010653891191794496e-01
1.007955427917020946e-01
1.004432897597061919e-01
1.000522557893771536e-01
9.976884551164418025e-02
9.942671686094101124e-02
9.920457665398683955e-02
9.896935806158023430e-02
9.877532726048042500e-02
9.875321837957248827e-02
9.864580853179935604e-02
9.852154797068370107e-02
9.852571158779670213e-02
9.854708811854086259e-02
9.857877571627018942e-02
9.840277165925283287e-02
9.821255401719770906e-02
9.815350333094269297e-02
9.821300171601513029e-02
9.813985215976116228e-02
9.819917319628075625e-02
9.811886015741522193e-02
9.802543882117936702e-02
9.787083047395951640e-02
9.774615891169165238e-02
9.757060756274035795e-02
9.749442824301597643e-02
9.745671427561865274e-02
9.742849107081358317e-02
9.732440210521110802e-02
9.726028810565706673e-02
9.711219464329866324e-02
9.722517319531769064e-02
9.716691891744126675e-02
9.708312424122819695e-02
9.700317567896160620e-02
9.711449835289623356e-02
9.702773436074388358e-02
9.708848914729335811e-02
9.705126940408266567e-02
9.702640959244031305e-02
9.705321765212521212e-02
9.704441762918306069e-02
9.695079621651707391e-02
9.692400906560055818e-02
9.678721886455129986e-02
9.684541570168904434e-02
9.696729578548687889e-02
9.701160132319974760e-02
9.700022414428366435e-02
9.697802997975217554e-02
9.707985988848547021e-02
9.693840903903755413e-02
9.699053065357163272e-02
9.717120904163042971e-02
9.716041016206541925e-02
9.716725858882441225e-02
9.712104547262355447e-02
9.703921724927803971e-02
9.705118283669175727e-02
9.693372883813490548e-02
9.685455741876577984e-02
9.682901581774544519e-02
9.690067108688441011e-02
9.677365519018645001e-02
9.681271434371509221e-02
9.704594842406799593e-02
9.696217492625541778e-02
9.684930774540966014e-02
9.695767800043997298e-02
9.690876750373710047e-02
9.688874312587343607e-02
9.678038771689172204e-02
9.684028877266409596e-02
9.689544597324069308e-02
9.682069357834736933e-02
9.681969076384933093e-02
9.678885297817400868e-02
9.668606042072186435e-02
9.669619020043507263e-02
9.665217598407807587e-02
9.664969667877595927e-02
9.659193708919347476e-02
9.659672009707415130e-02
9.659515809932521513e-02
9.655881973503027682e-02
9.645177505307342414e-02
9.634262237456679701e-02
9.620824747962274104e-02
9.627933858781374810e-02
9.617926659207634565e-02
9.635074196169439442e-02
9.626112059747593541e-02
9.620341972280699316e-02
9.613954534683129272e-02
9.613198172940735919e-02
9.605313757725378321e-02
9.599247612256857354e-02
9.592582419118958481e-02
9.580783069675956332e-02
9.577078830357832473e-02
9.571829788602959077e-02
9.566260547347675558e-02
9.577571386487974958e-02
9.569356530873789068e-02
9.571916169420566223e-02
9.562756563630794848e-02
9.580146299231141749e-02
9.594692142813131264e-02
9.615490392303739642e-02
9.629077063254007363e-02
9.657308169963813027e-02
9.684886475632921432e-02
9.705715180897371563e-02
9.725387107429447897e-02
9.748320131979595904e-02
9.760295375086169845e-02
9.770008749318140340e-02
9.770647346064167960e-02
9.795237372658328889e-02
9.793213250836101114e-02
9.816799714531895815e-02
9.831478912248797775e-02
9.836310101274069184e-02
9.849032429102175246e-02
9.854351116865789351e-02
9.873055924346148260e-02
9.899983056613959054e-02
9.930970838278387058e-02
9.938685458199809919e-02
9.944213392268154428e-02
9.955893575588251054e-02
9.965720957878904107e-02
9.988796566293955959e-02
1.000897130203693280e-01
1.002258027237577370e-01
1.003995331593335733e-01
1.006646821596739322e-01
1.009032995906898184e-01
1.010630712227364864e-01
1.012959413077281906e-01
1.015978621102534563e-01
1.018149455720994967e-01
1.020517815400563549e-01
1.023543813766467914e-01
1.025514021730673797e-01
1.026030654967201722e-01
1.028109334896318144e-01
1.030539170450781999e-01
1.031018714017499921e-01
1.030871290054193729e-01
1.030618030517126693e-01
1.031456662561417298e-01
1.031433180267793820e-01
1.031140452660399970e-01
1.031910296021334716e-01
1.031137510800461399e-01
1.032053315986668635e-01
1.033360716880845215e-01
1.033469437443495786e-01
1.033323841052307401e-01
1.033173457140538209e-01
