# players: 2 
# game: kuhn_poker 
# regret_matching_plus: True 
# alternating_updates: True 
# linear_averaging: True 
# print_freq: 1 
# 
4.583333333333332593e-01
2.638888888888888395e-01
1.413170163170163751e-01
1.001443001443001468e-01
7.334452949594788551e-02
5.045870065856850051e-02
4.510920057013739770e-02
2.779411105228987711e-02
3.034671285988230216e-02
3.268709066834482591e-02
2.890015254985889293e-02
1.966033390440685702e-02
1.933435361819713094e-02
1.723044060854578285e-02
1.232829396145437850e-02
9.371620356748822100e-03
1.054166321105048931e-02
1.227863579378035697e-02
1.249384020480692747e-02
1.010897736639546074e-02
8.622417523705572240e-03
8.301892104045249798e-03
6.662477561636043211e-03
5.884725558754050345e-03
3.410549519746314262e-03
4.248351747594247829e-03
5.921419521695336918e-03
6.587498285427706435e-03
5.352775994143105232e-03
5.357787593172708140e-03
5.079519234855528476e-03
4.278205831339060294e-03
4.035658991099727588e-03
3.382750577684584536e-03
2.658527443946012703e-03
3.379002086386750925e-03
3.846671585046701480e-03
4.187497343361046287e-03
3.582839090154249506e-03
3.845147947187987914e-03
3.826818645870339042e-03
3.146548112583108514e-03
2.941472411998519165e-03
2.976723463920333268e-03
1.945796052319731517e-03
2.201163020335489273e-03
2.787792854353127181e-03
3.389671362280188838e-03
2.931173385349011840e-03
2.797250604641504657e-03
3.000893013410305121e-03
2.592248690288817548e-03
2.737237164336325801e-03
2.644851628048033865e-03
2.118653375876800027e-03
1.272641606420460425e-03
1.512697769618043253e-03
2.371353443192558696e-03
2.549360456068378022e-03
2.392856793020536887e-03
2.152462445117298007e-03
2.261289279349099068e-03
2.116636125414350644e-03
1.980344682616846930e-03
2.023340476550117284e-03
1.806725494505695417e-03
1.013480890530715772e-03
9.698987757267019116e-04
1.615531295368705100e-03
1.982215483507687726e-03
1.964652893710366888e-03
1.577369389837712799e-03
1.829103666295045505e-03
1.769194308200328081e-03
1.418248599704519108e-03
1.573448526060755581e-03
1.698793320620117786e-03
1.268054293420889378e-03
8.523585659786503399e-04
1.116136460319272494e-03
1.485357448303276096e-03
1.709294218004281385e-03
1.460618958770115716e-03
1.456143264584985886e-03
1.652829555833290609e-03
1.562581125225392942e-03
1.221213213501992634e-03
1.386650239223047310e-03
1.476843662553684045e-03
1.111207153341731146e-03
6.397580985475215254e-04
9.596566760226854509e-04
1.389842007944591673e-03
1.561785671048587787e-03
1.312628715564173598e-03
1.280007069422550714e-03
1.441359062829411508e-03
1.363857522567735181e-03
1.264054065008513028e-03
1.194404101111684602e-03
