# players: 2 
# game: kuhn_poker 
# regret_matching_plus: True 
# alternating_updates: True 
# linear_averaging: True 
# print_freq: 1 
# 
4.583333333333332593e-01
2.638888888888888395e-01
1.413170163170163751e-01
1.001443001443001468e-01
7.334452949594788551e-02
5.045870065856850051e-02
4.510920057013739770e-02
2.779411105228987711e-02
3.034671285988230216e-02
3.268709066834482591e-02
2.890015254985889293e-02
1.966033390440685702e-02
1.933435361819713094e-02
1.723044060854578285e-02
1.232829396145437850e-02
9.371620356748822100e-03
1.054166321105048931e-02
1.227863579378035697e-02
1.249384020480692747e-02
1.010897736639546074e-02
8.622417523705572240e-03
8.301892104045249798e-03
6.662477561636043211e-03
5.884725558754050345e-03
3.410549519746314262e-03
4.248351747594247829e-03
5.921419521695336918e-03
6.587498285427706435e-03
5.352775994143105232e-03
5.357787593172708140e-03
5.079519234855528476e-03
4.278205831339060294e-03
4.035658991099727588e-03
3.382750577684584536e-03
2.658527443946012703e-03
3.379002086386750925e-03
3.846671585046701480e-03
4.187497343361046287e-03
3.582839090154249506e-03
3.845147947187987914e-03
3.826818645870339042e-03
3.146548112583108514e-03
2.941472411998519165e-03
2.976723463920333268e-03
1.945796052319731517e-03
2.201163020335489273e-03
2.787792854353127181e-03
3.389671362280188838e-03
2.931173385349011840e-03
2.797250604641504657e-03
3.000893013410305121e-03
2.592248690288817548e-03
2.737237164336325801e-03
2.644851628048033865e-03
2.118653375876800027e-03
1.272641606420460425e-03
1.512697769618043253e-03
2.371353443192558696e-03
2.549360456068378022e-03
2.392856793020536887e-03
2.152462445117298007e-03
2.261289279349099068e-03
2.116636125414350644e-03
1.980344682616846930e-03
2.023340476550117284e-03
1.806725494505695417e-03
1.013480890530715772e-03
9.698987757267019116e-04
1.615531295368705100e-03
1.982215483507687726e-03
1.964652893710366888e-03
1.577369389837712799e-03
1.829103666295045505e-03
1.769194308200328081e-03
1.418248599704519108e-03
1.573448526060755581e-03
1.698793320620117786e-03
1.268054293420889378e-03
8.523585659786503399e-04
1.116136460319272494e-03
1.485357448303276096e-03
1.709294218004281385e-03
1.460618958770115716e-03
1.456143264584985886e-03
1.652829555833290609e-03
1.562581125225392942e-03
1.221213213501992634e-03
1.386650239223047310e-03
1.476843662553684045e-03
1.111207153341731146e-03
6.397580985475215254e-04
9.596566760226854509e-04
1.389842007944591673e-03
1.561785671048587787e-03
1.312628715564173598e-03
1.280007069422550714e-03
1.441359062829411508e-03
1.363857522567735181e-03
1.264054065008513028e-03
1.194404101111684602e-03
1.270120188048950993e-03
1.028959670118401171e-03
6.267156310733879021e-04
6.017139321100317684e-04
1.018755354840750194e-03
1.230935100921953795e-03
1.262624316067578745e-03
1.050289327528347583e-03
1.139900175654878778e-03
1.192304566942720134e-03
1.070339332398362320e-03
8.619496259088255119e-04
1.032150216159072320e-03
1.068926922826812786e-03
8.026044515687391634e-04
4.847356026718985245e-04
6.120636645724208957e-04
8.621102653451895304e-04
1.057295312403505605e-03
1.006374707345297770e-03
8.501111271183026119e-04
1.045626528658027965e-03
1.112752203105638049e-03
1.015917026204349316e-03
7.986082845918007767e-04
9.379724533080668891e-04
9.789308369703431101e-04
7.617847345533224068e-04
4.122853531988435183e-04
5.874520544176253800e-04
8.376832869378680879e-04
1.039978881271858002e-03
9.956835479682513146e-04
7.754342646652256921e-04
9.615505751099095999e-04
1.022305696962627630e-03
9.358977256836431557e-04
8.646328868874841866e-04
8.176403038070156892e-04
8.681769216840051762e-04
7.305890076781118569e-04
4.545546262743893617e-04
3.047339747743182947e-04
6.089064308727187846e-04
8.082646409655891429e-04
8.821147825234243456e-04
8.120317535592613822e-04
7.392961970431044527e-04
8.505061781976241964e-04
8.630463165291701877e-04
7.703043481502303003e-04
6.027275341285165400e-04
7.175687041496847662e-04
7.602147235916678625e-04
6.058279942057487322e-04
3.348913782605655864e-04
4.094754616891238541e-04
5.617129573855239588e-04
7.402070865202836636e-04
7.908708378522866234e-04
6.638899153294797184e-04
7.121874013606421805e-04
8.304189888569679656e-04
8.444613816141199880e-04
7.479878832796216237e-04
6.151890216818112211e-04
7.008249507190200678e-04
7.195796841926727083e-04
5.602324445294348809e-04
2.987866620252632721e-04
3.258573861213420741e-04
5.606899450413260766e-04
7.273089703269952633e-04
7.389260192957880502e-04
6.580906021708410325e-04
6.523836145203854020e-04
7.408551774040483817e-04
7.458420863911963128e-04
6.659530937521418448e-04
5.903222181499745425e-04
5.531636077958923536e-04
6.228455438361812924e-04
5.372233727059527730e-04
3.245684458162423347e-04
1.850122638182016832e-04
3.699858672753242317e-04
5.408607736040738079e-04
6.185430441164319060e-04
5.847830832093614539e-04
4.977322162678932127e-04
6.248297724529006114e-04
6.963426245034376461e-04
6.907245861932642672e-04
6.082448377229543457e-04
4.771083697815703406e-04
5.712612112475090598e-04
5.877807333135032231e-04
4.624575297324517997e-04
2.438687833166142127e-04
2.949604835149333137e-04
4.369426327578140867e-04
6.017715644922871920e-04
6.453360505618011000e-04
5.539801901765506464e-04
5.428235783771495626e-04
6.395647690065897617e-04
6.679455792194533004e-04
6.209975849773841095e-04
5.569344678147403194e-04
4.927266201205926510e-04
5.201053897104790380e-04
5.023840985635408263e-04
3.698360405055556299e-04
1.637805819827697906e-04
2.009780348389833549e-04
3.793337663769436041e-04
5.046919176971698118e-04
5.495278717380924771e-04
4.953435118753568567e-04
4.599073384945751020e-04
5.518432169520914865e-04
5.979143077777249182e-04
5.850307345863781094e-04
5.155063071876353487e-04
4.169420042364757606e-04
4.722126683719407580e-04
4.942051497642541147e-04
4.005413820985515017e-04
2.296449808145695215e-04
2.200266991279065110e-04
3.434578783023389814e-04
4.811613727185304334e-04
5.499232947830390295e-04
5.112119710637408332e-04
4.341940951132217119e-04
5.358160110854603975e-04
5.873999106649763213e-04
5.765163268684758702e-04
5.067510931997254442e-04
4.680196154655813512e-04
4.295071023875107752e-04
4.534964334270419339e-04
3.952521930918329041e-04
2.577348920958233425e-04
1.092279291097508764e-04
2.277661084090221166e-04
3.642416563491568393e-04
4.542447658218706774e-04
4.759487419535302077e-04
4.142601901654108243e-04
4.185404283885696408e-04
4.917334189944166933e-04
5.267418782708976899e-04
5.142462190480812101e-04
4.562746910637682785e-04
3.708179649300202829e-04
3.967258950028085263e-04
4.268307076795152533e-04
3.609167749348551890e-04
2.240470055664134374e-04
1.609688303044753965e-04
2.746981767031975163e-04
3.874223788976893790e-04
4.691433814733581009e-04
4.645769956697909375e-04
3.697770247179099634e-04
4.439094672419874321e-04
5.071289084196961561e-04
5.218782144768563391e-04
4.853752320290449784e-04
4.286730020668094721e-04
3.858369203545986004e-04
3.803449493161858985e-04
3.809566314730561398e-04
3.041856834943568177e-04
1.694626655878439525e-04
9.007667528176943605e-05
2.261320831981050716e-04
3.382231501042054500e-04
4.043763084734808277e-04
4.057625778879081491e-04
3.395444685337367652e-04
3.801694497996277455e-04
4.437871056916509183e-04
4.747353812044052823e-04
4.650976192395184228e-04
4.159335649147610781e-04
3.363144528943651235e-04
3.420718176780079833e-04
3.772635488350495336e-04
3.296223074867321579e-04
2.197191950932819715e-04
1.078740718769011231e-04
2.153395191499818395e-04
3.208123198760737260e-04
4.045283071932581631e-04
4.168101643961252822e-04
3.530623550968836621e-04
3.692626181842351141e-04
4.334009028058583013e-04
4.615227976765001738e-04
4.486708853494725258e-04
3.987640436717565517e-04
3.570859565741879571e-04
2.963477087242760710e-04
3.333956690082795493e-04
3.119825426444733374e-04
2.282794228858076035e-04
9.612826045610201042e-05
1.103619698139268746e-04
2.283177165340322112e-04
3.119446643292389520e-04
3.497704733129991528e-04
3.355359242203370673e-04
2.778636928338351630e-04
3.541477303035944768e-04
4.119645994112297593e-04
4.390891157400322875e-04
4.286176229414406791e-04
3.816556899111922529e-04
3.067438290434987280e-04
3.079731882281722122e-04
3.371956953737709206e-04
2.977624742042384032e-04
2.000834992712252625e-04
8.471129633744189924e-05
1.578489246888414854e-04
2.731181933987580912e-04
3.471275647807525733e-04
3.621595975374369836e-04
3.359599216840036817e-04
3.079187408606132159e-04
3.662769202033011595e-04
4.000019687190048412e-04
4.039055014954107126e-04
3.779049000529055569e-04
3.274979159766100434e-04
2.618700682208707775e-04
2.720500911528311860e-04
2.923860984293258358e-04
2.551748589397218048e-04
1.672611640549381828e-04
7.681541848927886385e-05
1.596148822686216384e-04
2.169448913898197606e-04
2.938701130587029198e-04
3.284502481099571547e-04
3.110005531533621692e-04
2.967082033903667426e-04
3.473100223874425740e-04
3.944589850961022215e-04
4.096460415372316088e-04
3.891714453617967084e-04
3.371238267899923091e-04
3.005567578881485069e-04
2.906310895361419178e-04
2.964198045235233447e-04
2.533527783592226523e-04
1.696576118120629584e-04
6.859900227820792118e-05
1.284872809234338664e-04
2.252457559995812986e-04
2.840311727006217257e-04
3.146616583203643014e-04
3.081690091008004728e-04
2.536808007336521786e-04
3.079439330073430181e-04
3.476274767737763671e-04
3.662344565636410643e-04
3.599723040181024292e-04
3.293916185281298148e-04
2.790754238695958289e-04
2.355199658706230714e-04
2.690084947013227090e-04
2.618269219483160271e-04
2.025619270562828422e-04
1.128238442275608655e-04
1.062772803469280714e-04
1.799639426943167031e-04
2.559715303964704702e-04
3.088748483790759725e-04
3.122638466738769658e-04
2.633699563884817074e-04
2.916088861039112246e-04
3.413160456905983686e-04
3.663481066553397891e-04
3.627865261241480788e-04
3.322564473817735120e-04
2.946142046132971259e-04
2.561281604366860698e-04
2.380153900862491678e-04
2.469786005085405911e-04
2.097727223399348251e-04
1.335776362988705390e-04
3.148229198293717168e-05
1.065951326066072458e-04
1.886719565986627600e-04
2.445356840780621432e-04
2.674531176085903628e-04
2.542154932980156268e-04
2.218279612927198663e-04
2.773366068667959539e-04
3.237931320411169267e-04
3.501838338018370411e-04
3.507570488398836783e-04
3.244794179786403276e-04
2.754212595950933373e-04
2.362896570841932498e-04
2.542178480147982977e-04
2.506231800928904185e-04
2.014201851480712513e-04
1.182459349974296359e-04
5.594541973150124470e-05
1.344642027677478424e-04
2.160685131303297091e-04
2.623970177204615339e-04
2.691322341889235137e-04
2.640430330911047729e-04
2.354523877709513435e-04
2.798342580919155331e-04
3.102860026920062353e-04
3.228413260091267389e-04
3.156544500179381263e-04
2.898398386426137563e-04
2.491852199320299110e-04
2.040848788418814230e-04
2.193787834896543387e-04
2.238700170349994245e-04
1.867417379267655164e-04
1.149765960153925626e-04
7.378161267437843840e-05
1.282090842537608744e-04
1.831261813994289334e-04
2.445934383605297135e-04
2.703190960995083270e-04
2.545222533637259144e-04
2.284170925534734220e-04
2.780164680245833519e-04
3.148046820199978946e-04
3.292563417048866015e-04
3.192776547204234650e-04
2.873998555129875232e-04
2.574182752896059245e-04
2.238419992178775075e-04
2.117445391472128069e-04
2.107852164149326413e-04
1.731739285852906818e-04
1.043660794695366878e-04
1.621815157146211384e-05
9.238325931049118367e-05
1.642159760288919301e-04
2.138740202008437841e-04
2.355098521746312734e-04
2.262872694198947432e-04
1.883247629875517415e-04
2.378027237545654593e-04
2.794484670927133152e-04
3.064373778590978592e-04
3.134829916787706949e-04
2.984805937676082710e-04
2.632086845620607019e-04
2.128862376989393290e-04
2.083365397622383153e-04
2.233561781801729484e-04
1.991127349611487851e-04
1.399602910052422100e-04
7.107355493829459192e-05
7.073975386531761167e-05
1.490915164481521060e-04
2.071705772987431082e-04
2.337965345748094226e-04
2.380801930152165458e-04
2.217675977271571508e-04
2.205113669847547087e-04
2.560225802756554980e-04
2.795970135460179584e-04
2.883390428887744328e-04
2.809806932357883369e-04
2.584307000473573535e-04
2.235203998158241667e-04
1.840382800652740070e-04
1.903242777993030543e-04
1.959336058113270163e-04
1.661650299765726757e-04
1.085275388476580893e-04
5.455046544836084088e-05
1.038297054122838681e-04
1.515004925551899362e-04
2.092493824837615701e-04
2.372367338474568044e-04
2.303219917335064260e-04
1.911164571396506417e-04
2.358032264894172059e-04
2.714860697490828478e-04
2.901295028686079469e-04
2.893414095777868678e-04
2.700333563564194517e-04
2.364899396177511104e-04
2.107336442908058771e-04
1.726968497436087713e-04
1.840994325797706832e-04
1.728774229062812751e-04
1.323957548735321677e-04
6.778788955183467912e-05
3.255816801139843619e-05
9.894543434973979146e-05
1.531706268139698679e-04
1.883290411170412959e-04
2.035700975787368971e-04
1.972905090063259426e-04
1.846966387808179899e-04
2.234726977163314920e-04
2.579212610437087161e-04
2.807790701937762368e-04
2.853962207481908209e-04
2.704393606412225370e-04
2.380402160476746687e-04
2.050976812589533349e-04
1.868960161599819703e-04
1.954751357447215288e-04
1.740872812665827940e-04
1.270627690156123091e-04
7.131461873929878514e-05
3.718924762693975872e-05
1.085153604096500413e-04
1.609470980050708988e-04
1.907492623307305291e-04
2.106503881976196091e-04
2.023788116422287064e-04
1.756777994597336079e-04
2.108854678062044297e-04
2.394057347548383952e-04
2.577079832002393545e-04
2.629093955527073145e-04
2.536549580414715344e-04
2.305286860443678254e-04
1.958810249007292281e-04
1.553049746285672938e-04
1.780674783178337606e-04
1.733918949762269790e-04
1.407772592864897643e-04
8.498804686238314865e-05
4.821263549811827254e-05
9.640351627349108554e-05
1.535589365702083597e-04
1.959956396352657837e-04
2.102425148217956785e-04
1.944838736238352350e-04
1.744301281613458432e-04
2.113748163407869196e-04
2.385619254246518217e-04
2.532550170115388521e-04
2.542231813379147720e-04
2.419230711023512281e-04
2.184052086333376774e-04
1.868012144971009647e-04
1.505874065768908476e-04
1.564484330294213521e-04
1.589318602217282272e-04
1.349659136605507737e-04
8.697947702701602779e-05
3.565569482558150760e-05
8.042900097932070835e-05
1.157476503346466234e-04
1.597485359668415761e-04
1.906484814893361079e-04
1.965538829592772263e-04
1.748902952823649937e-04
1.885647308958460222e-04
2.251010555146260028e-04
2.499207356549404402e-04
2.593506966871439445e-04
2.521815329217524937e-04
2.299988006737307966e-04
2.032915586785699613e-04
1.817142391674353430e-04
1.565364123152779285e-04
1.578067299409791069e-04
1.396993078265906796e-04
9.876217580037649491e-05
3.983777590454984363e-05
3.189254073215908036e-05
9.065776043692963526e-05
1.372807116487018142e-04
1.671253371556824519e-04
1.771696087804197628e-04
1.663671233059493826e-04
1.524897080658060844e-04
1.890166406438020807e-04
2.203132663406437430e-04
2.418491559776914102e-04
2.499261441452627075e-04
2.426775951809290177e-04
2.206531175611148310e-04
1.867717335118090904e-04
1.684250817921284504e-04
1.663685147207660808e-04
1.615680067173774770e-04
1.311654708082421461e-04
8.385169814259518795e-05
3.401488116772100057e-05
5.969245841103143491e-05
1.144527114051163696e-04
1.515453844466163602e-04
1.723161454326993525e-04
1.821203084688693963e-04
1.683076389630278058e-04
1.635065946094804712e-04
1.918627592723265440e-04
2.143232015434926030e-04
2.283152134614219175e-04
2.317501834611657152e-04
2.236211943197619068e-04
2.042939397446097427e-04
1.754433259422982783e-04
1.398509616125087618e-04
1.503923201646995000e-04
1.497926196204479865e-04
1.266335602233825686e-04
8.254636688195815530e-05
3.927306660075902123e-05
7.137105603272075882e-05
1.184741091805607827e-04
1.598415020305776757e-04
1.788972448477643695e-04
1.736112835777903207e-04
1.605474001647733129e-04
1.724024266926693638e-04
1.989530257577587502e-04
2.167429680691446148e-04
2.243633811809808698e-04
2.214057793669677032e-04
2.085352362261594372e-04
1.873693134639420332e-04
1.601137928191331827e-04
1.319454906854866660e-04
1.365290202088031979e-04
1.352570920866713600e-04
1.119006176908687866e-04
7.102024058189271294e-05
3.632276751036611628e-05
6.941254919615169605e-05
1.028815966444274199e-04
1.430511052411265194e-04
1.689799768773980748e-04
1.730038706697634154e-04
1.534868376870113238e-04
1.655793094017532496e-04
1.964302302923937038e-04
2.178336863789265276e-04
2.272019290541216208e-04
2.237173506784428945e-04
2.084523507442093138e-04
1.840072314648610874e-04
1.627320619045080630e-04
1.356985415534861517e-04
1.314269846686144660e-04
1.280319548838670940e-04
1.048037041244120893e-04
6.443051807558664024e-05
1.663930431691773570e-05
4.970203690543573138e-05
9.190482950638401149e-05
1.243743499742266945e-04
1.456881155244837966e-04
1.546762651596644833e-04
1.453726773418539953e-04
1.524818268548999711e-04
1.781101076479552070e-04
2.043225900559553221e-04
2.206721539470268834e-04
2.245484491481541944e-04
2.151857173864069050e-04
1.939196277542243330e-04
1.686452807090343953e-04
1.541521782957300246e-04
1.398957373355824707e-04
1.335645328526258169e-04
1.120535189051141689e-04
7.604684416565032912e-05
2.919365461417910979e-05
3.287810392860190944e-05
7.883445557646528989e-05
1.165187680270129977e-04
1.439314596961560611e-04
1.545058268917487432e-04
1.469399290171258254e-04
1.290087857372945734e-04
1.573268808392758178e-04
1.826445418444122559e-04
2.019746061363014711e-04
2.124891448119781145e-04
2.121884842398724658e-04
2.004360133335270078e-04
1.781903841468479577e-04
1.479166430530809428e-04
1.353156823108436768e-04
1.403094663088577665e-04
1.300698414151424398e-04
9.972573905542292394e-05
5.872154192151923802e-05
3.089009050896707187e-05
6.282826617240444556e-05
1.063102879292343594e-04
1.343127577517477800e-04
1.472838469954440566e-04
1.540777091861567083e-04
1.416998431514326917e-04
1.445542642541930434e-04
1.672993977606396232e-04
1.853533382565886178e-04
1.970343471507651767e-04
2.008792406304471534e-04
1.960228256679685810e-04
1.824442081084787226e-04
1.610083132522199811e-04
1.334135201697950190e-04
1.192969316400893653e-04
1.273331988418946459e-04
1.166035184292646409e-04
8.807405294378178873e-05
4.365672319989188921e-05
4.072825115408740260e-05
7.337194308679184651e-05
1.164501137357054628e-04
1.433702114104207226e-04
1.513687928691720419e-04
1.441330266700735496e-04
1.312516808123498357e-04
1.555036616100458069e-04
1.757902495652663433e-04
1.891971450343754579e-04
1.948856552475286552e-04
1.926051171285969588e-04
1.827400060503137080e-04
1.662602800122370272e-04
1.445408424589900154e-04
1.198684757455492633e-04
1.145255634678321588e-04
1.159763970331184613e-04
1.005585579616774528e-04
7.138673553688801299e-05
3.908937827354352912e-05
4.692704119574342414e-05
7.780322072534207045e-05
1.118771011356378686e-04
1.392238849102500620e-04
1.491136683175187105e-04
1.398527921969427990e-04
1.304341543175158158e-04
1.579524213483063377e-04
1.792876895892470124e-04
1.923222739844687723e-04
1.960134858180195838e-04
1.904809631469162046e-04
1.768811965139061027e-04
1.571022223490481373e-04
1.333576966699723254e-04
1.087083439911262772e-04
1.089967016659476595e-04
1.073613772776815800e-04
8.969738199232635267e-05
5.752378800244484225e-05
2.575932774920297597e-05
4.503483018353238165e-05
7.252856786349459739e-05
1.008506840903533597e-04
1.263644965040500168e-04
1.378425868698851531e-04
1.330334235139507548e-04
1.284251760663712716e-04
1.508847527920131881e-04
1.743526164731667993e-04
1.900894903243965928e-04
1.961291988795410557e-04
1.918518619979658890e-04
1.781093682231837949e-04
1.569737502733203893e-04
1.413285618274140454e-04
1.210750351274547665e-04
1.099788421198011346e-04
1.053641344020139758e-04
8.623382656938738400e-05
5.378505044636994192e-05
1.360885331633254758e-05
3.056983443652794286e-05
6.883635118748454573e-05
9.890101352372226984e-05
1.183539700562175057e-04
1.256467127009885942e-04
1.213145702128604064e-04
1.142448529366790755e-04
1.394587747513831300e-04
1.621609616676567001e-04
1.803982874770682088e-04
1.905174258667041709e-04
1.908897362272454767e-04
1.812159696063797565e-04
1.626534098680132434e-04
1.412144546918403520e-04
1.294615252721009746e-04
1.163983425992720644e-04
1.106874738639462841e-04
9.110949591278894033e-05
6.176377371544528039e-05
2.488498900712898809e-05
2.194988395348707044e-05
6.029788977440775355e-05
9.106829223512469262e-05
1.159677009175408280e-04
1.280061919749497790e-04
1.258592649523992968e-04
1.097575732839362050e-04
1.261246661325154950e-04
1.480088161494030885e-04
1.664375821048558191e-04
1.791566316696191485e-04
1.842154707867027508e-04
1.804263058441113454e-04
1.676921697894295793e-04
1.471282895144088165e-04
1.252330749339225502e-04
1.158901832867265114e-04
1.163258809606382282e-04
1.043657627503025154e-04
7.717560262435196883e-05
4.573591027282053467e-05
2.497909197166081618e-05
5.020070748001925764e-05
8.450601824297465647e-05
1.069826727307376935e-04
1.224830743760119134e-04
1.289818372189888152e-04
1.204185588119799366e-04
1.168383998189914674e-04
1.364635674428460455e-04
1.535079564024544041e-04
1.665255625493966551e-04
1.740025449437909710e-04
1.746822484650356611e-04
1.678746947744169660e-04
1.536551291463628122e-04
1.329598194486358853e-04
1.087027378616489681e-04
1.079743168838354084e-04
1.093281559192693653e-04
9.450595747603762753e-05
6.490218989735341282e-05
3.685360970864803853e-05
3.118766314225140945e-05
6.696903512842800055e-05
9.844887074916819358e-05
1.165869282571119214e-04
1.216635606768878830e-04
1.245099862423049153e-04
1.124820152731409451e-04
1.270806065971352705e-04
1.438022426704377299e-04
1.567211707342586191e-04
1.650035099388935667e-04
1.678722325875736665e-04
1.647855830760047713e-04
1.555927312541505181e-04
1.406069699189660405e-04
1.206466137335937550e-04
9.709446824110457008e-05
1.001601478853031413e-04
9.862334183419196876e-05
8.315907264588862091e-05
5.412990950695584225e-05
3.249390560552956053e-05
4.384925155523355933e-05
7.398870152869330141e-05
1.038510413792215203e-04
1.201610343885273213e-04
1.215055764578198971e-04
1.171274651856901716e-04
1.140982600857654017e-04
1.334775059754489401e-04
1.486489115108402537e-04
1.588640737942570436e-04
1.636841796069932187e-04
1.629292777066970732e-04
1.567045524140664448e-04
1.454121144842390745e-04
1.297099829851433572e-04
1.104750331332449154e-04
9.205494597752661434e-05
9.447737584197812843e-05
8.848591168031383347e-05
7.175041105741963854e-05
4.479095945753019947e-05
3.001002336588953767e-05
4.822538095222705934e-05
7.350609804551710980e-05
1.023669652770176075e-04
1.186227718114329921e-04
1.204018446664678610e-04
1.089443805705470059e-04
1.155460799976970598e-04
1.355459661404045946e-04
1.507298406682733294e-04
1.600982726402411238e-04
1.632493715165439507e-04
1.603088243210260000e-04
1.518441969300676764e-04
1.387504632792413428e-04
1.221023978801027976e-04
1.030262160025552376e-04
8.817894778717638715e-05
8.942971695918844333e-05
8.199377910700356153e-05
6.203672270385651721e-05
3.705086447125527371e-05
2.676514519397987790e-05
4.519535506683491910e-05
6.821075608429150172e-05
9.595423570182837203e-05
1.128262277761693522e-04
1.166554385218510070e-04
1.065913791727379767e-04
1.118968987007529226e-04
1.328739547035717727e-04
1.492569422590350747e-04
1.595887195192657870e-04
1.631270825025732396e-04
1.598909587141039701e-04
1.505791337795547857e-04
1.363875762512845036e-04
1.187714315009358312e-04
9.921961856892980158e-05
8.212105237412337111e-05
8.639372006977175111e-05
7.851492703489504343e-05
5.917979031436204629e-05
3.217283934367487497e-05
2.113059520947313530e-05
4.115588269704151259e-05
6.077592004047338570e-05
8.696339153671517330e-05
1.041993973169008658e-04
1.103736128487964319e-04
1.042468511351368754e-04
1.046843953909359914e-04
1.257094247446022273e-04
1.436451538137650807e-04
1.561112759786986715e-04
1.618356442982804566e-04
1.603511432907434031e-04
1.520571963197492327e-04
1.380981367382350111e-04
1.201046980474074211e-04
1.057334700879375422e-04
8.859220416310154000e-05
8.538484032530324619e-05
7.846326108779111408e-05
6.045692845788042113e-05
3.292002295321450056e-05
1.573319587613863924e-05
2.885636448771156104e-05
5.683824026408990093e-05
7.897961676683884491e-05
9.464289685343074687e-05
1.025957491141149536e-04
1.001892929215486561e-04
9.567182384023764641e-05
1.151573746784595453e-04
1.341266850165279134e-04
1.489012014188884070e-04
1.577845199211003191e-04
1.596887349125941657e-04
1.543698970937756876e-04
1.424887348542847043e-04
1.254696992529502619e-04
1.123656859296495725e-04
9.830558968176861256e-05
8.796541973501992295e-05
8.098970029887797573e-05
6.560169757158229586e-05
4.048330157069290891e-05
1.422934096206862620e-05
1.636696146051219714e-05
4.706223961498112729e-05
7.238743143328507657e-05
9.032363020669564868e-05
9.943217238492230159e-05
9.898687303983022545e-05
8.906066718947225347e-05
1.028224446919800972e-04
1.217924392682145918e-04
1.381534353478708343e-04
1.500964752411126923e-04
1.560844341426670390e-04
1.551735480795346511e-04
1.472497710211517763e-04
1.330992099422834141e-04
1.146015985695747474e-04
1.058700079365482161e-04
9.243437864611681043e-05
8.736532252084927563e-05
