# players: 2 
# game: leduc_poker 
# regret_matching_plus: True 
# alternating_updates: True 
# linear_averaging: True 
# print_freq: 1 
# 
2.373611111111110894e+00
2.057916666666666838e+00
1.793544082380370552e+00
1.609655082121953296e+00
1.371232370427994951e+00
1.195113139123119117e+00
1.011154072526025516e+00
8.598451188439120152e-01
7.204900242049988579e-01
6.104389015904065907e-01
5.349084042108560588e-01
4.744063058320695525e-01
4.099249640649161308e-01
3.576147617744285245e-01
3.116290984523359953e-01
2.761939862655559130e-01
2.436860475666341175e-01
2.158148781400634486e-01
1.939134065354835568e-01
1.736553734419706563e-01
1.594853095669868659e-01
1.502088268384202119e-01
1.404175008020175919e-01
1.307906699608603895e-01
1.193508689725125554e-01
1.110244317869226449e-01
1.031226387252348886e-01
9.603788534783855302e-02
8.881667006691269795e-02
8.176925408966530251e-02
7.579040198661605998e-02
7.159430939788997972e-02
6.741890423388724463e-02
6.192788207694527314e-02
5.842308916527688689e-02
5.626173036588827392e-02
5.452943598011317228e-02
5.166046933935661278e-02
4.964130515275583244e-02
4.764517713057077331e-02
4.633657750229243366e-02
4.508078678759157298e-02
4.339250549346801433e-02
4.170640964027275133e-02
4.028796154253012907e-02
3.872352772493441175e-02
3.735683619581808834e-02
3.643342037992237936e-02
3.529224681568188249e-02
3.412145649454931262e-02
3.289037501970301647e-02
3.165759566256001051e-02
3.055547008128470243e-02
2.961970636092038645e-02
2.835410904351625544e-02
2.723456857705407880e-02
2.696319690421722370e-02
2.675319728407613007e-02
2.613317228559275396e-02
2.515215868530057408e-02
2.464353243970528878e-02
2.416946349021478757e-02
2.347185756060845424e-02
2.277900743413843743e-02
2.285360136108166573e-02
2.264380669107102229e-02
2.190926370005019663e-02
2.193190283011280106e-02
2.200125058717110338e-02
2.184016907460627210e-02
2.164648033517972692e-02
2.152839645800527779e-02
2.146993314555861732e-02
2.149797981869502883e-02
2.134535958889216545e-02
2.091246453998093363e-02
2.043870148260387709e-02
2.016280683392071560e-02
1.921594532305326286e-02
1.913478491339076770e-02
1.880516644947627380e-02
1.828677348285637216e-02
1.802891770769013413e-02
1.753972978622295176e-02
1.716667733492165809e-02
1.704933316092202555e-02
1.672000708548274095e-02
1.651129940082798897e-02
1.614589856816053132e-02
1.584853861392516300e-02
1.582401055001451950e-02
1.563918797023995666e-02
1.517981034482261682e-02
1.471357040916849990e-02
1.444708225196819629e-02
1.432075356777944009e-02
1.421043367676369518e-02
1.410054882913133745e-02
1.389186082757259272e-02
1.341599497089783488e-02
1.328782947708319340e-02
1.297346808668620871e-02
1.276970632550601670e-02
1.295121259255926222e-02
1.272317146562864515e-02
1.261756832222429153e-02
1.257804803535297195e-02
1.240661829490649626e-02
1.243197315271980796e-02
1.226809684615583207e-02
1.219728893382315826e-02
1.225529467809449713e-02
1.218419806026799224e-02
1.193785851685352783e-02
1.174018655487604756e-02
1.154730766379478968e-02
1.134738630988042785e-02
1.117439538998878101e-02
1.105572874943572259e-02
1.095884549702652588e-02
1.077692470962586524e-02
1.052221447629016204e-02
1.042142513337879217e-02
1.037130063075812625e-02
1.031471025807474684e-02
1.022335623208169009e-02
1.010011211283991239e-02
1.003478452504126539e-02
9.856506678273757593e-03
9.743527846528599046e-03
9.704271430977073898e-03
9.574957429218988736e-03
9.478463889301902423e-03
9.366572612697729450e-03
9.199216571064511294e-03
8.956396821625550730e-03
8.816177541038125454e-03
8.725814090417505220e-03
8.598508823489933728e-03
8.525958238646602627e-03
8.420335102540033034e-03
8.410609394924675741e-03
8.231203588490887402e-03
7.937671759072756350e-03
7.834849103699581541e-03
7.635843827177496435e-03
7.473615770557676119e-03
7.369939563141358896e-03
7.409662240507070008e-03
7.440587105990909000e-03
7.305373360345382427e-03
7.114173953804467376e-03
6.991680206558520405e-03
7.024595644946021733e-03
7.035323672342844170e-03
7.075830183148050512e-03
7.081722296055907584e-03
7.046887541996151028e-03
6.944179865687197251e-03
6.762298032328466213e-03
6.633456918630195598e-03
6.629869960364409565e-03
6.567198866357842890e-03
6.637629019984984946e-03
6.738362415905779779e-03
6.671394594528763655e-03
6.614852783583771711e-03
6.414346459781034016e-03
6.288292440404477657e-03
6.142813155589191276e-03
6.089409350890445660e-03
5.939077817643120816e-03
5.904733395429087595e-03
5.801252013977450939e-03
5.689957941459558577e-03
5.511387730255029593e-03
5.444550238740630821e-03
5.339928075168809407e-03
5.384544496739751551e-03
5.407061287640083092e-03
5.412004853218438383e-03
5.435376582754183894e-03
5.397542971793525823e-03
5.397777231589795388e-03
5.379060647207306589e-03
5.382297671734759259e-03
5.332617125700586658e-03
5.263141168056928443e-03
5.281596580569716815e-03
5.288487621533166649e-03
5.188272235796570486e-03
5.165090452827106327e-03
5.152331112578178995e-03
5.035222245420634124e-03
5.012333473156008190e-03
5.029018725883585561e-03
4.988959193220912636e-03
5.029140061955289509e-03
5.075705686214335155e-03
4.963129550493286524e-03
4.920457512685882939e-03
4.882763623404007269e-03
4.787398806613329949e-03
4.749437193703562321e-03
4.727178074676374742e-03
4.649985782865628803e-03
4.566376291259055531e-03
4.500283088963455413e-03
4.385974276778711878e-03
4.285610068184508847e-03
4.275495403941662054e-03
4.234852945039488392e-03
4.170739059116371217e-03
4.126366875412068591e-03
4.065012270713097564e-03
4.008213235887014836e-03
3.969982920661960235e-03
3.912613186155933231e-03
3.858734961414755915e-03
3.819525922044555988e-03
3.779247064141982859e-03
3.805652307319218330e-03
3.861270170642860933e-03
3.774833811685418539e-03
3.716175748600017426e-03
3.750033505241945342e-03
3.705471030052198689e-03
3.682471994231995005e-03
3.733332655111998299e-03
3.661063521851762315e-03
3.614893900312013408e-03
3.635603460707945156e-03
3.565904085388982292e-03
3.509184382622446141e-03
3.455023449704427985e-03
3.432013098817104924e-03
3.401099105288019064e-03
3.413476221025169011e-03
3.409095494435188112e-03
3.376004901280482695e-03
3.358383499753897494e-03
3.332067352763201651e-03
3.364430836150192339e-03
3.317787007905151353e-03
3.315957687449244684e-03
3.290870133728099334e-03
3.227452115907053498e-03
3.197911329787028745e-03
3.174722747703667691e-03
3.124943236507790600e-03
3.121937957734494118e-03
3.135761039604195721e-03
3.120041364964409869e-03
3.098058035969172841e-03
3.094666762493328283e-03
3.116654158520512641e-03
3.129367876648053715e-03
3.145850472226069394e-03
3.179656924371776494e-03
3.168391509673518236e-03
3.226109552210643105e-03
3.212605558151962470e-03
3.205914357860259467e-03
3.204623617922189305e-03
3.153176590143288993e-03
3.132824101297865260e-03
3.170223382247858157e-03
3.090683031878496689e-03
3.046421745209873522e-03
3.028040176090499025e-03
2.942803189376008710e-03
2.894512789744896342e-03
2.879195298351316934e-03
2.780433466340659354e-03
2.764234187046077373e-03
2.766412651015015545e-03
2.753299233292025305e-03
2.738952546187181647e-03
2.716055452019361383e-03
2.643304721532763191e-03
2.592565916570213624e-03
2.576159335055006050e-03
2.552073011338792941e-03
2.525761399765777404e-03
2.522815412529369472e-03
2.494375612454483027e-03
2.463245279980583180e-03
2.448128228785165228e-03
2.425373479846892888e-03
2.408287349552840073e-03
2.451524855711678663e-03
2.422574243292952012e-03
2.400951445688637165e-03
2.434514064900028529e-03
2.384729863513637693e-03
2.348870513522893777e-03
2.336928924187048340e-03
2.277362124991216819e-03
2.268753643154028388e-03
2.290304830135508896e-03
2.279285187998636442e-03
2.260278776879676155e-03
2.272904980374801376e-03
2.239826774470266013e-03
2.189450654319288758e-03
2.183916697942628327e-03
2.161854877963179100e-03
2.156525624707139599e-03
2.135063940228554280e-03
2.127817970428491634e-03
2.146652695701092850e-03
2.111146240614883429e-03
2.105801873736670715e-03
2.091116955074481809e-03
2.077774230157591884e-03
2.082433927007978913e-03
2.078802540943003319e-03
2.107315543149190784e-03
2.065932202462372747e-03
2.058426660260070928e-03
2.030587493684399281e-03
2.011873843176914534e-03
1.984149422720182798e-03
1.991807957076111024e-03
1.958493447364428874e-03
1.953676210273314062e-03
1.983736882981326777e-03
1.923810581692345090e-03
1.877306215108939802e-03
1.877147881360355375e-03
1.853775337344210072e-03
1.837112429311560380e-03
1.830778195608812053e-03
1.812522128447291436e-03
1.794631874057275867e-03
1.825739956191965718e-03
1.793333805216512644e-03
1.743225174744678085e-03
1.761735758825266895e-03
1.721946217958569836e-03
1.706748826081683212e-03
1.732248649442949540e-03
1.688009363071535374e-03
1.645132423982190173e-03
1.649574489814967237e-03
1.611989013382206237e-03
1.577064667975303092e-03
1.609388789811053155e-03
1.577398042638511466e-03
1.566123185069608070e-03
1.619355986497594824e-03
1.604683279033347620e-03
1.564625449779810662e-03
1.583336525085278501e-03
1.544591436340218837e-03
1.495529544375102937e-03
1.523110037098790448e-03
1.519440649009294597e-03
1.515047506154325319e-03
1.562461607783477424e-03
1.559381894972136640e-03
1.526455676485266588e-03
1.537519121078773088e-03
1.519751127176824368e-03
1.498654771767152227e-03
1.523944402739590975e-03
1.513714960249795682e-03
1.507162628154368189e-03
1.512945892632081013e-03
1.508512088983615662e-03
1.497652061448154215e-03
1.479843858845586446e-03
1.471351517895957972e-03
1.454954592847557127e-03
1.456706856600278877e-03
1.482081821319078396e-03
1.480324275741469464e-03
1.466703980871328361e-03
1.448961279673997848e-03
1.417177740276269471e-03
1.401575464176893493e-03
1.406327468338158804e-03
1.412393897413488641e-03
1.394963800191148517e-03
1.395191494587166847e-03
1.385079550315596042e-03
1.367867768984384891e-03
1.332363207263043137e-03
1.332948505500586300e-03
1.303459967708989198e-03
1.312413407563342571e-03
1.324800646786583602e-03
1.310551645776994456e-03
1.296389081367935181e-03
1.277447132703488086e-03
1.250211693835864835e-03
1.240185583616881804e-03
1.230933207341536328e-03
1.235702623830950420e-03
1.232670280289727138e-03
1.224185312802009151e-03
1.212214210653983493e-03
1.197425631914272870e-03
1.190647788854234945e-03
1.191683628766551650e-03
1.201769643086561534e-03
1.167488644390590746e-03
1.163544115298786874e-03
1.188986279080664343e-03
1.160561001112586643e-03
1.157130316923535296e-03
1.169252410610138737e-03
1.151786516299990737e-03
1.145419883302092878e-03
1.189000860060740461e-03
1.195595407948779609e-03
1.193935939670279223e-03
1.235095476669237358e-03
1.213523234499830350e-03
1.184127324947617521e-03
1.203510317524053574e-03
1.192314924382625874e-03
1.169676418112809702e-03
1.178617927671168908e-03
1.177759880174419904e-03
1.165159088890949102e-03
1.167006447631083188e-03
1.157460766876935998e-03
1.140338569580928718e-03
1.140235530396466190e-03
1.128085620228924668e-03
1.112590007654942759e-03
1.128377107593961370e-03
1.117214796401991284e-03
1.095063204137047830e-03
1.086734201999076110e-03
1.062851901168282431e-03
1.030568238926776736e-03
1.033226261540093338e-03
1.024021884372075530e-03
1.002536170120860159e-03
1.030197187309567219e-03
1.032569766469537687e-03
1.024624679647978542e-03
1.032556530362327418e-03
1.015432441798150287e-03
9.975288642643520554e-04
1.027804101386087243e-03
1.028320355719536394e-03
1.033771922148263300e-03
1.053947271097352423e-03
1.033745278269729284e-03
1.013146186096824941e-03
1.032739471489352301e-03
9.976910955575429840e-04
9.793121513348157503e-04
1.017897987032598262e-03
1.003373547918795516e-03
9.877301612489508553e-04
1.002682580194660944e-03
9.781742788528835497e-04
9.649500755172235600e-04
9.638481528002618148e-04
9.509035730843051759e-04
9.416969600190006062e-04
9.396260118797461480e-04
9.414634587768255791e-04
9.490162302400739769e-04
9.446204197680052594e-04
9.285329308647144453e-04
9.188278853278220026e-04
9.077067781453618256e-04
9.109707376271369839e-04
9.153998449508704560e-04
9.186792670797805371e-04
9.278043521592643783e-04
9.334349201473857160e-04
9.431471518667744469e-04
9.526011058334088455e-04
9.525590273544853881e-04
9.564687276427535911e-04
9.654435017551060705e-04
9.759682539488417907e-04
9.801952054113854951e-04
9.846133466812762025e-04
9.810601573355254290e-04
9.778353632882291757e-04
9.735121421499126626e-04
9.773986732403289190e-04
9.855029343322635471e-04
9.911343923162257985e-04
9.959441667147794774e-04
1.006712748965452042e-03
9.995140403466495904e-04
9.815134253972346290e-04
9.620148179559917523e-04
9.534899453402939651e-04
9.487219162752774659e-04
9.432312499183664878e-04
9.386353638511507613e-04
9.302799352596952120e-04
9.210333023700889576e-04
9.016441292363230886e-04
9.019742852526824173e-04
8.805111232291634726e-04
8.752783063155633592e-04
8.719376261546590845e-04
8.686976308733829200e-04
8.695400434141631330e-04
8.602670377598348184e-04
8.509597955869835362e-04
8.493441632910908590e-04
8.494253293439002483e-04
8.418619089258227994e-04
8.391400272451388087e-04
8.380622812917543074e-04
8.409070257879569521e-04
8.329574915168225235e-04
8.292924481061447750e-04
7.979080291146134485e-04
7.963512002982509053e-04
7.696383402676643115e-04
7.696592818406816638e-04
7.645920554803925517e-04
7.549750766214502473e-04
7.623283721843732152e-04
7.779658343606693505e-04
7.820331093226773334e-04
7.792842497536534019e-04
7.802764241915394194e-04
7.761050082224496549e-04
7.695215461746701680e-04
7.754628395333501567e-04
7.710397176693972732e-04
7.634370303511994749e-04
7.433996234120915370e-04
7.350967794164248170e-04
7.407461468607878796e-04
7.424824295246268413e-04
7.424803329413587338e-04
7.491452708632412305e-04
7.548185131784901358e-04
7.595434244145188307e-04
7.616596444505741026e-04
7.553289549666192260e-04
7.500675627704622705e-04
7.415829294645931435e-04
7.470985837181864930e-04
7.582808155462972266e-04
7.664002399864339177e-04
7.690138063576879013e-04
7.743131511110667997e-04
7.752433750412013325e-04
7.619696978886092431e-04
7.506024574963077178e-04
7.462328568151321839e-04
7.428878491995138944e-04
7.550458963146433611e-04
7.562495899315346826e-04
7.654309964019723189e-04
7.654124904929171525e-04
7.658459383375060270e-04
7.649301861596957686e-04
7.591511910521875350e-04
7.449594626498523553e-04
7.327969727391608901e-04
7.342328609982184950e-04
7.194575485928167424e-04
7.082539958927214219e-04
6.994205374510342743e-04
6.690816733638665914e-04
6.634863100833388039e-04
6.555729956748829190e-04
6.549833435166296791e-04
6.491622088789089640e-04
6.444195216241399571e-04
6.420405205284085426e-04
6.347384351980678296e-04
6.307172761910659342e-04
6.276343212464202681e-04
6.314033354408096765e-04
6.363819295711753421e-04
6.309170064788122145e-04
6.325448010281037314e-04
6.577223003297882897e-04
6.357354026730599461e-04
6.215790811313556818e-04
6.474293157133770293e-04
6.357595544551342126e-04
6.420553022379038577e-04
6.611304926282396410e-04
6.642816160112585688e-04
6.630985167148384374e-04
6.830290724788301571e-04
6.786262860982161804e-04
6.672575430475558012e-04
6.798952463190760520e-04
6.595397755837228981e-04
6.308766824764805436e-04
6.392397909913138943e-04
6.271629827026281578e-04
6.003892325049595136e-04
6.078838580124840130e-04
6.038820650995924133e-04
5.882340270920854985e-04
5.901492749945044802e-04
5.945303655546380073e-04
5.976887709484568489e-04
6.021705692164647239e-04
6.196314984847212104e-04
6.299525471020472889e-04
6.268391347546975467e-04
6.257306281925584246e-04
6.241837776113645653e-04
6.133739814858790718e-04
6.068045249774944860e-04
6.017784932055847413e-04
5.942707573809435928e-04
5.973871678291997611e-04
5.893052243908236676e-04
5.825204811879119982e-04
5.848117390898077694e-04
5.706368086910162951e-04
5.631562502780851354e-04
5.699178398111542920e-04
5.632788628840978973e-04
5.601282168151838770e-04
5.674202190935062617e-04
5.593236250077959770e-04
5.436769276894876102e-04
5.525835141776958004e-04
5.400381706672785498e-04
5.282667699630511082e-04
5.310728293528299560e-04
5.279746631496884390e-04
5.244127495499101288e-04
5.323408229719328588e-04
5.160133889399870499e-04
5.064137177386435207e-04
5.251258994760435450e-04
5.114813195039591420e-04
5.087090933318175190e-04
5.361125440107583628e-04
5.275034904421091464e-04
5.291304975906171992e-04
5.543171550998204911e-04
5.522843930088616737e-04
5.454434053171752783e-04
5.527525289332341218e-04
5.542213686078809043e-04
5.508318128243441802e-04
5.615945708240810408e-04
5.556926732516453971e-04
5.531242521687393388e-04
5.669526987714806898e-04
5.495830627533226931e-04
5.380512584919616703e-04
5.496215136930604483e-04
5.401834787354675704e-04
5.392130715049792133e-04
5.527184779817867488e-04
5.407864447742188885e-04
5.187573629362035588e-04
5.262256155523226120e-04
5.225093660813917573e-04
5.022854610529092767e-04
4.998406748710770842e-04
4.935043488545065582e-04
4.861653236119534149e-04
4.977077377992383811e-04
5.089073738110683198e-04
5.129306573711800432e-04
5.083069311999088846e-04
5.036242734818285882e-04
5.066265696925253970e-04
5.126317501087385153e-04
5.145978564455727655e-04
5.227126883301513871e-04
5.307931975837981708e-04
5.343358103267747961e-04
5.362717765790420144e-04
5.376362768079873122e-04
5.333324979293063706e-04
5.285126370525028427e-04
5.265594743686929924e-04
5.229002233796409271e-04
5.184018575933452277e-04
5.138892252794236004e-04
5.080584333967408384e-04
5.055853694648226870e-04
4.990619913029653576e-04
4.973859406659647542e-04
4.992073736226343428e-04
4.992786083998917990e-04
4.935445407321936706e-04
4.884817430145793615e-04
4.847280493833067139e-04
4.766726708910623556e-04
4.692879745314126883e-04
4.641789203963242461e-04
4.615962293980369058e-04
4.556156236738551080e-04
4.550893106119585640e-04
4.562945987198335773e-04
4.578699565181698627e-04
4.546381887781114628e-04
4.553351543539890800e-04
4.514814540372419360e-04
4.525174946034826728e-04
4.596790062915967479e-04
4.613262504029880251e-04
4.690095872543903477e-04
4.689650780531351426e-04
4.826792265345825061e-04
4.845321423093962299e-04
4.979430810202051250e-04
4.964615665698501878e-04
5.034025778174605614e-04
5.034155562684827778e-04
5.077215178086735836e-04
5.041395459240496923e-04
4.967133989435823516e-04
4.928507239482446400e-04
4.888176399268223671e-04
4.845391817169183990e-04
4.766308447764627809e-04
4.703104792998791250e-04
4.641718489363788613e-04
4.603352938092469815e-04
4.579410076510082028e-04
4.563631092091013919e-04
4.522647902276411003e-04
4.458690493889388984e-04
4.483450789306286932e-04
4.507113685682934134e-04
4.513177206070112524e-04
4.522494408130683929e-04
4.547500492733808075e-04
4.585467989263736222e-04
4.584756571534009950e-04
4.557285067777194776e-04
4.580841744229596779e-04
4.593904737996701293e-04
4.577425817945540709e-04
4.571809210690697123e-04
4.558678650611602823e-04
4.522396248261700835e-04
4.460785094055896849e-04
4.477528127083685305e-04
4.521457383182964085e-04
4.544611145627514004e-04
4.593633433338517591e-04
4.633010158708039672e-04
4.648341227883601157e-04
4.617039349015250593e-04
4.594008710734759360e-04
4.566034078879316338e-04
4.514739257921035476e-04
4.452840056670820390e-04
4.415446773907150124e-04
4.370052878288621656e-04
4.325713961142452213e-04
4.271544494083706622e-04
4.263192854709191293e-04
4.207998719246291985e-04
4.159652874711622372e-04
4.104116556242765057e-04
4.119330812299010214e-04
4.085956440515459143e-04
4.090998607309548341e-04
4.059048678955734513e-04
4.006033596272856601e-04
3.905970611562392669e-04
3.918016332075668906e-04
3.856817981430227249e-04
3.915083920363882086e-04
3.873542885498432176e-04
3.944618048378339958e-04
3.902791949904615976e-04
4.023411797116627220e-04
3.939774721315736361e-04
4.033681319268733745e-04
3.959318175801446182e-04
4.063844375584851898e-04
4.052572391323450152e-04
4.104968471640435546e-04
4.147943939527137802e-04
4.156319236316569077e-04
4.148131738375832045e-04
4.143737370532196707e-04
4.134420375660058378e-04
4.103304858024681145e-04
4.048840335599823703e-04
4.004702137694604591e-04
3.966901792261182114e-04
3.886397110465789062e-04
3.777319407896329029e-04
3.696278183673573636e-04
3.677329187247030395e-04
3.690247492279807862e-04
3.715730853522392074e-04
3.765380039283255931e-04
3.791987102045868419e-04
3.792255812305467266e-04
3.809308519481802158e-04
3.828237069952861171e-04
3.812977990507171455e-04
3.772631632977391236e-04
3.760796892319090423e-04
3.770530133528904315e-04
3.747699582185570755e-04
3.731633989231958326e-04
3.730205498514438389e-04
3.709227799123387959e-04
3.682275980162463824e-04
3.674309740131082025e-04
3.667527161379247058e-04
3.657095699311635473e-04
3.621010159266524475e-04
3.591406858505508115e-04
3.563076032499501444e-04
3.509735615730286140e-04
3.482766242503265719e-04
3.489633409667625141e-04
3.484385493701114278e-04
3.466376586304109608e-04
3.469200067352518069e-04
3.520332122293468036e-04
3.567820374116986715e-04
3.588278256591720394e-04
3.568926940915595480e-04
3.538691367483692840e-04
3.505447752639584413e-04
3.484244271433484252e-04
3.469657462927128178e-04
3.491975514374467959e-04
3.455413715576227673e-04
3.469533957081716302e-04
3.402521680846981589e-04
3.383690242095768741e-04
3.350153568418556826e-04
3.312959825617078913e-04
3.327568266664887586e-04
3.294085735139271054e-04
3.396264089052802859e-04
3.231692693398124927e-04
3.249984679527528897e-04
3.380555716338273786e-04
3.187294510609284259e-04
3.168683965286689386e-04
3.267171621425951633e-04
3.109987031741923147e-04
3.073148022104676969e-04
3.168793984699574962e-04
3.132687032944697636e-04
3.127337970571242298e-04
3.170260253949619411e-04
3.163521969517663068e-04
3.125694230764475279e-04
3.182296476628848625e-04
3.184833787302221442e-04
3.154044946230977198e-04
3.282599151309684160e-04
3.237784034629959118e-04
3.128440002693189115e-04
3.197706806192940343e-04
3.080248247275957363e-04
2.953306569040414775e-04
3.018659259867509381e-04
2.979209657655579324e-04
2.910746056433641260e-04
3.013894057775981516e-04
3.001957386868647770e-04
2.919391150350003628e-04
2.938417645306917736e-04
2.938432868092311079e-04
2.928783049958583184e-04
2.919246433899028159e-04
2.938858461936783018e-04
2.947264166490021209e-04
2.927991321289291626e-04
2.892147287733848326e-04
2.897122150348763192e-04
2.864811645314421784e-04
2.838851865277214337e-04
2.830321385404732659e-04
2.853905798190226051e-04
2.854531928664916229e-04
2.840399583041719467e-04
2.815829483079346218e-04
2.788675557571784758e-04
2.801041566292405971e-04
2.800503495172385060e-04
2.792037793982321547e-04
2.816331181102471604e-04
2.785888457942503615e-04
2.788646473091405120e-04
2.839311807633915219e-04
2.839879391676181086e-04
2.839395153547696893e-04
2.858365062828049918e-04
2.942825107605795409e-04
2.988610856080597955e-04
3.043094141516322626e-04
3.123299037015997426e-04
3.158007558528574954e-04
3.155368844286465801e-04
3.162399325904036163e-04
3.201257860774991970e-04
3.195159241031059194e-04
3.177802280746183650e-04
3.197767226876396807e-04
3.204927255926470764e-04
3.221205593224446551e-04
3.167876773855077266e-04
3.159982525957200084e-04
3.148476697816676717e-04
3.112390894619565529e-04
3.092182992168734934e-04
3.064555855590844757e-04
3.035063154354783466e-04
2.987689556907119348e-04
2.934546587459729849e-04
2.923402576462535984e-04
2.886587292677822436e-04
2.826772529749832508e-04
2.798308911740599036e-04
2.778730260955264431e-04
2.783360191857542354e-04
2.733255183607896655e-04
2.708863267374406192e-04
2.709733513454742893e-04
2.701094993698138769e-04
2.702874599675719747e-04
2.694815666688388234e-04
2.717814841030063988e-04
2.733422305320615253e-04
2.724365693160674118e-04
2.732409240221306268e-04
2.710779027206844383e-04
2.674310654590117409e-04
2.672289863079047034e-04
2.667327931127755347e-04
2.685384166932203165e-04
2.676470208158726605e-04
2.713380961343603293e-04
2.756521316152199530e-04
2.762043560175370116e-04
2.780397048271487925e-04
2.806596734543087557e-04
2.830569864252924228e-04
2.812760541547193460e-04
2.809151878303550731e-04
2.826232593651084590e-04
2.840000408951270927e-04
2.797075933674286752e-04
2.769296215418132201e-04
2.784952063108331322e-04
2.774273769183127625e-04
2.775490134300784284e-04
2.787896371791026562e-04
2.794891394928417094e-04
2.827892374912543971e-04
2.857056044699574082e-04
2.873440075830124840e-04
2.909313697121579390e-04
2.909958359386816129e-04
2.922468541514677831e-04
2.966836241555248499e-04
2.989813274171249091e-04
2.997488847761853314e-04
2.997908562623885498e-04
3.035381502050071845e-04
3.072770520328726995e-04
3.079817037377058364e-04
3.078051362189193618e-04
3.107469869642054405e-04
3.126600597732065445e-04
3.139685524139457229e-04
3.154344572756095921e-04
3.182240709870554074e-04
3.153626517395785589e-04
3.102571686253857708e-04
3.096294438068719623e-04
3.096172484896853039e-04
3.044639313351388266e-04
2.989235757312885822e-04
2.968323614205847782e-04
2.963330546250780850e-04
2.906859633610148208e-04
2.816747854654105820e-04
2.735049928879046410e-04
2.649762323342214065e-04
2.612115699706651917e-04
2.604898814330125489e-04
2.614454291434697986e-04
2.593671431389277249e-04
2.578292743598137315e-04
2.586662119235666468e-04
2.571516161564563197e-04
