# players: 2 
# game: leduc_poker 
# regret_matching_plus: True 
# alternating_updates: False 
# linear_averaging: False 
# print_freq: 1 
# 
2.373611111111110894e+00
2.300970804988661911e+00
2.103135415136869746e+00
1.779611507319141861e+00
1.501671205158919609e+00
1.342896300773490426e+00
1.237932755986522526e+00
1.113865682873181218e+00
1.036976885024270434e+00
9.596163558280232930e-01
8.662155936414799307e-01
8.145996093569882746e-01
7.816862098289485417e-01
7.486190614749744787e-01
7.068319936882498933e-01
6.637444197025375026e-01
6.229617992202255428e-01
5.879461901619356112e-01
5.601241535607721644e-01
5.372872144297906605e-01
5.162903941268189856e-01
4.967720725938614690e-01
4.791291701630473465e-01
4.640730081784690264e-01
4.525001363974467949e-01
4.407917606938120403e-01
4.276895573649949212e-01
4.140881486735380479e-01
4.007111350650970905e-01
3.895310208050839496e-01
3.790852500147829929e-01
3.676224776860633758e-01
3.549329013334231453e-01
3.414434791901039823e-01
3.299271827681031777e-01
3.223113096281809420e-01
3.146476326983580485e-01
3.068731851704142866e-01
3.001765785152032406e-01
2.949638890932211321e-01
2.895035117097677912e-01
2.833015338740729749e-01
2.766596833346765538e-01
2.698102812667849681e-01
2.641351225705709238e-01
2.604319916115291345e-01
2.569956439481556054e-01
2.527534129852763711e-01
2.480196878426409735e-01
2.431825913702071462e-01
2.382254511250107287e-01
2.331534204336790372e-01
2.281548296707088253e-01
2.236325581998462042e-01
2.196827079617656164e-01
2.158629233533238267e-01
2.122644675862156161e-01
2.092755209554758022e-01
2.064758209232731567e-01
2.033500046119107452e-01
2.001560174920366808e-01
1.967921185958889929e-01
1.934292246156586459e-01
1.896092736021017799e-01
1.848246032192463195e-01
1.798457597032685762e-01
1.759059628893403227e-01
1.721409512180487045e-01
1.692358075845521448e-01
1.673053440102615919e-01
1.660478909842741935e-01
1.650603896606300802e-01
1.641473272665923133e-01
1.630095438790007401e-01
1.615931940887559148e-01
1.601911245090976987e-01
1.588239343528374259e-01
1.572908980484872266e-01
1.555040575370057465e-01
1.536026448296263780e-01
1.514799236514960123e-01
1.491285268000052122e-01
1.467969176473122306e-01
1.447856644947263238e-01
1.432542277237994766e-01
1.422197875113249133e-01
1.414916844578463506e-01
1.407786946464509859e-01
1.396047670022200760e-01
1.377975089578935830e-01
1.355834290047096546e-01
1.332374039932494036e-01
1.309549701885610040e-01
1.288689079884846878e-01
1.268844518225355489e-01
1.248565243354287646e-01
1.231438135634756181e-01
1.218315340146883391e-01
1.208854539733321132e-01
1.201234427589245313e-01
1.193182485581750218e-01
1.182331479847309186e-01
1.169793766357608567e-01
1.156474886098703553e-01
1.142917911615389248e-01
1.130521720577810085e-01
1.120234302905354501e-01
1.111933550303206841e-01
1.105062865561344809e-01
1.097899553817569956e-01
1.090427832946643805e-01
1.080611000939112332e-01
1.069962542755674151e-01
1.060955317299025896e-01
1.050905001000924099e-01
1.039163585185498562e-01
1.025827458253433661e-01
1.012268945714430435e-01
9.987954806573454136e-02
9.885481190670619700e-02
9.796660952680089074e-02
9.731294249754414427e-02
9.694081472952352507e-02
9.679151503357308339e-02
9.676079024336189938e-02
9.677039073383275625e-02
9.670332733477016163e-02
9.636237069250877529e-02
9.557634226720450321e-02
9.462417316656657196e-02
9.349542926949369614e-02
9.225988207060709101e-02
9.100536850395284094e-02
8.987075260569121760e-02
8.896838729629524822e-02
8.827037477238935947e-02
8.771077680585634417e-02
8.696232136378238831e-02
8.595873220350247479e-02
8.497629686837390728e-02
8.409371008963115179e-02
8.347253001613894052e-02
8.293591832486070514e-02
8.254657382045606229e-02
8.228006905512430524e-02
8.216478467434640276e-02
8.219774286428578602e-02
8.239241244917500095e-02
8.251389436457801096e-02
8.235600308188517626e-02
8.194408295735272629e-02
8.156596630376489188e-02
8.118523294656551648e-02
8.070280905952645356e-02
8.008200520124943156e-02
7.942557864476902652e-02
7.887767305649789895e-02
7.848568310307549312e-02
7.817407510731612386e-02
7.786942578728921205e-02
7.750616163896234534e-02
7.697296893489094516e-02
7.625197915094011902e-02
7.567812535818069231e-02
7.527338102542827092e-02
7.483087107832460394e-02
7.433581824748027034e-02
7.384709684779694472e-02
7.346473241507216201e-02
7.317694980031516638e-02
7.293233065811810523e-02
7.262463901110993714e-02
7.223193674950115217e-02
7.180105084378098079e-02
7.135754419841129625e-02
7.099251347232912734e-02
7.078757658824091914e-02
7.066774287438823410e-02
7.067036850155268557e-02
7.069902053867742342e-02
7.062820089144919433e-02
7.025770415030661853e-02
6.975885097980658034e-02
6.945016636220742445e-02
6.924259507363522692e-02
6.900317413929676902e-02
6.857865783853736574e-02
6.822559876788003574e-02
6.801224779659312270e-02
6.794374181764760434e-02
6.798751186264001545e-02
6.801418023208598285e-02
6.798473007204808294e-02
6.779209251721338148e-02
6.741209082887067439e-02
6.697361739497324773e-02
6.645859171450266278e-02
6.588733116040459969e-02
6.531007462195465019e-02
6.474301359214970630e-02
6.424593734863182082e-02
6.382967991816410058e-02
6.349356025873613418e-02
6.320296618199648664e-02
6.291735865196616817e-02
6.253308125768974879e-02
6.202695159984106255e-02
6.147380457946274857e-02
6.093010438693888253e-02
6.046695258385148541e-02
6.014428924318315772e-02
5.994614729448734247e-02
5.978844941093976184e-02
5.966206601098712758e-02
5.964514448845500971e-02
5.969473473893277538e-02
5.973982591669588227e-02
5.968717470729860419e-02
5.953374538412850581e-02
5.936810985136622976e-02
5.916604987829027218e-02
5.894439909879585493e-02
5.864640991351040278e-02
5.827338902064760351e-02
5.793167767897565434e-02
5.764719707971734108e-02
5.742618453810019452e-02
5.728497012632977059e-02
5.721871405439182823e-02
5.719887287145877797e-02
5.714842407270999403e-02
5.697791905080837327e-02
5.677056202002639385e-02
5.648496039976985683e-02
5.620458552708836042e-02
5.592562753101282258e-02
5.565998585950647504e-02
5.546564109861451541e-02
5.536905751252430008e-02
5.532831895631415420e-02
5.529731219843800338e-02
5.523110945828053897e-02
5.508740837807400703e-02
5.482226594159055055e-02
5.438080693406899258e-02
5.384769846709691610e-02
5.332719334490500229e-02
5.287895369857084638e-02
5.249866729065243154e-02
5.220294223736107742e-02
5.201385207647390985e-02
5.195863314535953403e-02
5.199374602619930008e-02
5.203111910952604169e-02
5.208510304141913960e-02
5.213003480095733388e-02
5.212844672953309555e-02
5.204764287338117801e-02
5.188103681027052272e-02
5.163545556402786285e-02
5.137525626584710237e-02
5.113088049150431302e-02
5.085912593614141941e-02
5.059297121505755557e-02
5.039450808361786716e-02
5.026360935309337474e-02
5.017465690560782288e-02
5.010181142764016937e-02
5.001032967742909119e-02
4.986396101739550002e-02
4.963572414095521190e-02
4.933987593599675758e-02
4.908107827515589827e-02
4.888582959383963589e-02
4.874899236465382590e-02
4.864563568537164095e-02
4.852896742302430233e-02
4.846197793658019171e-02
4.847380337789063132e-02
4.853030436878939813e-02
4.857870100314448658e-02
4.856152823613930913e-02
4.842488836687909581e-02
4.815231303249836725e-02
4.786686692026874412e-02
4.753979522692602933e-02
4.716986526406874436e-02
4.679672545811727757e-02
4.643324926856336188e-02
4.610700237604338503e-02
4.585028778246073855e-02
4.567771117255428615e-02
4.557462563223843577e-02
4.553759974972386437e-02
4.555073019155161940e-02
4.560264561302630748e-02
4.566444862555507633e-02
4.568929034068422435e-02
4.564419061820855494e-02
4.561050310355763138e-02
4.553959927890505188e-02
4.546130604647966034e-02
4.536242633801514101e-02
4.519627076133136967e-02
4.496149356213924309e-02
4.471429391141183707e-02
4.452464057727345548e-02
4.439847209876951473e-02
4.430589924439691518e-02
4.420931080256021439e-02
4.414360807716488644e-02
4.417142537442075856e-02
4.424107443730812550e-02
4.423874628343141269e-02
4.411268171166649044e-02
4.393990045747173112e-02
4.371677341911799075e-02
4.349684083045825267e-02
4.329929242614509455e-02
4.307753990364826535e-02
4.290147179655610932e-02
4.276828884631875272e-02
4.266861662869975147e-02
4.259025554165798977e-02
4.251216905484553332e-02
4.242995032972222968e-02
4.234317941964377274e-02
4.224645668770291018e-02
4.216226556316277074e-02
4.208223345966183304e-02
4.197892348664919449e-02
4.187732692206533325e-02
4.176168119513390398e-02
4.164416503810031145e-02
4.150491812835552241e-02
4.135993666646506361e-02
4.122310227684770900e-02
4.108179471593692567e-02
4.091538632294935973e-02
4.071114246095834666e-02
4.048376144803633725e-02
4.028127283748191012e-02
4.011095068170313083e-02
3.996489973377762017e-02
3.983646941930413243e-02
3.973023043817089373e-02
3.963127855667254729e-02
3.955394662834015029e-02
3.951743812606040018e-02
3.953716058365248920e-02
3.961228152922449675e-02
3.970445675875691749e-02
3.975052829341195471e-02
3.967845221046184534e-02
3.952324644842872270e-02
3.937700249262568453e-02
3.922879499987275143e-02
3.908072770184781164e-02
3.894548259695636283e-02
3.883289607240136831e-02
3.872409424549889956e-02
3.858271775777941115e-02
3.843752024741224627e-02
3.832498642174365922e-02
3.825297026565137315e-02
3.822437353450852671e-02
3.821421035496117002e-02
3.819528921721115911e-02
3.813521425019900102e-02
3.800250113703063093e-02
3.787039328425842455e-02
3.776163099043691740e-02
3.766202464774517922e-02
3.755522125450719284e-02
3.742589780631819241e-02
3.727124469839257492e-02
3.714948915726648537e-02
3.707387348663154780e-02
3.703955129091571208e-02
3.702289803158752279e-02
3.698540767140100216e-02
3.690448610312078992e-02
3.680568433779402016e-02
3.669167838182660346e-02
3.660205855925358076e-02
3.656088361120311825e-02
3.656617051079091851e-02
3.660674260351860776e-02
3.664129253765996408e-02
3.661974205729948140e-02
3.649290647211281269e-02
3.627058692747597846e-02
3.606602136928278857e-02
3.588237995708418171e-02
3.572189768003407317e-02
3.557877469600972953e-02
3.546594729863611350e-02
3.539768685392852277e-02
3.538132990545034273e-02
3.538911234738609246e-02
3.537053482876559296e-02
3.533351803743013664e-02
3.528848308335030826e-02
3.521577519276208879e-02
3.511304542007298579e-02
3.498870971593570633e-02
3.481376399656128939e-02
3.466046018271792817e-02
3.454619406107344026e-02
3.455096099178750491e-02
3.459772009977256368e-02
3.463064746839644714e-02
3.458987171931943161e-02
3.452764147411262197e-02
3.447103579372197413e-02
3.441591969467945600e-02
3.437174471087760252e-02
3.435430936838415605e-02
3.436694695801284505e-02
3.439680118107546480e-02
3.442066440463742438e-02
3.441174453660250654e-02
3.434759544009682863e-02
3.426909706683799184e-02
3.417892422917749584e-02
3.408137711866111863e-02
3.396170503533163521e-02
3.381070585218384772e-02
3.364072777864096642e-02
3.349046465804794703e-02
3.334052333799507328e-02
3.322770468611822847e-02
3.315450999003742572e-02
3.310195808383631366e-02
3.303327427785811288e-02
3.294916876921791249e-02
3.283645767092784051e-02
3.268778462807231389e-02
3.250802223791153522e-02
3.242226125570440987e-02
3.237556916831586806e-02
3.233573592311664302e-02
3.236281239170935020e-02
3.237406070362305877e-02
3.236479290079785631e-02
3.233322877228758663e-02
3.230633258066023528e-02
3.232736445041604900e-02
3.234526941206439243e-02
3.234795110551637320e-02
3.231620929453687951e-02
3.222361528093968530e-02
3.209352458283067089e-02
3.195955808279053734e-02
3.184303735544834202e-02
3.174382726556096435e-02
3.167551878122097653e-02
3.166288173949029228e-02
3.169610201726666410e-02
3.174743117536715786e-02
3.179797652365685956e-02
3.182229267365199732e-02
3.180978629527494994e-02
3.178423041658005876e-02
3.173977019788179477e-02
3.165244565406465094e-02
3.155844260238255261e-02
3.144169855661801960e-02
3.128894595466134854e-02
3.113310021521643878e-02
3.099488513095952080e-02
3.088558262551248379e-02
3.081526015056745837e-02
3.077239222232878990e-02
3.073758958527318674e-02
3.073519489721213138e-02
3.077092986952224829e-02
3.081919449584073767e-02
3.084470091399008074e-02
3.084194244606035251e-02
3.080543084009096377e-02
3.071872787910634450e-02
3.060043790445420020e-02
3.046433119836028380e-02
3.033449441837790528e-02
3.022185556955681029e-02
3.013524275278342546e-02
3.006761891934725539e-02
2.999731998897253726e-02
2.993380439788238812e-02
2.986929158472569068e-02
2.979063624175222469e-02
2.969614414271286307e-02
2.956706130342007244e-02
2.944619441871590415e-02
2.933885890876819502e-02
2.926418252127555020e-02
2.921581968108453997e-02
2.917972233575982788e-02
2.908703632215223212e-02
2.898327118038816763e-02
2.891265327195129131e-02
2.891908409821235260e-02
2.894374570406681169e-02
2.897973281467844386e-02
2.901984962218667752e-02
2.906809206584884397e-02
2.913380630467397869e-02
2.916833666092526200e-02
2.917894874248976034e-02
2.915354516607387980e-02
2.907961582028986691e-02
2.899195263143643231e-02
2.889222548786038458e-02
2.877936277598697190e-02
2.866461821610927219e-02
2.857436485625508560e-02
2.852131838964175325e-02
2.850994167710151073e-02
2.853463806267049485e-02
2.858540520937311036e-02
2.864226097393927917e-02
2.867798535351451239e-02
2.867524727174541876e-02
2.861947214909570103e-02
2.850469884393477815e-02
2.837710702756707226e-02
2.826753645650818825e-02
2.816847563003116450e-02
2.808209412249804138e-02
2.800253009549912020e-02
2.792848548121298902e-02
2.787210691611906321e-02
2.786009022283050807e-02
2.784602755121798334e-02
2.783575111898176080e-02
2.782953992100092866e-02
2.783991063949875500e-02
2.788406784720282028e-02
2.790196705459954685e-02
2.788742661867868455e-02
2.785654222405264946e-02
2.779639666478410376e-02
2.769531066411634601e-02
2.757796363573267184e-02
2.746015081795590007e-02
2.735701385889222070e-02
2.727806795540024809e-02
2.721909316394130474e-02
2.720085620702394902e-02
2.722233772048759937e-02
2.721597643869208549e-02
2.717011355230011804e-02
2.710414293423424326e-02
2.704619917214978742e-02
2.702034181695314730e-02
2.699385441345597547e-02
2.695797792059048681e-02
2.691214524732786495e-02
2.685360093439551066e-02
2.678122194384169319e-02
2.669590713774386281e-02
2.661416728574189650e-02
2.653886312219386201e-02
2.649381829714285430e-02
2.646897776226453392e-02
2.645472799102950578e-02
2.644096577629162503e-02
2.641393272289249694e-02
2.638211661159139965e-02
2.635595377350447022e-02
2.634108855840359975e-02
2.633723706595567093e-02
2.633160931588585107e-02
2.630092341915479803e-02
2.622465718220184927e-02
2.614161920103917625e-02
2.607206723923072289e-02
2.602059940907061608e-02
2.599252554435671492e-02
2.598209842309778805e-02
2.597587806380005637e-02
2.598499039527088494e-02
2.600282970018191753e-02
2.603565973921319332e-02
2.607064977306221276e-02
2.608568315765368018e-02
2.605953073087524663e-02
2.599644541262960407e-02
2.589074831970859802e-02
2.574518871292219568e-02
2.560620693794557479e-02
2.548216118545562625e-02
2.537733117764062740e-02
2.529261097678936476e-02
2.523473621361589647e-02
2.520246666770539767e-02
2.518600019037529891e-02
2.517803758544623349e-02
2.517584718638442298e-02
2.518197102385466568e-02
2.519960229306547617e-02
2.522433173651313087e-02
2.524616139247798374e-02
2.526285175884161738e-02
2.527270728438271719e-02
2.527294845704834703e-02
2.527244415901269692e-02
2.527474790268940952e-02
2.525707255880724200e-02
2.520249791965693820e-02
2.512445657267189936e-02
2.502835948037185343e-02
2.493095143606632869e-02
2.483960058526080150e-02
2.477015693971623689e-02
2.473919286602202505e-02
2.474677088575466533e-02
2.478044473715371177e-02
2.482356509439198611e-02
2.486076037634130098e-02
2.488592545829634850e-02
2.489646663540168170e-02
2.487789337417202484e-02
2.481614718258168262e-02
2.471801507392440422e-02
2.460895893693100522e-02
2.449900488972442392e-02
2.438936333115181154e-02
2.430714902227784635e-02
2.424745730312266589e-02
2.419207635305145598e-02
2.414315643008663193e-02
2.410002575919462098e-02
2.408395515246353202e-02
2.409416874303446643e-02
2.410079019842685522e-02
2.408919747643721576e-02
2.404210401940796993e-02
2.395879251082666528e-02
2.385214451935874225e-02
2.375793157070504868e-02
2.367298954547339407e-02
2.358441835764990557e-02
2.350082320190463592e-02
2.344640538547937414e-02
2.345025674544443106e-02
2.347799056885388480e-02
2.351726018382330197e-02
2.355440475140116452e-02
2.359560923294781731e-02
2.362879373060793042e-02
2.363946490309747073e-02
2.361300503156790742e-02
2.355998087474844849e-02
2.348930617455047276e-02
2.340341693382685939e-02
2.330615639494762470e-02
2.321393489370307539e-02
2.314178591086299419e-02
2.311508054645042276e-02
2.307529864434965106e-02
2.301273815741983197e-02
2.292429768622591957e-02
2.286576095042375245e-02
2.281787747208080530e-02
2.282635978661411158e-02
2.287530083017413896e-02
2.295087914557365771e-02
2.304116291386756887e-02
2.312551135981485984e-02
2.318427987220737785e-02
2.320078523204147092e-02
2.316201268229688137e-02
2.311595256920667696e-02
2.306057462658367418e-02
2.299672471488850567e-02
2.292257644519211934e-02
2.283951580105662849e-02
2.274903299150889124e-02
2.268061065969534384e-02
2.262237310547654534e-02
2.256736463009939575e-02
2.252405097010160007e-02
2.250187951191431890e-02
2.254072914456876908e-02
2.259265590190229211e-02
2.264003941476681880e-02
2.268855236411029819e-02
2.272797820799025981e-02
2.274308073173561540e-02
2.271952146112017623e-02
2.266113935260914702e-02
2.259121021981937150e-02
2.251376169796177884e-02
2.243024568935164664e-02
2.234962405188539725e-02
2.230472700567737165e-02
2.225077391823362949e-02
2.218946813666061724e-02
2.211731460373755898e-02
2.205482134821651341e-02
2.200871592871436744e-02
2.200334855112116850e-02
2.201383713933199870e-02
2.202544866964416259e-02
2.202412371469271435e-02
2.200745798801202746e-02
2.197592979316723150e-02
2.194755807378875878e-02
2.192507275748861728e-02
2.188738944278231791e-02
2.182462047693742302e-02
2.175077862105945226e-02
2.167695838523031604e-02
2.160904516122943986e-02
2.160184837212993092e-02
2.162098342138138451e-02
2.166664378902488641e-02
2.172958537981062310e-02
2.178919381438985947e-02
2.182226624318268915e-02
2.182429560331394791e-02
2.178331863581189909e-02
2.171780254205563088e-02
2.166436540053731652e-02
2.160990956062161517e-02
2.154064490561041767e-02
2.145892969711768461e-02
2.136964826967610587e-02
2.127899217285211808e-02
2.120455476555432872e-02
2.116921253020036253e-02
2.117878668661939134e-02
2.120511622539006380e-02
2.124536248581344877e-02
2.127683031345373177e-02
2.129200672492195801e-02
2.129208154099451744e-02
2.127760421504203137e-02
2.125377240927418809e-02
2.122161844132294806e-02
2.117292886635935290e-02
2.110264262258859658e-02
2.103752481626522397e-02
2.099559702312719933e-02
2.095690066711938804e-02
2.093108524413520022e-02
2.090690351443477701e-02
2.087215186462959560e-02
2.082443725463678508e-02
2.081802602508101008e-02
2.085031125336037072e-02
2.089678936625954941e-02
2.094886854184126179e-02
2.099862428898213729e-02
2.103226533817253996e-02
2.103886531271796645e-02
2.104153772939418299e-02
2.103991116776528225e-02
2.101962928659820151e-02
2.096237577550730258e-02
2.087114767002543059e-02
2.081042896272569664e-02
2.075606557719683609e-02
2.069941252655388420e-02
2.063934484411819592e-02
2.057507835865779455e-02
2.050740338459933199e-02
2.044265023200400599e-02
2.038853169595317150e-02
2.035078581647375984e-02
2.032937367526685413e-02
2.032276608448191357e-02
2.034092906282085333e-02
2.036397775642406760e-02
2.038685917223909128e-02
2.039648671344732045e-02
2.039591789694283896e-02
2.041254734359215783e-02
2.041224430334012685e-02
2.039501610550040200e-02
2.036421331364268728e-02
2.032609452869682531e-02
2.028260941486781377e-02
2.023174072061970086e-02
2.017192003236761844e-02
2.010424763851897945e-02
2.003419274137421824e-02
1.996548655311011777e-02
1.988887347244386317e-02
1.982335287556544201e-02
1.978395199792751247e-02
1.976580344197423345e-02
1.976538814943751277e-02
1.977854136034609689e-02
1.980173974508545043e-02
1.983250882957210415e-02
1.986348563640380482e-02
1.989883171156298092e-02
1.994464379387489439e-02
1.996825131583437885e-02
1.998491365709968715e-02
1.999446418928435554e-02
1.999084188386704430e-02
1.996710211544390490e-02
1.991815206303804153e-02
1.985645286685830402e-02
1.979131858611592187e-02
1.972477410283601795e-02
1.966922384195249340e-02
1.964426159232038338e-02
1.961700085899631407e-02
1.957597687111364837e-02
1.953128119417996134e-02
1.949355049992312905e-02
1.945966283822631038e-02
1.943175669648031234e-02
1.940730638267254560e-02
1.942826580360548783e-02
1.946785471866661898e-02
1.950703547429644136e-02
1.953812022919981795e-02
1.955514631040358720e-02
1.955269034257453575e-02
1.953269330837251183e-02
1.949554000987224756e-02
1.944792374908407839e-02
1.938381976283264085e-02
1.930739703890642367e-02
1.924185262462463353e-02
1.921111387802662551e-02
1.919051582645769916e-02
1.918416264931743775e-02
1.919563796121223631e-02
1.922051264570928675e-02
1.924487422872453446e-02
1.926126435960096028e-02
1.925935188201895187e-02
1.924021313020610191e-02
1.920306889621231639e-02
1.914634707261420044e-02
1.907068936933872805e-02
1.898186034722065818e-02
1.888843203513289326e-02
1.880821093990769910e-02
1.873787189449367674e-02
1.868546293275466508e-02
1.865592453197136014e-02
1.866217888483165388e-02
1.869931849669530244e-02
1.875247415818843966e-02
1.880709114467658816e-02
1.884997345947517222e-02
1.887835270748017269e-02
1.887860296192349352e-02
1.884760003680244211e-02
1.880061377906644404e-02
1.878684609954178741e-02
1.876689369352604886e-02
1.874411054579577796e-02
1.873493328955908033e-02
1.873053063925331219e-02
1.871968975881196928e-02
1.869313930714575078e-02
1.865692997968926292e-02
1.862371316260497123e-02
1.859134042286700317e-02
1.861610996530181639e-02
1.863437059089197156e-02
1.863615527961715035e-02
1.866298018567323636e-02
1.866729362623854860e-02
1.864899473119560613e-02
1.861406045889457683e-02
1.857055542793197012e-02
1.851341295837781453e-02
1.843948044898560679e-02
1.835318190157457507e-02
1.829072541492321458e-02
1.828255815987309130e-02
1.828174263718959636e-02
1.826962625647499117e-02
1.825432255611736387e-02
1.823015522418622303e-02
1.822525519422306395e-02
1.823263840827493709e-02
1.823753943913972164e-02
1.823781522070735961e-02
1.823163288904303125e-02
1.821740567402289901e-02
1.819610451266459594e-02
1.817175357574660199e-02
1.818920937938880988e-02
1.821280928455915049e-02
1.823858559240201793e-02
1.825881100548407132e-02
1.826622104327915719e-02
1.825901250296918521e-02
1.824330819274813664e-02
1.822157613208708060e-02
1.818539965559490268e-02
1.812632930335475456e-02
1.805248803621106735e-02
1.797644045950602676e-02
1.790229429473369493e-02
1.783622187388317348e-02
1.778061309929188094e-02
1.773940133637327832e-02
1.771779439285464663e-02
1.772191769701755848e-02
1.774895845451471277e-02
1.778913303065968177e-02
1.782950132383814834e-02
1.786421624999665059e-02
1.788092323089215951e-02
1.788282242203886874e-02
1.787621576580239457e-02
1.788152841124435177e-02
1.786916173890093495e-02
1.783440542223999059e-02
1.776838920223125506e-02
1.770953864659488564e-02
1.766570691095542545e-02
1.764022832452533107e-02
1.762371660876632662e-02
1.760946294446305571e-02
1.758592964202287945e-02
1.754629726333617468e-02
1.749522568537351108e-02
1.744554425684166632e-02
1.739837380437800340e-02
1.737320732370992160e-02
1.740794109389223743e-02
1.745101845181909472e-02
1.748356735199754763e-02
1.750526555327425182e-02
1.751589534480144095e-02
1.751489062128802621e-02
1.750811597143778209e-02
1.753580372324128889e-02
1.755060585180596988e-02
1.754832289650273824e-02
1.752314728998623228e-02
1.748300238594641121e-02
1.743446884689459075e-02
1.738145395757831335e-02
1.732716048403279419e-02
1.729971590871337561e-02
1.729711240903084035e-02
1.730429648117226549e-02
1.733305132440224328e-02
1.738267638050403074e-02
1.742740501821669896e-02
1.745154180957468604e-02
1.744930762856504447e-02
1.741971951262452634e-02
1.737416433120073100e-02
1.733339867682828772e-02
1.729559111388090376e-02
1.724634362256671771e-02
1.718642750739729497e-02
1.712170680000446588e-02
1.705355891923987510e-02
1.698864135280653276e-02
1.693416352995408269e-02
1.689400545949770738e-02
1.686952334913835450e-02
1.686017684179344500e-02
1.686173813517261033e-02
1.686773830914262140e-02
1.687130516394691471e-02
1.687076168613815819e-02
1.685982335859867454e-02
1.683381263857255949e-02
1.679765288971113435e-02
1.677287057944634729e-02
1.675434903222589034e-02
1.673747070643086254e-02
1.672359657047164938e-02
1.670801205199848316e-02
1.668590723653017027e-02
1.669767462582147366e-02
1.670588972366768288e-02
1.672277261335237963e-02
1.674032736400915544e-02
1.675875356414821549e-02
1.677810251883776749e-02
1.680075283518944751e-02
1.681005914542080260e-02
1.680185602504988274e-02
1.679087513384358576e-02
1.676590377808553911e-02
1.672930961236865355e-02
1.668576428606019513e-02
1.664863913139677520e-02
1.660891977289952193e-02
1.656565965849157718e-02
1.653637579137688662e-02
1.653034147347148819e-02
