# players: 2 
# game: leduc_poker 
# print_freq: 10 
# 
2.373611111111110894e+00
8.885789831687690432e-01
4.531456534160749894e-01
3.109177247273150480e-01
2.320299904291505677e-01
1.890834659549563979e-01
1.558487608896112486e-01
1.362350300571540385e-01
1.213361257194097570e-01
1.040879783239487266e-01
9.571635300459761797e-02
8.640173891472191503e-02
7.810806010182380632e-02
7.535563840954119519e-02
6.924572260252066791e-02
6.265887163593944487e-02
6.077887430722193896e-02
5.647184783161890431e-02
5.952219033154335093e-02
5.599184484375921422e-02
5.383832390281963198e-02
4.649847584566406400e-02
4.476943094913882204e-02
4.554690784640030854e-02
4.410710568612648264e-02
4.046900108716072753e-02
4.260364466109781145e-02
3.735552176687671755e-02
3.952337775311032253e-02
3.865970436569297897e-02
3.552411624092963183e-02
3.217072755879367418e-02
3.226115666077344901e-02
3.264825668587384433e-02
3.161654729234604499e-02
3.059437204305626157e-02
3.051509573638505612e-02
2.683971494932213542e-02
2.666039342922895544e-02
2.831175493485667272e-02
2.643579455507470699e-02
2.547997667591629656e-02
2.591724178227901298e-02
2.567088200076278470e-02
2.515593143401495535e-02
2.471959076875007710e-02
2.375106773280111216e-02
2.312679748249290429e-02
2.318523541639708196e-02
2.280265830919503411e-02
2.150720912667380968e-02
1.987864689941429286e-02
2.028292110029450424e-02
2.143390864600508428e-02
2.195409984584859031e-02
2.062510298851885637e-02
1.911457683263778629e-02
1.920789621878232767e-02
2.019501239468923098e-02
2.018850972714477526e-02
1.977555687202911527e-02
1.914250473138118247e-02
1.782737991858593385e-02
1.877122113820176019e-02
1.958287358696961244e-02
1.754429446670224130e-02
1.575673757937145342e-02
1.666975801238716748e-02
1.729656333566212401e-02
1.746649329701645270e-02
1.631934719984146076e-02
1.607632528396588101e-02
1.539542455594963832e-02
1.543259474529157238e-02
1.690232123749248194e-02
1.505112905379896171e-02
1.461291085502354481e-02
1.575578371812813572e-02
1.506979759548641995e-02
1.416554633276149999e-02
1.436151666984911146e-02
1.570331735059846134e-02
1.554815632104275536e-02
1.527120916048562566e-02
1.425046972015925340e-02
1.381265637263461715e-02
1.367559046278761514e-02
1.367232349915968592e-02
1.484661914010967226e-02
1.318127557913503778e-02
1.405973927991610584e-02
1.250238178787732579e-02
1.353279279387699374e-02
1.298445673355891339e-02
1.291737318516611444e-02
1.303664846066016070e-02
1.256331988519804321e-02
1.222494152146402779e-02
1.176846049518999460e-02
1.209942219201277924e-02
1.181781025978628774e-02
