# game: kuhn_poker 
# players: 2 
# print_freq: 1000 
# 
3.125000000000000000e-01
6.701631701631821647e-03
4.581042811927504843e-03
3.804287459735322674e-03
3.238773639924058534e-03
2.932746783977230320e-03
2.707882019663404582e-03
2.440127600819130826e-03
2.296587926509302546e-03
2.152538606821408074e-03
2.008132520081917782e-03
1.950580250280387062e-03
1.847068299864945695e-03
1.791528856755236765e-03
1.732019141490015457e-03
1.685998711197039812e-03
1.632710455596764199e-03
1.575887692881056124e-03
1.523063533507618139e-03
1.477992386366006050e-03
1.449927503624381941e-03
1.422551307080022198e-03
1.388194476008658418e-03
1.360448096460409317e-03
1.331541741317360250e-03
1.301614602082695749e-03
1.280399471814602785e-03
1.260755774477401170e-03
1.229122769424717543e-03
1.206854936037254911e-03
1.188849260581270606e-03
1.173349246799876289e-03
1.152307740384383994e-03
1.130016262135186134e-03
1.116388733665235611e-03
1.101159014504748956e-03
1.083303241576766274e-03
1.067538715169846775e-03
1.060279115462470223e-03
1.050186747348025307e-03
1.032265860018449777e-03
1.014202905619349115e-03
1.000968230914500712e-03
9.912560173011564224e-04
9.781974652069147513e-04
9.684969963621725686e-04
9.574067230410931995e-04
9.476748721650163354e-04
9.374804691552607316e-04
9.285524785201948461e-04
9.191482836999886885e-04
9.092958961555153152e-04
8.958161060999281222e-04
8.875618699004383938e-04
8.788417498408751527e-04
8.681660333439977784e-04
8.623357916208718166e-04
8.559791348663470245e-04
8.476865341392192388e-04
8.396750337550662469e-04
8.340138775426164663e-04
8.223908897663223527e-04
8.165190884014128514e-04
8.095109601422012524e-04
8.053259584484551148e-04
7.993466767169110643e-04
7.916546719002326427e-04
7.866798008001607556e-04
7.806257751104550557e-04
7.735395139194523040e-04
7.672509440333485919e-04
7.629000530515461787e-04
7.586700184733785601e-04
7.522727999162426293e-04
7.494268095485645542e-04
7.438789705020432130e-04
7.362841717003520969e-04
7.321333489177794807e-04
7.254180501977403051e-04
7.209824348235749358e-04
7.156160547987788778e-04
7.124397641209423426e-04
7.073084474575885849e-04
7.033047794626212657e-04
7.008845132777941078e-04
6.945996713782764953e-04
6.913679298296560027e-04
6.867737152470021478e-04
6.841778313134705414e-04
6.797676430633226019e-04
6.754554579047888918e-04
6.703223041524819514e-04
6.671123139979917571e-04
6.639713551484516252e-04
6.600107091085938293e-04
6.561334442124755473e-04
6.540730478528655745e-04
6.503369381105905678e-04
6.475274061870373021e-04
6.447746319090952305e-04
6.420769125677350253e-04
6.377824642030127666e-04
6.352061907911599192e-04
6.326799416209727411e-04
6.285997250048414031e-04
6.238035828257104676e-04
6.238148696720846598e-04
6.199319009507209266e-04
6.176640339738692642e-04
6.131442219217964062e-04
6.109792941267622179e-04
6.069765137279303779e-04
6.067654157854984742e-04
6.021333144577700747e-04
6.012374160454803107e-04
5.974585728263648310e-04
5.941040738161595947e-04
5.915191608072134510e-04
5.896842682127090285e-04
5.871799396668930804e-04
5.840229109235484106e-04
5.816067635832089522e-04
5.778641158725172922e-04
5.762148275206546710e-04
5.729120464100789789e-04
5.716620933687577288e-04
5.704319807009194943e-04
5.682369955097854586e-04
5.654252701192130637e-04
5.639491166765653318e-04
5.624956731120345221e-04
5.591560369799242203e-04
5.583922344034875085e-04
5.560735132338068265e-04
5.534784566295081198e-04
5.521564037834214567e-04
5.502410521525391562e-04
5.483536616539275155e-04
5.452859037277102416e-04
5.434613180222702677e-04
5.413651807263941684e-04
5.390032694802537883e-04
5.366746243590791998e-04
5.343785474719309203e-04
5.344291590561600636e-04
5.313181748183570807e-04
5.305328958928601235e-04
5.280576322624908059e-04
5.270234660593453579e-04
5.260031811865073514e-04
5.230520685436668149e-04
5.217956613972618563e-04
5.200075438123730187e-04
5.185151295330203691e-04
5.175832191569307295e-04
5.147816250676839900e-04
5.141526870563462026e-04
5.114086322201838453e-04
5.094904462660532207e-04
5.075963882838763208e-04
5.049447607649026892e-04
5.038788578959896292e-04
5.012829138949792540e-04
4.994856882305498402e-04
4.992347607652158903e-04
4.967141613315684268e-04
4.959809479075927285e-04
4.947575164273576576e-04
4.930526207224672497e-04
4.923540886360433522e-04
4.914186779330365074e-04
4.902505443477034319e-04
4.890959936318106660e-04
4.867505582859255053e-04
4.863477796131498998e-04
4.859496041013100509e-04
4.838987657314330892e-04
4.823419076762924806e-04
4.815047855573906244e-04
4.795131498380178492e-04
4.780066036702279586e-04
4.762865030255025722e-04
4.748142409503885997e-04
4.738134400051885464e-04
4.723706211788025744e-04
4.704929522942880027e-04
4.693075126894208360e-04
4.674663058890637934e-04
4.674177265071854936e-04
4.662673742526490805e-04
4.649098338126989027e-04
4.648754020536993714e-04
4.633222396469849347e-04
4.620010604483304473e-04
4.615526036877148908e-04
4.600403758672766408e-04
4.598190825613746036e-04
4.596000358778051798e-04
4.579101452413247841e-04
4.570747550740883458e-04
4.568727156441521053e-04
4.552216158200950158e-04
4.544119418619096962e-04
4.529944844353095412e-04
4.513866762160256840e-04
4.510140601005907524e-04
4.500382684296533320e-04
4.480654682896267893e-04
4.481148327890316363e-04
4.471669194656691104e-04
4.456327985838115513e-04
4.449031047357998592e-04
4.439837548030345360e-04
4.428774199909391029e-04
4.429496435478796901e-04
4.416646124231482506e-04
4.401985793380247536e-04
4.395141036330485473e-04
4.386447768693346738e-04
4.372126154776889706e-04
4.357934736771984507e-04
4.353298552293993762e-04
4.343073529795848930e-04
4.332940211140556830e-04
4.324757478857965687e-04
4.307388263552480723e-04
4.301234655413599395e-04
4.293299735932676331e-04
4.279951988594155043e-04
4.281276792195976011e-04
4.273532144163649793e-04
4.260443317067041935e-04
4.251059262773693170e-04
4.247120541789883852e-04
4.237873627397359400e-04
4.225159325652039222e-04
4.221380417983588984e-04
4.208843000734763251e-04
4.199912325391907952e-04
4.192799751298048605e-04
4.182274240620842409e-04
4.173564978373900392e-04
4.168371205199028484e-04
4.158076167134761025e-04
4.149573157571917470e-04
4.137738213430552925e-04
4.127693247963082346e-04
4.116042715162360199e-04
4.114566742452752113e-04
4.108082564697190797e-04
4.096650280138447453e-04
4.088629129062604228e-04
4.079018205058182467e-04
4.067836359078758068e-04
4.056742558847803437e-04
4.053905671070889838e-04
4.044580555120913523e-04
4.040191802169856850e-04
4.032607108853392130e-04
4.023472238937619849e-04
4.012805079022796484e-04
4.011798166900504281e-04
4.002847317474411692e-04
3.995548812926741356e-04
3.985149046245861637e-04
3.976400089164833229e-04
3.967716913434171655e-04
3.960659323421211742e-04
3.956763843028510141e-04
3.948250502253947136e-04
3.938257018872293180e-04
3.937562346126854962e-04
3.929213495634797937e-04
3.922452054567204804e-04
3.915739966995068766e-04
3.910591840377286577e-04
3.902461706146165277e-04
3.895894479389871989e-04
3.889374498770026278e-04
3.881407832557470794e-04
3.872009980964985498e-04
3.862679017861136987e-04
3.863756984423538654e-04
3.857465756947897617e-04
3.849751702810488840e-04
3.843553765416063417e-04
3.835942298655858895e-04
3.829835668463787979e-04
3.820877936878686043e-04
3.816307440789312722e-04
3.810331688566814812e-04
3.802965167413185910e-04
3.799929909014121421e-04
3.792649171927564566e-04
3.786835192227944180e-04
3.781060629269583639e-04
3.773917430544559970e-04
3.768225247314238580e-04
3.758376649786177026e-04
3.752774516997958720e-04
3.745820847326220004e-04
3.734760571152684339e-04
3.729292287184271526e-04
3.725235230321310986e-04
3.719834254963250153e-04
3.713102580023830424e-04
3.710499856836302346e-04
3.703842441403759622e-04
3.695875446327046010e-04
3.687960017473290719e-04
3.684127900749900597e-04
3.677640907978341200e-04
3.675201895762814086e-04
3.670116070007001241e-04
3.666389597564434499e-04
3.661364038033965151e-04
3.653733163374306425e-04
3.650093638064566548e-04
3.643856465924411037e-04
3.636352237184059533e-04
3.631499068306176525e-04
3.627974160083646815e-04
3.619295178235171218e-04
3.614539893090351619e-04
3.604669944503313683e-04
3.598706875833912466e-04
3.591502275581415216e-04
3.584341740087981787e-04
3.578495187578911718e-04
3.572684176292584279e-04
3.565645760697511157e-04
3.561167488971561657e-04
3.560481243599644685e-04
3.552291634813520282e-04
3.547893569189608520e-04
3.541034205933046852e-04
3.535455747712967778e-04
3.531146791870554136e-04
3.525630594785889027e-04
3.523834246356438715e-04
3.515921031660429463e-04
3.506832335800624811e-04
3.505106710259553449e-04
3.502176378549770597e-04
3.494418136427979160e-04
3.487912595431241769e-04
3.483853129558067696e-04
3.478616296073433478e-04
3.471014930084004302e-04
3.467038776408526424e-04
3.463085343614613620e-04
3.457967356272073634e-04
3.450511030788916411e-04
3.446638017071124160e-04
3.440432842504725919e-04
3.433088920921090192e-04
3.429297483260318469e-04
3.424360155831196462e-04
3.425269761823945824e-04
3.418049903331221717e-04
3.412027559201169513e-04
3.407192777836187680e-04
3.405837737094352669e-04
3.398750967662789169e-04
3.390558450867275919e-04
3.386977021993531345e-04
3.384553594150963018e-04
3.377602059251583189e-04
3.369556061007528136e-04
3.368328721783664381e-04
3.363729647608837414e-04
3.356909190756762751e-04
3.351245471574504364e-04
3.352314515677468076e-04
3.350035605985957066e-04
3.341102201537549110e-04
3.333324468116072303e-04
3.330008850536136933e-04
3.330017645470084720e-04
3.321231342420516430e-04
3.313587771262838100e-04
3.312545986293158329e-04
3.310418908164247664e-04
3.301775539339135701e-04
3.298602520995785881e-04
3.295445985837530678e-04
3.297703028412313220e-04
3.289181853992351190e-04
3.288221765738730262e-04
3.285124374117209811e-04
3.280974493231891831e-04
3.274714557444935448e-04
3.269549482449729538e-04
3.270771999706878486e-04
3.268815730589624824e-04
3.260540268696376920e-04
3.253358787815574527e-04
3.250411627820914973e-04
3.250619973322599332e-04
3.242473076528751275e-04
3.237491906265266284e-04
3.236691845313055538e-04
3.234859283106350514e-04
3.226832356928999168e-04
3.219876518449626968e-04
3.218099049934475264e-04
3.215304067387680931e-04
3.207404076834841078e-04
3.202606529551232928e-04
3.198851184512130352e-04
3.202227962030290698e-04
3.194436672106226727e-04
3.187694528245521575e-04
3.186029412330926291e-04
3.183365901684998001e-04
3.177703186270086633e-04
3.170064495049418340e-04
3.169456827813443844e-04
3.166858452481602360e-04
3.161289193434335676e-04
3.153762332330223295e-04
3.151219751648115519e-04
3.146714502243741496e-04
3.149125730988466820e-04
3.141698565194694925e-04
3.135286740503506753e-04
3.132817372091256658e-04
3.131335367676235659e-04
3.124019180654746819e-04
3.119650847742960753e-04
3.118209802593918667e-04
3.117742186200533894e-04
3.110525207133951753e-04
3.104303839174538115e-04
3.100991318739088065e-04
3.100567584903568541e-04
3.095367518293479225e-04
3.088284313641775913e-04
3.087892493383037618e-04
3.083705959679439168e-04
3.086167228421587971e-04
3.079169132673698073e-04
3.075030750306628757e-04
3.072792160744575174e-04
3.071502091218647479e-04
3.064599854851746130e-04
3.058662798204880851e-04
3.055548719822220871e-04
3.055238715949926132e-04
3.048434190578153125e-04
3.042585831279087660e-04
3.039535019448424968e-04
3.037419533704899255e-04
3.032554012029620161e-04
3.025874392356686648e-04
3.023802878057701982e-04
3.019912967993920727e-04
3.020598787873973734e-04
3.014003608441118143e-04
3.008344934601614451e-04
3.007239839273589954e-04
3.010658689779066588e-04
3.004142126680486857e-04
2.997653712785708358e-04
2.995683198910581435e-04
2.991929049600272617e-04
2.992661675260965826e-04
2.986253419895723571e-04
2.982543484599531336e-04
2.982403022576685103e-04
2.981376635374510808e-04
2.975046762135058476e-04
2.969626476783393532e-04
2.968633611014626084e-04
2.968523976358550254e-04
2.964028847663169319e-04
2.957801909391766237e-04
2.954221619360930529e-04
2.952399681133699438e-04
2.953194948072668247e-04
2.947042471448668710e-04
2.941781825807621154e-04
2.939136364099870224e-04
2.939089843100872734e-04
2.936460875082314015e-04
2.930406329071100213e-04
2.930378058174920586e-04
2.926927596963724287e-04
2.927760393906797542e-04
2.921773166109919995e-04
2.916660714281371636e-04
2.914114906677200967e-04
2.912426329702566541e-04
2.908209111126824897e-04
2.902322060082951349e-04
2.902351038983341791e-04
2.900699796943018161e-04
2.899893561554012233e-04
2.894070493843492464e-04
2.889105766648858431e-04
2.886660893289261232e-04
2.885057448286931781e-04
2.880970356629874995e-04
2.875242792766963262e-04
2.870364675194858606e-04
2.872106523858497518e-04
2.874664938064541708e-04
2.868994998712903755e-04
2.865808006929371210e-04
2.863452134619637324e-04
2.860288509225761278e-04
2.859583445034563631e-04
2.853998332043305997e-04
2.849247207432625828e-04
2.848567739449914260e-04
2.850318089964165580e-04
2.844794228442359962e-04
2.839291735749205348e-04
2.837832359361136536e-04
2.836378606824452309e-04
2.835731726154311350e-04
2.830288873417186046e-04
2.827261505857492363e-04
2.825042399463295606e-04
2.825217254634471153e-04
2.821423197263694949e-04
2.816059285059013817e-04
2.811506366502125598e-04
2.813283813201394867e-04
2.812691595380778509e-04
2.807384640161614264e-04
2.802097673401116040e-04
2.800746615099214409e-04
2.799400626486148180e-04
2.798839952229126293e-04
2.793608485484322390e-04
2.789173900777930371e-04
2.788635402846129097e-04
2.784226547255519435e-04
2.786791366491681021e-04
2.781630651322863912e-04
2.777259191734104959e-04
2.776747644307187013e-04
2.777005321639713920e-04
2.774964261731960313e-04
2.771401642705784152e-04
2.768615197864254807e-04
2.768885858192016158e-04
2.766874512970252109e-04
2.761834677911800817e-04
2.758328318205327534e-04
2.757103284095341333e-04
2.755882688582345086e-04
2.750899184642274786e-04
2.747437880700198676e-04
2.744739799248885337e-04
2.744299620502932413e-04
2.741616861230700142e-04
2.739690430700325585e-04
2.736280137879409935e-04
2.733626070910155637e-04
2.733209625844501556e-04
2.730570467550097469e-04
2.727200602999357848e-04
2.723842688261146616e-04
2.721234121709770193e-04
2.719370931585918250e-04
2.719718895266010072e-04
2.716397799804870505e-04
2.713088377728767320e-04
2.709059574745320553e-04
2.708693446503984692e-04
2.710513909364442586e-04
2.705783526888716484e-04
2.702521424211845602e-04
2.698546031515980381e-04
2.700371469264717383e-04
2.700024205631590402e-04
2.695352891596003442e-04
2.692136973896364083e-04
2.689650535084020522e-04
2.688606961670503281e-04
2.688282895295657227e-04
2.683671783352270523e-04
2.680503401012723774e-04
2.680907098182305770e-04
2.681309417572885767e-04
2.679580897955446961e-04
2.675023795374875668e-04
2.671896991733868632e-04
2.669487000893366879e-04
2.669905239875702829e-04
2.668210583002261771e-04
2.663711078675634614e-04
2.660629639836542548e-04
2.659659395550517669e-04
2.660090615070609399e-04
2.657030725294329265e-04
2.652587537536610363e-04
2.649550390337040984e-04
2.648606696779021163e-04
2.649052719270184042e-04
2.648805123825204166e-04
2.644412419500752343e-04
2.641413949149851170e-04
2.639114095147054861e-04
2.638196966691097600e-04
2.636596425193982185e-04
2.632259925075264295e-04
2.629306027469302531e-04
2.629777109684761083e-04
2.628882767803375486e-04
2.625948868309191386e-04
2.621665108825388391e-04
2.618752521089118268e-04
2.616526910826644237e-04
2.617014149892127328e-04
2.616824500053238634e-04
2.612590163079131500e-04
2.609715762499076330e-04
2.606178592217400780e-04
2.606007612427629905e-04
2.602487777378925671e-04
2.598310436160433667e-04
2.595481951737366177e-04
2.591995852829209745e-04
2.590517693507321528e-04
2.589708788350575386e-04
2.585585054868666521e-04
2.582799285486270247e-04
2.579360985167367115e-04
2.577914562189032033e-04
2.579769124851361006e-04
2.577010146962155357e-04
2.574259872419049078e-04
2.570862093154990813e-04
2.570750674885380338e-04
2.569985499764892989e-04
2.567263478742698446e-04
2.564549977288888005e-04
2.562495996107083673e-04
2.562398498560658489e-04
2.560354267366060643e-04
2.558964397725294049e-04
2.556284850551704402e-04
2.552321624365860853e-04
2.550305649678397124e-04
2.549583900691432259e-04
2.549507382452464999e-04
2.545579025859390221e-04
2.541662756461171568e-04
2.539678638484588191e-04
2.541534956740643114e-04
2.540195191113869821e-04
2.536311106577371355e-04
2.532438881798215746e-04
2.529213624153092699e-04
2.527900769252744428e-04
2.531024522226532625e-04
2.528448363525170883e-04
2.524617386970851030e-04
2.521428358890909216e-04
2.521395989779628977e-04
2.520735262825091194e-04
2.519449016901154081e-04
2.515660377483686094e-04
2.512508739963281723e-04
2.509991239384723460e-04
2.510600034028587224e-04
2.508092912663906215e-04
2.505593275267115061e-04
2.501859162691855154e-04
2.498756202246321667e-04
2.498758050346605586e-04
2.500614489684416242e-04
2.499379013287950091e-04
2.495681712531838681e-04
2.493841712684907730e-04
2.491392588866714330e-04
2.490791618864895973e-04
2.489579672219910389e-04
2.487147596008099093e-04
2.485333599222261380e-04
2.482914861525742367e-04
2.481112357051173944e-04
2.479923386960736220e-04
2.476308343608013551e-04
2.472703824348554402e-04
2.470926641107984434e-04
2.469759356855949495e-04
2.470407047710510007e-04
2.469243894039907516e-04
2.465675627681129800e-04
2.463921408485114650e-04
2.463973394800922367e-04
2.461027634004797626e-04
2.462280945026706913e-04
2.458748265822541246e-04
2.455225708881680902e-04
2.454693674730501485e-04
2.452972686214638376e-04
2.451850995901505570e-04
2.448358335707945255e-04
2.444875611894159473e-04
2.443178347770469383e-04
2.443258945682147409e-04
2.442749136787047970e-04
2.440472738640675487e-04
2.437025748127097380e-04
2.435351525132412043e-04
2.434268871919498256e-04
2.434947348856630889e-04
2.433868304467234900e-04
2.430454749280108739e-04
2.427050755808846105e-04
2.425404533242525584e-04
2.424344844906278773e-04
2.423869236792830506e-04
2.420493379102772735e-04
2.417126911776756870e-04
2.415505904387049707e-04
2.414467293847810669e-04
2.414008660170663401e-04
2.415280200135372368e-04
2.411944182423297889e-04
2.408617367451182378e-04
2.405873637439936985e-04
2.404856847896541527e-04
2.403270508286592388e-04
2.401116962348348594e-04
2.397827765552307255e-04
2.396257551833536059e-04
2.394122412366916919e-04
2.392561538074045036e-04
2.391572581824374932e-04
2.388318746066320220e-04
2.385073752187716334e-04
2.383533627032807800e-04
2.382562263843479577e-04
2.385540299175703538e-04
2.382316600491041214e-04
2.379101602682787142e-04
2.377579904427051805e-04
2.376623091123464260e-04
2.377348955140135001e-04
2.377513587186463884e-04
2.374326575994567534e-04
2.371148097549680145e-04
2.369649238422311122e-04
2.369823271177740054e-04
2.368330175501476287e-04
2.368505501329498664e-04
2.365355897152865428e-04
2.362214658434558245e-04
2.360739574601700141e-04
2.362027776479369567e-04
2.362761424863357718e-04
2.360741047035819218e-04
2.357626617058572460e-04
2.356167295340938495e-04
2.355260058800878742e-04
2.353807682204667184e-04
2.353999535391060327e-04
2.352006528625327775e-04
2.348927990087346096e-04
2.347491484748498447e-04
2.345514779502622105e-04
2.344086470082995532e-04
2.344289482282269077e-04
2.342324652406801988e-04
2.339282676289133889e-04
2.336789014103501927e-04
2.337000426947399845e-04
2.336672268161699151e-04
2.333653315712835852e-04
2.330642154045325931e-04
2.329249575696856756e-04
2.327324332046798450e-04
2.328081840465012764e-04
2.327232784851140934e-04
2.324249156964441898e-04
2.321273169543225379e-04
2.319903256709776596e-04
2.320133264966661724e-04
2.319831224654733681e-04
2.317937599238817370e-04
2.316048792134761669e-04
2.313105913051560769e-04
2.310699267276949964e-04
2.309883003878687724e-04
2.312760785472822711e-04
2.310890462420833735e-04
2.309024862355291141e-04
2.306113107068963330e-04
2.306882065206128374e-04
2.306600872161723714e-04
2.305796935710147100e-04
2.302903844127734967e-04
2.300018003340287276e-04
2.297660870659856691e-04
2.295830463516779218e-04
2.296605538928409018e-04
2.295820079956656379e-04
2.292961029938533901e-04
2.290109091922509776e-04
2.287781837096714010e-04
2.288045134684058013e-04
2.287791464876953729e-04
2.289085450726258131e-04
2.286255929632718953e-04
2.283433394948408690e-04
2.281131589210172450e-04
2.281401131185301079e-04
2.280132496689513122e-04
2.279378854149194389e-04
2.276582073717225985e-04
2.273792148139441860e-04
2.271519047491732390e-04
2.271798363638055651e-04
2.272585747665756273e-04
2.269814305079220773e-04
2.267049613839111633e-04
2.264291649293759257e-04
2.263059218627350155e-04
2.262335442045904088e-04
2.264138669634263579e-04
2.261397585046620584e-04
2.258663129395543923e-04
2.255935278669962685e-04
2.255727073875446465e-04
2.255017363314015810e-04
2.255813570904430243e-04
2.253102259856532008e-04
2.250397458517516824e-04
2.249197942597869204e-04
2.247502298358128314e-04
2.248302733187379499e-04
2.246612210218823513e-04
2.244925722012791613e-04
2.242250009250046361e-04
2.240076698311610492e-04
2.239394879798017879e-04
2.240199239567364220e-04
2.239518893301373215e-04
2.236865438121626859e-04
2.234218263261755766e-04
2.233054886059404609e-04
2.231402324169018403e-04
2.231227714645789284e-04
2.229581197857877228e-04
2.227938555326436365e-04
2.225320534287589247e-04
2.224175793204830054e-04
2.223522207635830750e-04
2.223358052166890531e-04
2.223681609603844755e-04
2.223030892076482967e-04
2.220436926753110995e-04
2.219305882682209852e-04
2.217692412427862969e-04
2.217536181048918031e-04
2.216896379781951865e-04
2.215291320188106372e-04
2.212724357582573909e-04
2.210645589498794195e-04
2.210016712849149911e-04
2.209870427291038553e-04
2.208282727718668959e-04
2.206698686537944543e-04
2.204159335419397792e-04
2.203062601804917087e-04
2.202446763310550448e-04
2.203265821819067050e-04
2.202651161390123402e-04
2.200130968514346641e-04
2.197616536028235146e-04
2.196534783220349674e-04
2.194980393359358128e-04
2.193904107052890851e-04
2.193304292650855025e-04
2.191758872936711011e-04
2.189271067762066370e-04
2.186788903829062214e-04
2.187615491505423559e-04
2.186083499777224937e-04
2.185967398027621744e-04
2.185381280548903682e-04
2.182917493863123504e-04
2.180459256211908503e-04
2.179412621536036543e-04
2.179772831585602422e-04
2.179664594344210560e-04
2.178155256128688766e-04
2.175716115256909333e-04
2.173282431063849884e-04
2.171319734060594975e-04
2.170756505732451824e-04
2.168801000862474737e-04
2.168241831901895900e-04
2.165829997186619060e-04
2.163423522110186070e-04
2.162409734617620760e-04
2.161860130848458628e-04
2.160850320102880584e-04
2.161225485252937784e-04
2.158837393521628734e-04
2.156454573438715272e-04
2.154536397019068961e-04
2.154916863029987528e-04
2.154838113378465536e-04
2.155217411725640630e-04
2.152851643378306257e-04
2.150491063039883244e-04
2.149504765021348351e-04
2.148064754079748173e-04
2.148904755184810611e-04
2.149288046492947579e-04
2.147852983036824259e-04
2.145513276488320020e-04
2.143632052603872129e-04
2.142207816405727883e-04
2.141691485560148767e-04
2.141628190462929737e-04
2.139307902495057867e-04
2.136992636730117301e-04
2.134682376914720514e-04
2.133726997392837443e-04
2.133223157150532234e-04
2.133169396634770898e-04
2.134461283306021695e-04
2.132166166114723982e-04
2.129875979359763249e-04
2.128037773896918061e-04
2.127543271548681947e-04
2.126603718748121263e-04
2.127003072633359970e-04
2.124730635965910164e-04
2.122463049670508806e-04
2.120644505341218178e-04
2.120161036365253437e-04
2.121008381820999045e-04
2.121411135501682921e-04
2.119159109157942034e-04
2.116911859059156242e-04
2.114669370059385489e-04
2.114636210223674873e-04
2.113281768785779668e-04
2.113250144302747380e-04
2.111900022576385094e-04
2.109674629753310882e-04
2.107453921961210952e-04
2.106552288899388170e-04
2.106090224585355219e-04
2.106066345410606555e-04
2.106479273338013325e-04
2.104273538268974786e-04
2.102072417629052836e-04
2.101182060741113578e-04
2.101598362882761695e-04
2.100710357193225075e-04
2.100258228810436556e-04
2.098939890083084681e-04
2.096758042171575909e-04
2.094580725580108549e-04
2.093704605387325390e-04
2.093262079424229594e-04
2.095839790273168468e-04
2.093672429810122804e-04
2.091509547317293993e-04
2.089351128971850269e-04
2.088485819398688825e-04
2.088051402534263357e-04
2.087189210636941628e-04
2.088469932982339738e-04
2.086325715601466957e-04
2.084185896552015471e-04
2.083331198735327572e-04
2.082051775400273197e-04
2.082905163951487282e-04
2.083331205221250482e-04
2.081205359276139255e-04
2.079083847330298607e-04
2.076966656159862090e-04
2.076125388783822689e-04
2.075709272555681384e-04
2.075717012715028176e-04
2.075302154776470509e-04
2.073199520541413321e-04
2.071101142598064104e-04
2.069428308597853761e-04
2.069021479055854762e-04
2.069876821422511615e-04
2.069470359956915306e-04
2.067386303352680699e-04
2.065306439980596487e-04
2.063230757203549093e-04
2.062414261266576343e-04
2.062853163209699137e-04
2.062038681911737559e-04
2.062477081234415088e-04
2.060414606227523038e-04
