# game: kuhn_poker 
# players: 2 
# hidden_layers_sizes: (64,) 
# replay_buffer_capacity: 200000 
# num_train_episodes: 100000 
# epsilon_start: 0.06 
# epsilon_end: 0.001 
# reservoir_buffer_capacity: 2000000 
# anticipatory_param: 0.1 
# eval_every: 1000 
# batch_size: 128 
# rl_learning_rate: 0.01 
# sl_learning_rate: 0.01 
# min_buffer_size_to_learn: 1000 
# learn_every: 64 
# optimizer_str: sgd 
# 
5.194795591254274258e-01
5.194795591254274258e-01
5.194795591254274258e-01
5.194795591254274258e-01
5.194795591254274258e-01
5.194795591254274258e-01
5.194795591254274258e-01
5.194795591254274258e-01
5.194795591254274258e-01
5.194795591254274258e-01
4.495970413252072806e-01
3.507939338824663800e-01
3.401160132928270352e-01
3.362844906145884827e-01
3.328016593566999193e-01
3.296079556213803996e-01
3.261851322331354996e-01
3.215957523290446929e-01
3.171225652049985411e-01
3.131533365377507927e-01
3.083949927406374192e-01
3.031855139676141730e-01
2.984486089506372952e-01
2.935304263317705109e-01
2.892396355972978172e-01
2.842054511862844857e-01
2.794317793132206074e-01
2.784621461281467925e-01
2.768017927096044772e-01
2.744727088909000301e-01
2.713818274109059958e-01
2.690463971992905767e-01
2.665062364216609359e-01
2.629173114620356744e-01
2.590506991819001015e-01
2.570894798181678209e-01
2.532437922108007888e-01
2.486624081580481593e-01
2.438642632078034111e-01
2.400901944424078116e-01
2.362298070026560559e-01
2.316926467650941568e-01
2.294410827161153799e-01
2.261844421658611437e-01
2.238987137171488395e-01
2.222786326803078139e-01
2.208558182867692565e-01
2.173968406540435772e-01
2.152440971487865062e-01
2.118873215567008972e-01
2.103513048148477893e-01
2.091406577137930323e-01
2.086947702763489454e-01
2.058681338627530999e-01
2.037466001587064368e-01
2.050757696905415040e-01
2.030108036519524539e-01
2.006953520512483602e-01
2.007576521823353777e-01
1.977735444582431612e-01
1.968854830102360343e-01
1.971094405151266049e-01
1.973211662832723146e-01
1.971341250528124422e-01
1.971861136595048081e-01
1.976378462717491014e-01
1.980914846067536039e-01
1.999048827836611142e-01
1.997866614606991220e-01
2.009516041507980744e-01
2.018855553664944125e-01
2.024332585073422563e-01
2.031417580930351685e-01
2.030004781768576239e-01
2.034339546588574688e-01
2.037183288519053281e-01
2.033265876239672698e-01
2.026412739753941372e-01
2.009770601739563345e-01
2.005565646842622229e-01
2.003274585304861688e-01
2.008963386922235084e-01
2.002077598431207806e-01
1.981377891878673414e-01
1.969459453728321374e-01
1.961515342891056723e-01
1.953967686017001604e-01
1.933621138777905923e-01
1.930126137929900343e-01
1.919405368067921003e-01
1.916193634079173536e-01
1.906154111251766592e-01
1.891458048063588693e-01
1.875183344383439810e-01
1.847091079409927672e-01
1.838262077167541753e-01
1.825407188569179995e-01
1.802327856043820786e-01
1.760447159844172882e-01
1.746705255996436612e-01
1.743647897709847128e-01
