# game: leduc_poker 
# eval_every: 1 
# num_iterations: 1000 
# num_players: 2 
# bootstrap: False 
# truncate_negative: False 
# buffer_size: -1 
# num_hidden_layers: 2 
# num_hidden_units: 75 
# num_hidden_factors: 0 
# use_skip_connections: True 
# num_epochs: 200 
# batch_size: 5000 
# step_size: 0.01 
# 
2.166757804171346002e+00
2.128417632197079357e+00
1.751566750953628127e+00
1.469582063317468545e+00
1.226022251169759603e+00
1.032666144134819053e+00
8.914291640648706050e-01
7.805173048762490406e-01
7.053018554872494406e-01
6.472965818322373721e-01
5.978470721475812599e-01
5.497480951332079924e-01
5.149618515512497385e-01
4.849470303845149766e-01
4.598058666214916435e-01
4.364383407262107939e-01
4.163580450497030849e-01
3.949101332610356896e-01
3.789523725845479474e-01
3.613389740429160391e-01
3.456393142108512007e-01
3.338599829517818751e-01
3.198384091133462670e-01
3.057305261268980501e-01
2.939529461692061418e-01
2.827490043846644929e-01
2.717008399217455961e-01
2.619000033892827650e-01
2.533181893451774691e-01
2.461640109223404704e-01
2.389223991749908349e-01
2.311201916131949141e-01
2.253780688450337522e-01
2.196911533352459145e-01
2.129545384067871860e-01
2.059650908384820511e-01
2.006846603449625455e-01
1.972792691314753100e-01
1.934050886911952150e-01
1.906261124833045217e-01
1.876340071788101249e-01
1.825549778851028870e-01
1.763287998539181112e-01
1.710369781830103908e-01
1.663749175279239378e-01
1.629345508954819777e-01
1.602035258343337265e-01
1.590711036087612829e-01
1.587121521290436044e-01
1.588564975986674621e-01
1.582569028381324572e-01
1.570964133927119366e-01
1.546905934550428796e-01
1.521787227321880764e-01
1.499849077726190805e-01
1.473964254275396402e-01
1.448854842005831700e-01
1.412996301336684468e-01
1.381001570098228659e-01
1.350211780831233332e-01
1.323176598709737140e-01
1.297553247036377644e-01
1.281148837654577655e-01
1.271838483228615591e-01
1.260649904904187490e-01
1.237326137987315583e-01
1.205861461968674303e-01
1.178897464487351637e-01
1.159529026384520656e-01
1.153562688550775206e-01
1.149009346619327965e-01
1.141650816296337634e-01
1.140492348243451054e-01
1.127936894506628429e-01
1.124508960377597344e-01
1.113813703491327994e-01
1.108106158088125320e-01
1.106767762550219525e-01
1.102494302305991047e-01
1.096611786437092090e-01
1.087149615760745480e-01
1.077476725518434209e-01
1.067500928575443458e-01
1.064304389178788723e-01
1.055555915671398393e-01
1.034451791636164103e-01
1.016768742134250003e-01
1.002662253705428191e-01
9.849654908150540233e-02
9.708476014917337416e-02
9.576328460661821806e-02
9.452633572432539433e-02
9.265380791837948826e-02
9.087223797551036153e-02
8.932402769616237803e-02
8.828581097878039630e-02
8.762837375594817457e-02
8.709685348899114110e-02
8.633048870142522035e-02
8.560750138501087292e-02
8.524087905121759123e-02
8.502705672239742329e-02
8.481519969554096594e-02
8.458944361474295126e-02
8.410587427573901209e-02
8.379826205255139215e-02
8.291874741854297903e-02
8.211213539130550465e-02
8.156793931364414441e-02
8.056776842255110316e-02
7.910437349945374785e-02
7.820529165822091844e-02
7.776590396158623852e-02
7.739022451200743002e-02
7.724841765222348333e-02
7.684392807721227014e-02
7.584802143284979925e-02
7.510916953068266788e-02
7.479079724363628390e-02
7.439705477968495961e-02
7.420672265775851706e-02
7.390965666379561982e-02
7.379874455830921776e-02
7.365008230197098160e-02
7.344424202933340362e-02
7.301274374503456677e-02
7.263178518435961517e-02
7.207492648706963212e-02
7.120760102347978293e-02
6.991788443084000215e-02
6.851118759143656756e-02
6.813387563031672589e-02
6.769256001303854131e-02
6.720252543719100469e-02
6.691666999794869397e-02
6.669999280713864720e-02
6.623526131455292898e-02
6.560735298121420089e-02
6.435173226014001546e-02
6.296174171908004713e-02
6.199305896212516098e-02
6.143322317408267397e-02
6.131865194499448724e-02
6.118486053789200241e-02
6.074207091087445443e-02
6.072050931412682762e-02
6.076988904012928239e-02
6.075291129939613954e-02
6.093694740633484597e-02
6.096078757794362590e-02
6.094317051158043563e-02
6.110684241769823166e-02
6.157140103010395882e-02
6.174957944388144437e-02
6.148008584125029541e-02
6.124008781730921891e-02
6.097816965773915354e-02
6.047392245050567383e-02
5.991807176774471833e-02
5.948032884213939886e-02
5.882580201346145066e-02
5.804265529457007522e-02
5.719017570107799708e-02
5.598057922162480438e-02
5.479387867184300209e-02
5.423235917886209956e-02
5.400770829600805290e-02
5.372657871251393380e-02
5.355886051206157350e-02
5.322953459378952645e-02
5.271483129041754090e-02
5.206751537634683735e-02
5.241788515732051512e-02
5.293894612603075589e-02
5.347153173015276040e-02
5.369849333730151997e-02
5.334750920316685963e-02
5.297687033894626918e-02
5.293560623609910865e-02
5.290559797343299953e-02
5.276020804125380881e-02
5.249552284512486178e-02
5.237345073388081917e-02
5.223055631221033834e-02
5.201358508406739301e-02
5.185305748246180069e-02
5.178391022209598293e-02
5.188549131845573981e-02
5.213046518118144568e-02
5.226676485495762581e-02
5.247242896509021759e-02
5.246232061493624754e-02
5.241066188025579609e-02
5.221055317663694795e-02
5.166622358439443286e-02
5.103905061698445211e-02
5.059112931354485532e-02
5.023299119445943928e-02
5.005599295025288387e-02
5.004965500103809861e-02
4.997868942908896550e-02
4.986152676494695624e-02
4.966207922492155147e-02
4.950310302117486017e-02
4.936081283850075885e-02
4.928755727402492348e-02
4.889267630650877272e-02
4.836458842851341922e-02
4.796143686155990293e-02
4.746736963095493644e-02
4.697836626942883398e-02
4.659854707061247825e-02
4.614633997802762566e-02
4.566942858688739781e-02
4.527105561042438220e-02
4.520981248126243468e-02
4.522521126430088800e-02
4.497390524091671171e-02
4.453532895611322928e-02
4.418647656681667923e-02
4.389928350809470248e-02
4.384012692503959363e-02
4.385250204856959433e-02
4.382902554519366167e-02
4.384158862309245341e-02
4.373207376449467221e-02
4.358780997646401201e-02
4.349989373089166445e-02
4.362880023491194637e-02
4.372508728667508227e-02
4.376136574747270525e-02
4.357685756136518707e-02
4.330692454743943764e-02
4.317267388182609300e-02
4.305251818647319595e-02
4.301170546229020342e-02
4.303946478439024670e-02
4.324474060033342560e-02
4.327831353454422714e-02
4.320613265233845535e-02
4.291308338505972486e-02
4.272694603957334636e-02
4.243407976113458546e-02
4.202388887729489875e-02
4.145615861560883464e-02
4.082897106889983585e-02
4.040027862806253034e-02
4.012260811003202920e-02
3.976490149904586546e-02
3.937959507615050592e-02
3.911525224325372585e-02
3.874507757783390849e-02
3.841661325490039469e-02
3.840418289624911163e-02
3.829324851964620302e-02
3.814247247992826051e-02
3.795854850233865152e-02
3.800164376691220203e-02
3.817983588012792417e-02
3.833946736705232117e-02
3.862512969616173353e-02
3.878940914833642339e-02
3.880069972652587518e-02
3.871237019931712819e-02
3.843847331130723077e-02
3.804413492307189004e-02
3.772112875241313834e-02
3.765558035298101347e-02
3.745313477223310983e-02
3.727958479224970090e-02
3.707050901220147743e-02
3.686768208004451153e-02
3.676453774588757384e-02
3.667535288734544152e-02
3.660334883383903337e-02
3.672776534181054764e-02
3.696752191529152631e-02
3.728342572481754824e-02
3.761229668100267431e-02
3.791360327712858802e-02
3.815835198910569326e-02
3.847316254598358298e-02
3.873658816222001755e-02
3.884861471260991905e-02
3.882956279037388936e-02
3.871024223217699178e-02
3.850185526356156296e-02
3.815351340008045489e-02
3.775804905125361433e-02
3.728160953190753912e-02
3.713520562727672114e-02
3.707498754658748730e-02
3.717353315288757232e-02
3.705411455041175695e-02
3.699021858153339615e-02
3.695389850396646469e-02
3.687964081770545022e-02
3.673840529620177320e-02
3.657929931844450255e-02
3.658675185276463737e-02
3.641420815068621697e-02
3.643130212751621855e-02
3.675665933540500641e-02
3.699555559909747937e-02
3.703208841634629545e-02
3.689216083983579142e-02
3.663110849200953978e-02
3.621046073463950188e-02
3.572666829821771750e-02
3.517679837177223323e-02
3.468707887356840824e-02
3.425805304971128729e-02
3.394674982390062656e-02
3.364315623392427623e-02
3.344114665618799775e-02
3.318721519923539809e-02
3.294003948338668220e-02
3.286806684846681204e-02
3.317800526852407450e-02
3.358396257178186683e-02
3.400196949479289410e-02
3.420592112083417624e-02
3.425824099649624199e-02
3.402791520763620570e-02
3.380125643751516473e-02
3.360896494673783208e-02
3.336874559834822340e-02
3.324812440427110660e-02
3.317276535321406206e-02
3.307614849333281870e-02
3.297647726601835028e-02
3.277831107061586480e-02
3.256059621993538655e-02
3.233656587911862279e-02
3.211026075121883872e-02
3.180028941726693870e-02
3.154568413766538348e-02
3.142907796132918263e-02
3.146806197768153845e-02
3.143586762915545618e-02
3.144060883445130850e-02
3.149207240808078734e-02
3.164407083398904086e-02
3.183832688254450982e-02
3.189596426055398004e-02
3.197549885315327522e-02
3.196766993643219978e-02
3.191723307318926339e-02
3.186928015303375911e-02
3.184009321466205189e-02
3.170353380948809363e-02
3.155264198652080188e-02
3.145491049171240949e-02
3.137896683009808174e-02
3.133625959113585380e-02
3.127078103113875573e-02
3.114516965411752436e-02
3.110585869923539193e-02
3.101357176489616396e-02
3.102374701283977521e-02
3.104523205268469588e-02
3.104621574205342072e-02
3.100466683518157684e-02
3.093364515683942606e-02
3.088867351722474064e-02
3.082793102712810818e-02
3.073919109439843256e-02
3.058540686036397005e-02
3.040972567133631843e-02
3.036301363389408425e-02
3.035176531184219373e-02
3.028328029057344994e-02
3.026261880157597728e-02
3.017499986917691890e-02
3.012970638987974570e-02
3.008455031766182897e-02
2.999906382347730660e-02
2.989252704060882393e-02
2.978079961103262396e-02
2.959741625384482155e-02
2.951515580333304023e-02
2.933730573480888837e-02
2.910961682860153943e-02
2.888358603827030635e-02
2.862897183635729204e-02
2.834342144122356522e-02
2.822685965562390931e-02
2.816905204090561221e-02
2.821720533852538348e-02
2.837138884735918021e-02
2.851089028386211144e-02
2.875382420148528406e-02
2.885929086141734989e-02
2.894493161268214820e-02
2.905228504696066860e-02
2.908561903768973333e-02
2.912299861348204011e-02
2.919710076780175634e-02
2.915639786001515688e-02
2.912762119783958437e-02
2.903542042064814754e-02
2.892757388267233609e-02
2.887141276897643716e-02
2.875152529846820848e-02
2.860012667555460186e-02
2.838489060088354721e-02
2.813400772895816027e-02
2.786953404944397805e-02
2.761845674505593318e-02
2.741842496711985322e-02
2.729886859357129325e-02
2.722787946517414570e-02
2.727043956907929112e-02
2.731395729317985521e-02
2.732015365668054308e-02
2.733162499644600785e-02
2.728925086915306997e-02
2.734429076421836247e-02
2.732687076388828906e-02
2.727828225857274747e-02
2.716257359753924960e-02
2.703024256417432825e-02
2.680010656291888227e-02
2.661618342909727319e-02
2.660584986540892594e-02
2.660772784255201195e-02
2.656939936151329895e-02
2.649878419569809407e-02
2.641004546738885683e-02
2.633994140361965719e-02
2.637832672741456663e-02
2.646220032151455626e-02
2.659769659124083807e-02
2.677436151800936803e-02
2.692156522795542684e-02
2.703044052219524818e-02
2.710842185238344915e-02
2.728970744131893611e-02
2.745611797996735937e-02
2.754642433085169317e-02
2.753458439715746053e-02
2.732599517005177003e-02
2.704852347158311077e-02
2.667630979912970213e-02
2.636504990779051094e-02
2.623271328488571696e-02
2.612516751975720031e-02
2.621470214241942986e-02
2.624644183030096223e-02
2.635257147983338655e-02
2.646005971771475673e-02
2.656507720546062712e-02
2.667453414113940546e-02
2.681526157610794603e-02
2.696150620414664023e-02
2.702896913116786815e-02
2.704382457168751086e-02
2.701576410633101111e-02
2.684891160243009500e-02
2.649577981915983427e-02
2.610819639300741846e-02
2.569689647218958983e-02
2.540847905599723233e-02
2.514340793283711961e-02
2.484825481960217797e-02
2.460895263939096023e-02
2.451853160949064858e-02
2.446329435989369472e-02
2.440522247424230240e-02
2.429231807098750084e-02
2.420748470773545491e-02
2.421954779010547509e-02
2.424967812683326285e-02
2.427566270598954801e-02
2.431309264563778771e-02
2.434184474881606608e-02
2.444695420525991314e-02
2.459801749387971470e-02
2.472645491969864551e-02
2.480621148262379672e-02
2.487128842081470781e-02
2.484323241170899310e-02
2.477386781477416977e-02
2.459383367078912808e-02
2.439864241138726964e-02
2.416591196248457640e-02
2.391985192363518808e-02
2.363896447691006542e-02
2.346343279410946503e-02
2.329184571697176520e-02
2.318428239020060844e-02
2.309127879621930557e-02
2.303413919332533699e-02
2.300725272408860045e-02
2.304637075139812086e-02
2.320955644509797855e-02
2.343046832672385227e-02
2.358473947234275558e-02
2.372401308362299954e-02
2.384352761495504847e-02
2.382612995053851046e-02
2.372220627417553906e-02
2.354994857976705491e-02
2.339404013704970975e-02
2.320802945224681446e-02
2.300208087087514397e-02
2.289800556833963829e-02
2.280552505823993381e-02
2.273383507155721239e-02
2.264531773307752738e-02
2.257805531021367385e-02
2.261046952443282465e-02
2.264792385618419335e-02
2.279123904562894987e-02
2.290489467491364783e-02
2.293469228479533273e-02
2.296412015187715427e-02
2.301017310617335665e-02
2.300491769946406972e-02
2.297681151220945517e-02
2.294543956506336913e-02
2.300009295688790201e-02
2.304424553484224480e-02
2.305058274445111188e-02
2.305136459748742539e-02
2.308113837515669842e-02
2.306902414275094348e-02
2.308124616544483809e-02
2.307039362688358131e-02
2.300225445593932078e-02
2.290685515245847320e-02
2.284191236767239841e-02
2.272881022253686600e-02
2.262566516885604340e-02
2.258346072353990819e-02
2.259208860106926009e-02
2.259035279156696580e-02
2.258945977869106225e-02
2.250962283848215173e-02
2.242365944168080161e-02
2.239743726124725220e-02
2.240340346420761908e-02
2.235373247688968168e-02
2.225456394140526428e-02
2.209752172779816393e-02
2.192852659971863960e-02
2.178135269175619781e-02
2.163698035658329077e-02
2.154177909056274876e-02
2.143803316897591182e-02
2.133036314233732744e-02
2.136558968014112825e-02
2.133004711784637630e-02
2.135206436072009661e-02
2.140287577966042132e-02
2.144618479558198232e-02
2.144312762958090757e-02
2.142824689049113718e-02
2.145723805575566745e-02
2.140671584148315376e-02
2.136142153660233745e-02
2.139999199947349717e-02
2.149470004437546711e-02
2.155070922833683678e-02
2.152416365487087868e-02
2.148412571626558132e-02
2.143460520676110370e-02
2.136711324079797192e-02
2.128441642947732915e-02
2.120534065315973771e-02
2.109612063786822644e-02
2.091862450538471696e-02
2.071253631184874489e-02
2.054318574997500424e-02
2.038959179338128980e-02
2.024887748094855722e-02
2.018102656323622623e-02
2.014139072835519073e-02
2.015616173098593034e-02
2.024502991858515011e-02
2.035736868497195484e-02
2.046750210348288745e-02
2.057774582006746678e-02
2.072231849069670895e-02
2.083956886043716872e-02
2.097000532611746626e-02
2.110862821221999586e-02
2.121430250718253641e-02
2.129825134664065089e-02
2.135873809133681522e-02
2.142079587102128924e-02
2.149599115913723713e-02
2.156022166163251708e-02
2.158696274462242048e-02
2.160714539820157709e-02
2.157734342869103983e-02
2.153506427467799522e-02
2.149007761608003053e-02
2.142950203170589096e-02
2.136243989307917701e-02
2.127108853331684257e-02
2.119895114758559018e-02
2.114078415207833184e-02
2.111434651770108251e-02
2.108933363048334786e-02
2.094493443954804912e-02
2.088038934008282221e-02
2.083731126087542962e-02
2.079096980674711992e-02
2.072187010950474195e-02
2.058600866693960363e-02
2.042650152712102707e-02
2.022641146940687418e-02
2.008386648970754418e-02
1.992827710616462689e-02
1.976184770520189593e-02
1.965136233449911451e-02
1.956816576791135798e-02
1.951292604520990515e-02
1.946736060614900898e-02
1.945471421405962908e-02
1.948754378254936859e-02
1.956841009961031441e-02
1.967962213645314817e-02
1.983740761258734331e-02
1.997481836542008837e-02
2.009507046151494392e-02
2.021700355117608816e-02
2.025401111883351479e-02
2.021854330541877909e-02
2.013732315373759074e-02
2.003710810630063288e-02
1.986942693352206080e-02
1.968922409994430800e-02
1.956349886644251357e-02
1.950964865356594191e-02
1.951631337103085229e-02
1.947202099795622421e-02
1.954843378246903796e-02
1.952950024018902664e-02
1.950718400628796700e-02
1.949826780199499787e-02
1.948325350488389063e-02
1.948482279819971352e-02
1.943689959575371773e-02
1.935256496578525998e-02
1.927294469107540542e-02
1.930347968261898750e-02
1.932608836014410719e-02
1.932029552277063356e-02
1.929685157654774386e-02
1.922383626955855018e-02
1.913918816861880090e-02
1.902599019409594028e-02
1.890338430196307484e-02
1.884787052973709021e-02
1.879633498621162413e-02
1.878564812961258657e-02
1.872905217032001801e-02
1.863457105755778054e-02
1.853200677552677145e-02
1.840120228737569807e-02
1.839386467764179967e-02
1.842738114269713845e-02
1.846576453862068534e-02
1.848015105756127541e-02
1.848854355934567706e-02
1.853097020692338892e-02
1.856503633436945577e-02
1.853379831119349175e-02
1.846311700089448005e-02
1.837313438960140599e-02
1.833947666560958867e-02
1.826270185920843281e-02
1.823945971974871849e-02
1.816479107861948550e-02
1.815491616245937245e-02
1.813447381382873869e-02
1.810205289133093309e-02
1.817893431420715411e-02
1.821188175034187118e-02
1.824726352491652659e-02
1.831673031611104341e-02
1.837217151892482636e-02
1.840942785964141959e-02
1.849153972798681100e-02
1.848445930820244443e-02
1.844916985201586201e-02
1.837511846739534049e-02
1.831642638826290470e-02
1.823940895765688297e-02
1.811267585812513514e-02
1.802204436700895196e-02
1.797026207990924662e-02
1.790620191742894884e-02
1.794162962011495999e-02
1.796198011461347388e-02
1.792333023663626734e-02
1.786446315481915459e-02
1.781535260221918382e-02
1.778042118679819261e-02
1.775698297834601980e-02
1.772409713574159273e-02
1.771482274232401288e-02
1.770123169198156710e-02
1.777654453020055536e-02
1.789018196902472657e-02
1.805570103594981990e-02
1.812653691813895240e-02
1.823779323332586078e-02
1.831263320244291837e-02
1.834474791886725464e-02
1.835420751110423965e-02
1.832472120477486588e-02
1.830445162100508005e-02
1.829475159102408877e-02
1.830037689682274815e-02
1.828046274817943240e-02
1.823712426769108497e-02
1.819904563453897395e-02
1.817114584664472621e-02
1.814387263788082294e-02
1.807196691295293034e-02
1.802500837622796059e-02
1.800518300888645506e-02
1.795261490845842522e-02
1.792988647934574964e-02
1.788496764813272966e-02
1.788088492638294225e-02
1.791776182870233325e-02
1.793907703937580589e-02
1.792477378601374516e-02
1.787447090120315718e-02
1.781674592640254684e-02
1.778041736622941460e-02
1.773558148003361035e-02
1.772681463867702145e-02
1.770511241455122176e-02
1.773025021762650311e-02
1.776795404821364388e-02
1.781401485389602635e-02
1.791602673387067413e-02
1.800624851324716946e-02
1.812448220072750138e-02
1.827042129632341916e-02
1.841066322892148666e-02
1.856833069040780826e-02
1.871445005978535081e-02
1.880333576970405485e-02
1.883860450515328910e-02
1.880681785155573910e-02
1.874222626858364216e-02
1.860530922497699580e-02
1.856127991702330449e-02
1.847039897944782044e-02
1.838267490226860867e-02
1.826194286909336995e-02
1.813966387902663652e-02
1.804454855075870306e-02
1.793795654749605339e-02
1.785190590069429817e-02
1.777987400816048724e-02
1.770842024177771146e-02
1.764089390053508177e-02
1.763668637105701709e-02
1.763708804461369684e-02
1.765947017260000029e-02
1.772790230369615527e-02
1.785770374743564370e-02
1.796639464502111649e-02
1.800907828867651106e-02
1.803347182460944553e-02
1.802683715707695256e-02
1.799400028340748803e-02
1.794654199732176325e-02
1.784816892218467344e-02
1.772634399199488064e-02
1.759062279547415897e-02
1.738700391753526808e-02
1.720400497033780507e-02
1.702311051483591797e-02
1.686797046734336836e-02
1.674579084419264285e-02
1.663045896817944014e-02
1.655560533203821738e-02
1.658591507616564986e-02
1.665507796165835441e-02
1.672858764343286564e-02
1.683274065023328270e-02
1.692132036673635320e-02
1.699833188456040256e-02
1.707066988931824070e-02
1.711176965048451237e-02
1.717984914677496422e-02
1.722906250107500425e-02
1.724961391480801798e-02
1.721476775540285720e-02
1.712127479071633152e-02
1.703381840434613215e-02
1.698387680468860239e-02
1.691133456716549521e-02
1.684230547680261314e-02
1.675883854659396266e-02
1.666699157757528527e-02
1.657311182799081628e-02
1.650031040589566844e-02
1.654015244659610973e-02
1.656375990998318337e-02
1.660150565686913104e-02
1.666534883462461591e-02
1.672686980069724993e-02
1.678635978879076951e-02
1.685097067310739605e-02
1.690079665271698728e-02
1.697020074634122966e-02
1.705682693323973265e-02
1.713680694602948140e-02
1.719286178148134170e-02
1.722987473328804753e-02
1.724582228431358055e-02
1.726411406979308505e-02
1.726602190144259363e-02
1.723602550089450847e-02
1.718709719670023783e-02
1.711830568567813959e-02
1.709690167757789425e-02
1.712382046251492707e-02
1.713168264580013089e-02
1.714661420967852901e-02
1.710812781406832739e-02
1.705087509471989171e-02
1.695575589172652886e-02
1.677881282566304200e-02
1.654481692550024974e-02
1.630234693974759452e-02
1.613683951920920345e-02
1.604359191090917736e-02
1.599017217737760954e-02
1.592977868244584150e-02
1.588422323193279528e-02
1.580476209875157634e-02
1.574703568036545098e-02
1.571482274022259484e-02
1.565716250041476743e-02
1.560006458654195072e-02
1.554888434747851711e-02
1.549478821240386772e-02
1.545942058366508998e-02
1.541282379827545179e-02
1.539787089137599485e-02
1.544625928280293770e-02
1.548464473243124639e-02
1.554082193511363563e-02
1.560496054762344764e-02
1.565879941531694852e-02
1.572038828176862413e-02
1.577732141426520240e-02
1.581125071299981089e-02
1.585580435183613079e-02
1.593278049442717337e-02
1.605815454213485594e-02
1.621428373333944073e-02
1.637967845012873458e-02
1.652872705868191350e-02
1.660514303985392848e-02
1.664202659952518371e-02
1.658477770141549013e-02
1.647905741006917835e-02
1.636687427617618262e-02
1.620793762301549201e-02
1.614953473557147190e-02
1.604891744127302788e-02
1.596202414703264127e-02
1.590196407568827963e-02
1.582045164799392167e-02
1.582090658220346169e-02
1.575881940092160871e-02
1.569208953917759775e-02
1.560117136951789940e-02
1.555105904673814710e-02
1.547617072873495869e-02
1.544560067838027240e-02
1.541749285766706723e-02
1.542574735397306274e-02
1.542359955141721362e-02
1.544090007260841280e-02
1.547482872975562695e-02
1.549754289950006081e-02
1.555432288943638108e-02
1.565266027644819646e-02
1.578372292002271082e-02
1.587164278528731265e-02
1.594775704781664638e-02
1.602740748149200645e-02
1.615449917696099025e-02
1.629783997517952887e-02
1.640352160287460170e-02
1.651242600916838499e-02
1.657466324813455794e-02
1.662303684601790232e-02
1.659808285362478208e-02
1.655657561070238148e-02
1.653637819962307243e-02
1.649138859751776709e-02
1.645201529153959841e-02
1.639804196074651221e-02
1.635588634101708960e-02
1.635890011659203724e-02
1.635935447690961553e-02
1.632194744907936035e-02
1.629555531534718216e-02
1.625655791504505843e-02
1.621844788905638102e-02
1.613561175504032996e-02
1.606701064473887997e-02
1.596104612921071808e-02
1.586952836036570336e-02
1.577134623765226451e-02
1.569823331613202921e-02
1.564582622310967119e-02
1.559781855808377304e-02
1.562852877825966769e-02
1.567864135307454887e-02
1.571544695419790916e-02
1.574010012272901438e-02
1.582982699180797426e-02
1.587621237620653880e-02
1.591157980653140624e-02
1.592672816917532763e-02
1.590421325509061568e-02
1.587410318987667046e-02
1.584251289932755991e-02
1.576471022508016406e-02
1.567814230201279579e-02
1.560277174867062688e-02
1.555619616915136783e-02
1.550296791332160529e-02
1.544268402672648033e-02
1.540652777714404675e-02
1.535146964184420926e-02
1.530889344783079031e-02
1.530317805651641716e-02
1.531054331930067902e-02
1.535902649992919311e-02
1.536701087070135169e-02
1.536416438481887775e-02
1.538026375856778316e-02
1.545744061370167566e-02
1.551479300022569341e-02
1.552619531228463523e-02
1.549783650452431216e-02
1.544671031786239157e-02
1.535338157446133889e-02
1.520269732765704152e-02
1.500940940052487849e-02
1.484734905427170792e-02
1.469256664644451316e-02
1.450148388015085055e-02
1.439655304187968665e-02
1.435063913592110607e-02
1.438147521761004577e-02
1.441949336391519509e-02
1.446568690728652906e-02
1.453356595079650926e-02
1.462165980498600359e-02
1.472330790993063576e-02
1.485316042076029186e-02
1.496605012111042188e-02
1.505720598391915160e-02
1.516046465767798002e-02
1.526073483299687783e-02
1.537131104075264987e-02
1.544115584511841083e-02
1.548893123481233369e-02
1.549380003497794617e-02
1.546822683061827020e-02
1.543621244312678303e-02
1.549102276920256982e-02
1.554126751985126370e-02
1.558113199011822159e-02
1.559313982021949541e-02
1.553104940374262777e-02
1.542951615829224465e-02
1.533908491748207925e-02
1.528058632479792345e-02
1.527748328958260238e-02
1.527996919345978727e-02
1.536020003023037817e-02
1.546138019202948632e-02
1.555957857985361403e-02
1.562563238412899291e-02
1.565134902587845406e-02
1.566413855794852872e-02
1.565186179185676374e-02
1.558511875140076997e-02
1.549935765590161607e-02
1.539934502170738073e-02
1.529566959403939885e-02
1.521352843737073385e-02
1.510845192153121436e-02
