# game: kuhn_poker 
# eval_every: 1 
# num_iterations: 500 
# num_traversals: 500 
# policy_network_layers: (12, 24, 12, 12) 
# advantage_network_layers: (12, 24, 12, 12) 
# learning_rate: 0.01 
# batch_size_advantage: 2048 
# batch_size_strategy: 2048 
# memory_capacity: 1000000.0 
# 
9.287621394141619691e-01
9.319903015580568439e-01
9.555905988678089491e-01
9.923634529305567220e-01
1.045102852234089941e+00
1.113059945348969793e+00
1.192153344493597444e+00
1.285573303308037429e+00
1.375387975606101820e+00
1.434070094935655293e+00
1.453992827193545168e+00
1.450353389832269357e+00
1.431100121586573737e+00
1.413074975457520255e+00
1.402536881857536333e+00
1.407200470822869365e+00
1.433231206880650976e+00
1.474040623006976247e+00
1.525433565974998462e+00
1.579807254881949508e+00
1.630205400857972053e+00
1.667890717675568624e+00
1.687414233450889700e+00
1.688981834329618570e+00
1.675986059290919261e+00
1.661432931411022995e+00
1.647545839773182141e+00
1.641131391762115532e+00
1.641172898575305572e+00
1.643527835134890314e+00
1.642255363131367218e+00
1.638933153068740767e+00
1.642186476216647595e+00
1.652445960493161836e+00
1.666457647779920670e+00
1.677839785851804821e+00
1.678331810404293467e+00
1.669205579018820274e+00
1.663746045710401633e+00
1.665953928350463631e+00
1.671336903471638102e+00
1.667670459292160956e+00
1.656896798709164731e+00
1.645575794647472723e+00
1.644947739487517602e+00
1.650507745811417237e+00
1.655210453651812630e+00
1.645654089247619023e+00
1.637528701431771871e+00
1.641332971270053065e+00
1.652138502417412669e+00
1.661375435781865972e+00
1.653679638231673410e+00
1.647740488260386105e+00
1.656091926480044663e+00
1.662958319772324334e+00
1.660309219759236843e+00
1.649838242962663459e+00
1.645490960935010349e+00
1.646734688502499599e+00
1.646926135405403002e+00
1.634821863544857479e+00
1.636913007227935424e+00
1.650596450007608240e+00
1.655913677897389080e+00
1.633479577935308846e+00
1.627798758448036454e+00
1.644572477294877988e+00
1.633320420730098421e+00
1.631572492503497118e+00
1.647464621824267006e+00
1.668016028572402831e+00
1.644616147533533690e+00
1.620162840631799828e+00
1.633195073387638363e+00
1.655404953088115860e+00
1.646255985085411488e+00
1.645257179547191528e+00
1.654519466954515794e+00
1.657371242112984477e+00
1.637719952802910051e+00
1.640757601455248960e+00
1.656901177539413794e+00
1.642061777111299081e+00
1.628659856351481583e+00
1.631860380013550271e+00
1.647388423018128378e+00
1.643685757641990541e+00
1.630940086285665558e+00
1.652207785717801247e+00
1.646220629673670111e+00
1.623886801434631710e+00
1.650703777848841813e+00
1.659437041781873123e+00
1.621816340875916751e+00
1.622693117142971708e+00
1.642820994062877960e+00
1.636351711633255324e+00
1.630565023747469811e+00
1.639791343460523798e+00
1.647472688080526382e+00
1.639746340745955155e+00
1.637514458556176722e+00
1.650274961328533907e+00
1.643816649572855226e+00
1.625251417399404152e+00
1.644234547597039242e+00
1.645567814289182529e+00
1.633262108352683928e+00
1.645682304090365422e+00
1.657654949838362812e+00
1.627282580989538818e+00
1.630717622641554732e+00
1.651923346772933066e+00
1.638405821647164862e+00
1.620489375634380114e+00
1.647754358929886198e+00
1.644064813272478887e+00
1.626330036780824662e+00
1.637647192826719333e+00
1.650374649358882895e+00
1.630288546444333297e+00
1.640625765811475567e+00
1.651484367297156197e+00
1.640903834351527424e+00
1.624893719765990285e+00
1.636081544286684064e+00
1.644591680163659309e+00
1.636548604102807225e+00
1.637812756783276313e+00
1.656422994437683371e+00
1.636123948486679414e+00
1.637082897037567264e+00
1.642132032056113466e+00
1.630507947246821576e+00
1.644585398751134520e+00
1.646844111534075727e+00
1.636348498559886622e+00
1.638143248026100229e+00
1.647470011750648000e+00
1.641081610215526787e+00
1.630814072935616199e+00
1.654221886932569108e+00
1.637260177867780886e+00
1.631752607004430367e+00
1.655898142655712668e+00
1.623293891166295744e+00
1.622952700154899564e+00
1.649519313511710994e+00
1.637676659438391358e+00
1.636893959116917818e+00
1.651940484553011235e+00
1.638511210945609253e+00
1.621733021755607185e+00
1.649961056866832365e+00
1.644563334900724705e+00
1.635760981926313917e+00
1.642535256410777578e+00
1.641777645203341907e+00
1.638462042281481956e+00
1.634620517746926627e+00
1.646558644862022192e+00
1.640644756446382413e+00
1.638666540663729965e+00
1.648001545977112459e+00
1.638508090761122249e+00
1.623672779954778322e+00
1.642211907521323955e+00
1.646074536119241705e+00
1.646750751633316412e+00
1.634449812270878155e+00
1.631283857952923855e+00
1.636392875775018796e+00
1.636251644045491505e+00
1.653804894447105767e+00
1.640914726476906615e+00
1.621626194425707101e+00
1.639624507950928844e+00
1.640893433914243138e+00
1.640879510972181210e+00
1.636470551817158281e+00
1.624012221675217305e+00
1.639951202821267717e+00
1.651768873453037134e+00
1.641497620111452393e+00
1.642278921289947791e+00
1.627539823365664606e+00
1.642687142597550665e+00
1.647663425122110725e+00
1.639804210660089412e+00
1.626683004381213271e+00
1.628418725532848388e+00
1.639033857890808576e+00
1.645400749271422658e+00
1.642098820924101865e+00
1.638845033234448412e+00
1.627103178473683132e+00
1.646384410603957349e+00
1.638346060054054476e+00
1.642870093990378200e+00
1.620733433639323096e+00
1.649946072714190137e+00
1.625965432085962226e+00
1.655274435795349053e+00
1.642483200404244004e+00
1.618021291610116652e+00
1.660846541553802957e+00
1.627490455141179071e+00
1.623325287457719757e+00
1.655428479346385373e+00
1.622988570762032401e+00
1.630732408450301207e+00
1.663518773701762488e+00
1.624205455525558284e+00
1.628038222204886809e+00
1.663161722593247349e+00
1.633667102897255141e+00
1.620252716327839071e+00
1.655047173287591322e+00
1.628011434454414541e+00
1.608943707783869970e+00
1.645155128551304857e+00
1.660584296490637435e+00
1.622942165180511154e+00
1.632512020510560991e+00
1.661446031280933600e+00
1.633400509056272654e+00
1.628852428800270591e+00
1.647894762192275486e+00
1.631714090266487283e+00
1.619897690992310402e+00
1.640755897703649158e+00
1.656818744864986259e+00
1.637060106897584744e+00
1.634618460366189741e+00
1.639462277651452471e+00
1.637393199033460922e+00
1.632743029690713943e+00
1.647987212382384659e+00
1.645886042500457114e+00
1.637035051676614561e+00
1.634804248266469306e+00
1.638190016687444572e+00
1.625412618710204926e+00
1.637185757199373093e+00
1.643815660825986846e+00
1.634203738750509505e+00
1.640009833646058013e+00
1.655218556964446641e+00
1.645144941889275847e+00
1.623040173702285927e+00
1.640459388100758531e+00
1.643738991713894926e+00
1.644489765022950412e+00
1.636594070654837196e+00
1.632528640938315734e+00
1.630713930024262570e+00
1.640896712899866605e+00
1.632216170577526215e+00
1.639244735849641588e+00
1.645810157662631390e+00
1.637477807658533013e+00
1.638127335046262845e+00
1.639645101346687728e+00
1.638588577814410918e+00
1.630354183170563465e+00
1.637093130494449156e+00
1.642953342904534653e+00
1.634349291923341774e+00
1.643387323373673325e+00
1.641968089099890227e+00
1.632707006592826415e+00
1.633057291162118396e+00
1.650021729911038904e+00
1.637815988160894909e+00
1.627302491811352558e+00
1.648702746705112077e+00
1.640027554029888535e+00
1.630504350435302285e+00
1.650796721648171150e+00
1.635058926202585639e+00
1.635578358788659870e+00
1.647356271860466181e+00
1.649491976366608270e+00
1.630441522431871126e+00
1.636186374768203056e+00
1.630927265304838336e+00
1.625884610221277171e+00
1.641460646978022631e+00
1.647246282813943807e+00
1.633795776216689477e+00
1.632804024851957525e+00
1.641456393909210165e+00
1.629342837843016145e+00
1.635955576652759591e+00
1.649004345052826226e+00
1.632124027942270406e+00
1.639099585542461046e+00
1.643271150417615845e+00
1.637132858121342238e+00
1.637598701500798004e+00
1.648218595470985370e+00
1.631883604688542766e+00
1.633083677631239627e+00
1.652213360876560788e+00
1.635727423950259496e+00
1.639123670072875960e+00
1.641903537988415707e+00
1.629832311559401337e+00
1.640209641623826320e+00
1.635558840536555980e+00
1.640154383393809923e+00
1.643075747230294370e+00
1.632214317941485859e+00
1.638967455985326893e+00
1.641005147692839561e+00
1.636512420546580415e+00
1.637565428852468363e+00
1.643249310926888418e+00
1.629096077711305046e+00
1.644295436600241800e+00
1.644688190235195524e+00
1.631963483086217526e+00
1.638772649013000127e+00
1.638500935751313392e+00
1.636914031149883986e+00
1.641036274066555611e+00
1.641461331976328042e+00
1.633374290173136956e+00
1.643890728492558795e+00
1.638581163836265064e+00
1.628585182533972997e+00
1.651083605198535142e+00
1.629541502012778142e+00
1.637802627603859307e+00
1.649351410108649718e+00
1.630052617692359096e+00
1.633577165528175446e+00
1.642969858242263825e+00
1.634886450154857673e+00
1.637936082862791354e+00
1.644462236313707137e+00
1.629804591928441404e+00
1.649740316708582455e+00
1.643373697912430265e+00
1.627236825702572220e+00
1.643890228953546639e+00
1.644076255265989106e+00
1.636072362134675107e+00
1.646950183606942009e+00
1.619056979060533807e+00
1.641246287853945773e+00
1.636452816156482415e+00
1.644873607406173832e+00
1.649658097794081568e+00
1.631830390176387313e+00
1.642332094671322240e+00
1.641727407735326327e+00
1.633084946883904820e+00
1.636750377504907705e+00
1.639366043095230374e+00
1.631465353506899252e+00
1.642385888510281777e+00
1.650824919899402943e+00
1.633555494259425034e+00
1.633769028011625268e+00
1.637523099867466359e+00
1.634397877276623223e+00
1.647513194024819327e+00
1.629956366178456850e+00
1.634092883301204724e+00
1.646555527450779266e+00
1.625653754944548668e+00
1.654017254634693845e+00
1.632220313476506535e+00
1.628735176294008102e+00
1.659153560701336350e+00
1.616176304042267420e+00
1.647717395289733933e+00
1.635244518618667264e+00
1.617504453058369096e+00
1.654846223115741699e+00
1.642717465231942953e+00
1.627301204396689460e+00
1.655967575246766632e+00
1.626446608841408237e+00
1.642717234200705922e+00
1.649519682466892512e+00
1.624697770517439466e+00
1.642276771352212172e+00
1.641801579451463766e+00
1.634452549219914008e+00
1.642106956908873094e+00
1.643466357424923974e+00
1.630471149165209965e+00
1.637298813101730310e+00
1.645503859854703599e+00
1.632297915440036551e+00
1.638614922451336442e+00
1.646880576172545574e+00
1.632531125400704219e+00
1.642687298944057517e+00
1.637200729100783292e+00
1.632450833854095507e+00
1.634376451274742070e+00
1.638517253681452068e+00
1.644017826743607857e+00
1.644589814024477681e+00
1.640743724191092046e+00
1.625928800594506729e+00
1.651645203445424315e+00
1.633262205701772052e+00
1.637371681081607466e+00
1.642789386061819235e+00
1.631944592313755438e+00
1.642031605074506517e+00
1.637513283780521078e+00
1.632068099889205204e+00
1.644341406324382859e+00
1.633561229577891627e+00
1.646858162271041870e+00
1.647932205006652495e+00
1.628523634868472847e+00
1.648942921741661127e+00
1.632764956295394532e+00
1.636414465078680935e+00
1.646500413056232848e+00
1.631846216649045278e+00
1.636812299468718201e+00
1.644321022214414230e+00
1.635281615010990564e+00
1.642628014365039579e+00
1.637388990088915808e+00
1.642911869219439103e+00
1.634897576381727280e+00
1.634028573914942273e+00
1.638942702435803866e+00
1.646023597879024525e+00
1.634804230883832421e+00
1.639438357321186812e+00
1.639232523883974002e+00
1.643403471213080058e+00
1.640396028633041681e+00
1.636429972846177749e+00
1.635180181503157471e+00
1.634184343922659544e+00
1.641510198714208002e+00
1.634230866071709531e+00
1.636194383880963388e+00
1.643203348748701886e+00
1.644233906631641817e+00
1.628593717188927092e+00
1.656062329596444727e+00
1.621801950735747289e+00
1.644161571334080918e+00
1.642516958497352908e+00
1.623592410310556122e+00
1.658124776247726917e+00
1.629491773405602473e+00
1.636419903034730394e+00
1.661259121951090378e+00
1.615721091615295535e+00
1.652088898868879996e+00
1.636881451322461434e+00
1.625273664864232304e+00
1.647990457959272792e+00
1.632625081840324288e+00
1.632491428716018822e+00
1.657535912948701284e+00
1.634024051134353783e+00
1.632907187059487786e+00
1.647348278872947880e+00
1.631185540898443920e+00
1.646072481062660131e+00
1.646829991183371256e+00
1.621328922754448731e+00
1.639523298660957140e+00
1.631752834327614865e+00
1.644297993424293169e+00
1.643982135090145791e+00
1.634492521590004577e+00
1.640124053945988924e+00
1.639906647090707104e+00
1.637940626057697635e+00
1.641154141407865197e+00
1.636739871972781701e+00
1.640907901865480412e+00
1.641561328495233285e+00
1.629420598096443573e+00
1.638489981960456365e+00
1.639123954583978193e+00
1.635245463232041674e+00
1.646557607856209193e+00
1.639308857750333859e+00
1.631491022623531739e+00
1.641216614415883512e+00
1.634568743422211812e+00
1.644371178016533763e+00
1.645945396131566874e+00
1.636508766971456641e+00
