# game: kuhn_poker 
# eval_every: 1 
# num_iterations: 500 
# num_traversals: 500 
# policy_network_layers: (16, 16) 
# advantage_network_layers: (16, 16) 
# learning_rate: 0.01 
# batch_size_advantage: 2048 
# batch_size_strategy: 2048 
# memory_capacity: 1000000.0 
# 
6.699937936891873225e-01
6.326469380207080384e-01
6.340168874672574839e-01
6.369783995759548123e-01
6.394599719491069756e-01
6.412501593106453290e-01
6.581993239920287397e-01
6.800637370948323657e-01
7.011721269605198925e-01
7.185439732752483266e-01
7.302566049667758019e-01
7.364495047462642496e-01
7.390090401419906474e-01
7.375612068431406376e-01
7.336466509681560666e-01
7.306291618612313910e-01
7.316023351931700835e-01
7.333201284303227929e-01
7.356033064427349721e-01
7.374048661771013258e-01
7.373157675479578010e-01
7.339054879619504312e-01
7.263671931053201636e-01
7.158278104750095405e-01
7.054863056782663122e-01
6.982011373320443637e-01
6.968502315104052602e-01
7.005015924365074476e-01
7.061686571269158996e-01
7.150994378560193709e-01
7.241168170533333059e-01
7.307939525191148311e-01
7.327089826964714447e-01
7.287519861956213152e-01
7.206001054851460808e-01
7.103285889509187712e-01
7.044004980281831640e-01
7.031153916843205787e-01
7.096932259481920635e-01
7.172274660795818768e-01
7.212307601740559626e-01
7.185038450916116926e-01
7.152952499997695668e-01
7.126277138662395760e-01
7.131740663148553594e-01
7.150612528432764847e-01
7.169695743990056602e-01
7.168003784209131535e-01
7.172299230173474482e-01
7.155736069316178671e-01
7.127179152113132243e-01
7.091625986309267882e-01
7.074591156629310706e-01
7.110897443085236747e-01
7.166683692945017281e-01
7.227040530997519419e-01
7.201422548247071731e-01
7.152739513827576223e-01
7.142887119294596410e-01
7.146559329482041756e-01
7.114080256604449204e-01
7.096557427285898889e-01
7.137099774748835168e-01
7.169889351003577715e-01
7.145495269257327031e-01
7.123453148726340833e-01
7.143623825745483158e-01
7.166459147599603119e-01
7.133932848410954319e-01
7.083168478434627158e-01
7.147206128998280228e-01
7.196915382568720432e-01
7.151337813769428342e-01
7.099622717044975495e-01
7.102646285780338520e-01
7.142875232723042700e-01
7.155173832024044334e-01
7.131799305911468156e-01
7.151347203042245360e-01
7.187309291855989990e-01
7.137212526014798941e-01
7.071846411503119878e-01
7.094836440144416390e-01
7.149937680956457431e-01
7.181923992531867862e-01
7.131609274626444783e-01
7.122542742107849101e-01
7.122278770608574394e-01
7.129965617716641502e-01
7.130703807681031403e-01
7.154310436773477777e-01
7.151047062897805118e-01
7.125684912026298834e-01
7.127806275024510807e-01
7.152406540555802383e-01
7.146340574503562415e-01
7.154444241066109100e-01
7.137037137204673698e-01
7.117392102892068362e-01
7.111184296997838938e-01
7.147582715647158302e-01
7.169506257946502981e-01
7.119592474619641509e-01
7.106734586092844363e-01
7.150577361009124999e-01
7.110174584311873547e-01
7.114851661164722785e-01
7.147899539624675835e-01
7.134274090514021172e-01
7.141378269126011924e-01
7.154529142622474414e-01
7.111516526455415876e-01
7.048895079508334938e-01
7.138967409389873620e-01
7.193802515567536693e-01
7.160794908340408771e-01
7.147443511810187555e-01
7.098450092928848543e-01
7.062755935090695436e-01
7.170924835339682613e-01
7.194629795954756712e-01
7.116632271941238930e-01
7.116180959698074071e-01
7.103753622758350872e-01
7.095763374886994157e-01
7.167161903765975062e-01
7.187426665751891486e-01
7.106771012519732533e-01
7.035564321100293839e-01
7.109331914857293100e-01
7.174913808460110509e-01
7.191180025454442237e-01
7.182028163081553007e-01
7.105619979416415433e-01
7.013526645737472309e-01
7.061876529128334745e-01
7.187701941004154271e-01
7.206579134437326450e-01
7.126420528222965345e-01
7.077054979319434835e-01
7.061707744612331084e-01
7.132341172481028169e-01
7.224954887589757346e-01
7.182059550698673966e-01
7.086787149152691256e-01
7.094476952304293871e-01
7.121195972327115653e-01
7.136394813650772662e-01
7.166239812006275356e-01
7.160133875847234375e-01
7.075496623619643710e-01
7.088188913531854318e-01
7.136438293966889113e-01
7.154214633219367903e-01
7.168033065745426091e-01
7.093955993772882440e-01
7.026945468642741277e-01
7.138863573637096449e-01
7.219594916687138708e-01
7.168807223803579376e-01
7.093682817798824258e-01
7.031843327716834624e-01
7.059606922570967891e-01
7.188053322327712102e-01
7.204451549237745889e-01
7.142059338044006722e-01
7.074018326105393495e-01
7.060751838691724513e-01
7.130347174194672233e-01
7.198320870390503279e-01
7.161989698007695804e-01
7.090818698595864333e-01
7.060090197731490047e-01
7.083042111150432696e-01
7.169882540486347544e-01
7.216165061417595394e-01
7.145746854866934505e-01
7.072772030574130397e-01
7.035760116043603407e-01
7.128327205786073595e-01
7.199609894961198631e-01
7.182870849579512385e-01
7.158932914982913953e-01
7.034440337247667152e-01
7.074539290079494558e-01
7.166469828769694850e-01
7.160289311695515746e-01
7.147142045946317523e-01
7.099438327797281678e-01
7.052226697635620711e-01
7.103058253890519591e-01
7.173017993596015884e-01
7.184134331246769811e-01
7.155543600059206533e-01
7.072160414980654952e-01
7.042664293664543385e-01
7.123577323658468741e-01
7.197825248075964133e-01
7.153605616904877840e-01
7.151875151564242028e-01
7.084939279309074855e-01
7.042120916988012791e-01
7.133604759039745558e-01
7.189351058096771219e-01
7.166591362070217075e-01
7.101096583509276527e-01
7.090644124508965751e-01
7.099328370749901085e-01
7.131461994986865172e-01
7.196652571454016378e-01
7.140889268778549681e-01
7.069432597774705229e-01
7.103065854003149937e-01
7.131708277322597045e-01
7.123268251405159290e-01
7.157541834485869892e-01
7.131706034420461915e-01
7.101940499358133652e-01
7.127408205727581159e-01
7.127314196260079449e-01
7.111778116045955889e-01
7.144470766910174797e-01
7.104274744385314921e-01
7.125141821570561973e-01
7.172868145997817191e-01
7.141912132658758683e-01
7.141063972859961195e-01
7.098983693120477501e-01
7.066046641899794700e-01
7.133109649366602412e-01
7.136951525496783022e-01
7.110897752069553768e-01
7.128133019326461373e-01
7.123975689455759319e-01
7.115861709859583328e-01
7.143526957434269686e-01
7.143837076910565242e-01
7.122922625334704438e-01
7.091356259981654864e-01
7.106561376287221510e-01
7.146614171377216884e-01
7.163411830952330916e-01
7.134260716059519503e-01
7.102226498203605409e-01
7.071066150670781703e-01
7.106942360975686546e-01
7.154225961730455996e-01
7.141605709948519731e-01
7.142932237502459536e-01
7.087164538126307090e-01
7.088185403624059910e-01
7.138921385541603382e-01
7.140972123259894389e-01
7.154944745486979674e-01
7.138542629092765601e-01
7.097081862024798848e-01
7.120055518139145612e-01
7.122699850911898833e-01
7.133659532408613835e-01
7.160967130657902580e-01
7.118674925434441692e-01
7.092553700771224712e-01
7.157789378708567796e-01
7.112180295081079739e-01
7.097684504485922696e-01
7.149992085670149322e-01
7.132041052825515148e-01
7.123527429191289784e-01
7.123157126154295860e-01
7.090870778767827121e-01
7.107668988385006381e-01
7.144278427937046372e-01
7.116876358372056233e-01
7.112797520781011240e-01
7.099992695712971091e-01
7.120707893058186855e-01
7.174184027971697297e-01
7.128304062160726318e-01
7.072388592139960961e-01
7.105589817061256364e-01
7.129709975208022854e-01
7.179042978625154170e-01
7.140169039575809951e-01
7.098997091792953462e-01
7.089818139224803861e-01
7.106412524570989708e-01
7.164973887967067689e-01
7.160483345709051095e-01
7.098504103355366412e-01
7.104151489611933989e-01
7.091724881977008454e-01
7.125252050888299937e-01
7.144267971555373631e-01
7.114388715930584084e-01
7.099880577972981222e-01
7.126379890505303294e-01
7.138203538967317074e-01
7.153584133517927324e-01
7.142511231421473372e-01
7.105211560488047251e-01
7.105049816088535586e-01
7.164097158184614678e-01
7.102179596246649407e-01
7.121494158631574978e-01
7.097307518475224342e-01
7.096403442446909127e-01
7.173304827704938269e-01
7.133758280601236734e-01
7.076593523611540704e-01
7.105584906645747711e-01
7.141402926542494978e-01
7.173964068352465251e-01
7.139492290007999342e-01
7.074800744987936874e-01
7.076834431071028497e-01
7.145698658378658585e-01
7.126771638556743671e-01
7.149933791263372029e-01
7.086641951436553066e-01
7.074757705142600273e-01
7.142845224454836828e-01
7.138537940418696603e-01
7.126112362767080821e-01
7.127646557371565272e-01
7.130886635536248797e-01
7.128324850171225968e-01
7.128441377364163056e-01
7.128964954025717171e-01
7.117123056024485805e-01
7.144968349429977605e-01
7.144027232723257903e-01
7.097156398166946101e-01
7.114211355625532640e-01
7.102461144987808339e-01
7.134917845606258968e-01
7.180543157371099827e-01
7.115610322835397294e-01
7.094666693926987566e-01
7.137239228450313888e-01
7.102090256077380204e-01
7.108169066996802288e-01
7.159910712123775944e-01
7.130788487885922899e-01
7.125439169377270066e-01
7.163163784171802106e-01
7.093948303559938218e-01
7.114074703643915587e-01
7.140840046710174027e-01
7.085020568570583599e-01
7.153403351703977453e-01
7.171900927072876186e-01
7.068102977956224331e-01
7.097165372626497160e-01
7.130320731477303164e-01
7.111571685089609351e-01
7.134085456577831108e-01
7.139517451692132255e-01
7.093013919887791729e-01
7.110073684872031397e-01
7.133526109987311514e-01
7.127527865944034424e-01
7.137635550104947102e-01
7.136640968788935391e-01
7.100512762095133601e-01
7.098681504701531697e-01
7.118355528287860778e-01
7.136640479358979938e-01
7.148399294877116894e-01
7.117566987842662840e-01
7.091299969549087479e-01
7.105399791522425401e-01
7.150627328537805250e-01
7.136251120207511844e-01
7.134750385719165200e-01
7.118262620200231927e-01
7.077286149958561534e-01
7.124689500865363234e-01
7.158296113893299895e-01
7.129215180525710904e-01
7.108355395952541400e-01
7.087892325640791080e-01
7.103644667838133753e-01
7.146573983685982068e-01
7.143671667749633691e-01
7.109206868767370402e-01
7.076964752350942689e-01
7.121324301369774679e-01
7.123283846549635090e-01
7.146803676907135250e-01
7.147037743577708824e-01
7.080419741123010757e-01
7.070745969764256067e-01
7.128995307298198192e-01
7.147790889548110149e-01
7.139064246507887956e-01
7.136296433724415023e-01
7.096555760839284854e-01
7.106013199393448332e-01
7.126552697166095296e-01
7.102682239311498558e-01
7.119443095191866355e-01
7.143832923970147020e-01
7.119895019538136083e-01
7.116740223186863723e-01
7.109448241488650622e-01
7.095801750725327928e-01
7.154614105978427396e-01
7.142612023351241346e-01
7.121611866090051812e-01
7.134957274623865420e-01
7.097094424355412379e-01
7.121565244892764657e-01
7.156011503928575435e-01
7.110933960525062103e-01
7.116867148159924383e-01
7.120360076206655453e-01
7.058805231166458416e-01
7.107326451152036206e-01
7.174307285793708466e-01
7.128726402596781142e-01
7.139540176695300389e-01
7.136445917545541917e-01
7.065181874828463382e-01
7.110947877615081403e-01
7.158121274857898175e-01
7.138584567553514226e-01
7.131720933699484677e-01
7.114945485967039129e-01
7.066211917695114364e-01
7.100721397428912951e-01
7.177741595948919917e-01
7.142635743491336786e-01
7.110844577631193486e-01
7.092185242038574478e-01
7.106123010418208263e-01
7.136886932514132642e-01
7.155392345682536348e-01
7.130037307167520488e-01
7.101951391295717730e-01
7.112182644118736352e-01
7.105776564123120753e-01
7.133417766996965614e-01
7.145076566836072729e-01
7.103782688448273541e-01
7.096488509635683339e-01
7.135351138010521677e-01
7.131856141601988774e-01
7.107160551780284941e-01
7.126112722876684069e-01
7.112400788115010863e-01
7.126974608616689633e-01
7.145493686178577830e-01
7.088915681195171459e-01
7.102194264726418016e-01
7.126773551596286005e-01
7.131306162702119034e-01
7.149916084564874597e-01
7.129934892807604507e-01
7.111524040546497449e-01
7.109459513096351158e-01
7.102297434768038986e-01
7.122407969877256884e-01
7.129511413935880615e-01
7.116729987188075146e-01
7.126812031472418152e-01
7.113552230140010035e-01
7.117955661235066955e-01
7.125707620114971608e-01
7.124360548233746870e-01
7.126344477993689086e-01
7.099168462946805480e-01
7.098127733873200729e-01
7.145483180644756072e-01
7.162838654434107166e-01
7.117377955828034786e-01
7.090309724191146135e-01
7.126738896521301880e-01
7.150780227854358628e-01
7.136947392956960456e-01
7.130941449923307029e-01
7.075094026021140348e-01
7.096822266192415185e-01
7.148695516288654517e-01
7.147582310135298655e-01
7.125894060289698073e-01
7.098789389909443415e-01
7.070883275427112258e-01
7.121797461368195581e-01
7.143058084273077313e-01
7.124844951239213131e-01
7.122192580319854915e-01
7.091962121880666103e-01
7.110963710659015113e-01
7.156664562670330687e-01
7.131618856669091899e-01
7.112436365961071205e-01
7.098001216633909038e-01
7.113411323210486747e-01
7.145644153809627142e-01
7.128795660278477442e-01
