# game: leduc_poker 
# eval_every: 10 
# num_iterations: 500 
# num_traversals: 100 
# policy_network_layers: (64, 64) 
# advantage_network_layers: (64, 64) 
# learning_rate: 0.01 
# batch_size_advantage: 1000.0 
# batch_size_strategy: 1000.0 
# memory_capacity: 10000000.0 
# 
3.114250966310013524e+00
2.871004636764637574e+00
2.848591132218345034e+00
2.919864310155608766e+00
3.123244868997285373e+00
3.336426300321288174e+00
3.712019421781305617e+00
4.274990424183920723e+00
4.982575108792486773e+00
5.380087006235151570e+00
5.394197575434386493e+00
5.512959702093398917e+00
5.354246069149684928e+00
5.092173636814173676e+00
4.789346685463617526e+00
4.953970402556635122e+00
5.201348177894355551e+00
5.144074467513508608e+00
5.057618852013080257e+00
5.300236961147438919e+00
5.382265318155369016e+00
5.219127241505218784e+00
5.308817798630667717e+00
5.187086318286235453e+00
5.237539558368901282e+00
5.304734616972289096e+00
5.460202005740836917e+00
5.526527707570210168e+00
5.459147225461174813e+00
5.849540973149094825e+00
5.585461487609852504e+00
5.417308344313284785e+00
5.523630021511309884e+00
5.472870813478783347e+00
5.497693801928781987e+00
5.807947571952013277e+00
5.389094873155974241e+00
5.744463733482506385e+00
5.534387114935284124e+00
5.308767021963939570e+00
5.799924858111043413e+00
6.108563373069390678e+00
5.638002720212353935e+00
5.784229680722916100e+00
5.734246450441924381e+00
5.605570527844120576e+00
5.709269138817618661e+00
5.636153880785274239e+00
5.634284512081826790e+00
5.846378405521412525e+00
5.379062874668388616e+00
