# game: kuhn_poker 
# eval_every: 1 
# num_iterations: 500 
# num_traversals: 200 
# policy_network_layers: (8, 8) 
# advantage_network_layers: (8, 8) 
# learning_rate: 0.001 
# batch_size_advantage: 2048 
# batch_size_strategy: 2048 
# memory_capacity: 1000000.0 
# 
9.298910512711504595e-01
9.269042604225277149e-01
9.239508446615567472e-01
9.210387566083255706e-01
9.181286419560708012e-01
9.153736564846550738e-01
9.125482398382811500e-01
9.097278461779118031e-01
9.067538716391444487e-01
9.038722278124069476e-01
9.011035699539415855e-01
8.983080697838445872e-01
8.955226665168494193e-01
8.927098776368471711e-01
8.898667945164950854e-01
8.869612183864424848e-01
8.841131574011514838e-01
8.813336020895675693e-01
8.785422536000093707e-01
8.757258323619000473e-01
8.729038482883275663e-01
8.700738403922885222e-01
8.672277414118072514e-01
8.643572267925084818e-01
8.614942356995711759e-01
8.586573800203275431e-01
8.558304935329918983e-01
8.529675926011530684e-01
8.501003611213635569e-01
8.472211520905685855e-01
8.443313483255017182e-01
8.414052180358759792e-01
8.385031472726980351e-01
8.355729699150220569e-01
8.326234167777342154e-01
8.296581132752788301e-01
8.267242149915579041e-01
8.238188907762311608e-01
8.208976823535020229e-01
8.179499354315917792e-01
8.149819770272777042e-01
8.119938292301329685e-01
8.090669274720352355e-01
8.061043637972179488e-01
8.030969732060498911e-01
7.999808755146518013e-01
7.967536201456719702e-01
7.934713910597301911e-01
7.901819153131276474e-01
7.868225798610558597e-01
7.834114990154483760e-01
7.799780854658160401e-01
7.765105033142819524e-01
7.729993761522742091e-01
7.694576144112614813e-01
7.658857508876253384e-01
7.623070406240280983e-01
7.587300952762425776e-01
7.551636055405932524e-01
7.515955462167078771e-01
7.480350486422144840e-01
7.445009101398787354e-01
7.411539519016154820e-01
7.379593208923728165e-01
7.347939601546468191e-01
7.315535475025281009e-01
7.282954569381676624e-01
7.251262551028162529e-01
7.219338466346155725e-01
7.184626254877682916e-01
7.148480884795134216e-01
7.112202681688701844e-01
7.078196480285783299e-01
7.046176135937074481e-01
7.015045111684659052e-01
6.984070603307048763e-01
6.952686275090773638e-01
6.920896619316987408e-01
6.889496901818481511e-01
6.858403945643749555e-01
6.827776993068799261e-01
6.798034161188006852e-01
6.766675909184407534e-01
6.736683236990685941e-01
6.711150940340049331e-01
6.684649314964373756e-01
6.668562166602154395e-01
6.657598322983041550e-01
6.646878334662406074e-01
6.636061710422074267e-01
6.625467318605358091e-01
6.615053379694775249e-01
6.604943869227539732e-01
6.594832192590023290e-01
6.584785556314479704e-01
6.574767068466047526e-01
6.564690221446629614e-01
6.554502242557269653e-01
6.544576977163633069e-01
6.535412027991518435e-01
6.525981202721020669e-01
6.516962553861785912e-01
6.508656288608068996e-01
6.500221215999122393e-01
6.490930025503324208e-01
6.482403796168352272e-01
6.473187862792151304e-01
6.464365914513408029e-01
6.455634982897788809e-01
6.447044919788507134e-01
6.438428327278459262e-01
6.430561744588363382e-01
6.423236151361081392e-01
6.416867790419715778e-01
6.410456278494955917e-01
6.404272875132910325e-01
6.397891618072613085e-01
6.391705303127329652e-01
6.385873731030047296e-01
6.380182240185917619e-01
6.375297556611574379e-01
6.370131593967317540e-01
6.364373267024364678e-01
6.360377197499093027e-01
6.357180189369699974e-01
6.354783278186254547e-01
6.351532265539104882e-01
6.348647356587218127e-01
6.346410018068771031e-01
6.344943434267699134e-01
6.343908405853508903e-01
6.343468008750214882e-01
6.342979416645901924e-01
6.343226867584391693e-01
6.345786861587301431e-01
6.348204452400909581e-01
6.351294541463867738e-01
6.354254350893407954e-01
6.357553337711072672e-01
6.360568078739491371e-01
6.361782047629640502e-01
6.362709828487977948e-01
6.363165338208065513e-01
6.362068178034422372e-01
6.360323105515566233e-01
6.357904317773271918e-01
6.354860508115524054e-01
6.352004657631855622e-01
6.348922908404474041e-01
6.345223669560319246e-01
6.339699060030983269e-01
6.333107176039242114e-01
6.325699945932843349e-01
6.318033465183187092e-01
6.311130323252817087e-01
6.305467203300150203e-01
6.299799348583382530e-01
6.293931610367861085e-01
6.288263581035971050e-01
6.282820424658674963e-01
6.278595738914692914e-01
6.274047421695791993e-01
6.268429351486973777e-01
6.263116723135628838e-01
6.258507167168733121e-01
6.254693975749070489e-01
6.250739644539510254e-01
6.247196416768936444e-01
6.244570742421438059e-01
6.241193531463911093e-01
6.237678577337609775e-01
6.233897697395636150e-01
6.228925258984003843e-01
6.222374235941705578e-01
6.217122911927610573e-01
6.213478060973305350e-01
6.209514055883327277e-01
6.205966648333887115e-01
6.202727261872560405e-01
6.199521680171252713e-01
6.197705885357843725e-01
6.196007976196042932e-01
6.194068706648172551e-01
6.192106485941871741e-01
6.190402831164018016e-01
6.188681942104767852e-01
6.187182969563435053e-01
6.186510740044783851e-01
6.186186425041100279e-01
6.185705530239493655e-01
6.185911444778380286e-01
6.185681303275230025e-01
6.186668966259589730e-01
6.187188960900369405e-01
6.187433391388761361e-01
6.188185983208687180e-01
6.188902761802579366e-01
6.190275648885187332e-01
6.191965162071891848e-01
6.193584175963791072e-01
6.195060535409635527e-01
6.196230584092952132e-01
6.197018607009794344e-01
6.197238964914614234e-01
6.196903117977153874e-01
6.194966224947578981e-01
6.193444276701571827e-01
6.194621270633318133e-01
6.197440152898688881e-01
6.199981792083918419e-01
6.202851471102460712e-01
6.206973844034888721e-01
6.211597694157565686e-01
6.215348445994264281e-01
6.218254618083378649e-01
6.221090287815660425e-01
6.224066585056738932e-01
6.227362814360822840e-01
6.231769081618800943e-01
6.236889426554036442e-01
6.241870704193694941e-01
6.246427647424939167e-01
6.250280544768096469e-01
6.251969870554425768e-01
6.254616852311303266e-01
6.256817613139991074e-01
6.258637219299431065e-01
6.260694905527539600e-01
6.261903502081364037e-01
6.262492938583232860e-01
6.263554857947766230e-01
6.263861320864387849e-01
6.263654896034436259e-01
6.263249469484433174e-01
6.261447312382706354e-01
6.260696081806833568e-01
6.259771460457483894e-01
6.258666479522025927e-01
6.258278597413348132e-01
6.257881147294636071e-01
6.256181644202714054e-01
6.253052132380952921e-01
6.248669151114989440e-01
6.244272393689133116e-01
6.239396873932396836e-01
6.235160330402589324e-01
6.231195707249697069e-01
6.228640149750701571e-01
6.227298772605953658e-01
6.226146831897869660e-01
6.225637452628576263e-01
6.223385596873240999e-01
6.222476167775904399e-01
6.222152822061606248e-01
6.222383566543407962e-01
6.220393683383307337e-01
6.219093585649054789e-01
6.218083675817041023e-01
6.217293086082990028e-01
6.215741697379901787e-01
6.215208671554539599e-01
6.215073488368978438e-01
6.214354778327719764e-01
6.214344739817496688e-01
6.214758341426240840e-01
6.215207115937433358e-01
6.215494880634562236e-01
6.215176471384734613e-01
6.216719976130091752e-01
6.219336535237440788e-01
6.221646970119145692e-01
6.222194713547649636e-01
6.225130274168100275e-01
6.229167768225475355e-01
6.233298082320718470e-01
6.235527330496796194e-01
6.239174737812048788e-01
6.241685771180955911e-01
6.244245524524500990e-01
6.247967872488261465e-01
6.252055697494758313e-01
6.255091180517449168e-01
6.259816847523521632e-01
6.264582851404922881e-01
6.268007990401531782e-01
6.271287299947363447e-01
6.273676636594289757e-01
6.277211274242699979e-01
6.280705748917996267e-01
6.284882731472953843e-01
6.288871593312838071e-01
6.292879602694556596e-01
6.297250365573268116e-01
6.301474178690775751e-01
6.305436414119093280e-01
6.309277055859527916e-01
6.313296547910682843e-01
6.316981764990238224e-01
6.321791967094528841e-01
6.326605916207415081e-01
6.331952082170886342e-01
6.336195355435501053e-01
6.339980896334289628e-01
6.343348292457615667e-01
6.346784753793859313e-01
6.350221459705502891e-01
6.354025449998912389e-01
6.357602739151513305e-01
6.361456606830212523e-01
6.365057090381840421e-01
6.368786360940290603e-01
6.373481676026012677e-01
6.376994226345901184e-01
6.379934362852895946e-01
6.382693240374388566e-01
6.386320727105150308e-01
6.389220237568693506e-01
6.392307867581101810e-01
6.396119430529880745e-01
6.398416063675993470e-01
6.400468241064724007e-01
6.404039360783857493e-01
6.405727810413988088e-01
6.407618491699061947e-01
6.410064410802789325e-01
6.413135797321312115e-01
6.417306372165043626e-01
6.421319938624431289e-01
6.423385481249510587e-01
6.425671517314237580e-01
6.427689898912435362e-01
6.427544522561473572e-01
6.428073535160123697e-01
6.429708606117174874e-01
6.430242088416954216e-01
6.431322924449096590e-01
6.433117331825496388e-01
6.435971374454281246e-01
6.436886176053264741e-01
6.438329699305942455e-01
6.440576590722375538e-01
6.443104981716549773e-01
6.446235454877251581e-01
6.449406549874399097e-01
6.450399375005374525e-01
6.451757912502995573e-01
6.453338029874245985e-01
6.454488493929558812e-01
6.454873193917878282e-01
6.455218754176719198e-01
6.455962720036326763e-01
6.458118069125015070e-01
6.460498728750860842e-01
6.461560617696880948e-01
6.461702853488862086e-01
6.462802518317569689e-01
6.464388648367409562e-01
6.466021462849638191e-01
6.466269381407969696e-01
6.467184329211802529e-01
6.468675395266723083e-01
6.470324273633685230e-01
6.472132148366918081e-01
6.472755479183636140e-01
6.473263210255632005e-01
6.472311292778005765e-01
6.470644631278776870e-01
6.468538802508747576e-01
6.466896052463459998e-01
6.465526265120805638e-01
6.463721872097731858e-01
6.462318091474492654e-01
6.461316313857188298e-01
6.459908114520873657e-01
6.458144995599098825e-01
6.457069313300305424e-01
6.456911019762799908e-01
6.458129105865013653e-01
6.459361101977241226e-01
6.460200663128039533e-01
6.460920364205731126e-01
6.461388237598412188e-01
6.461509987207630923e-01
6.461743824192260899e-01
6.461925747636783068e-01
6.462217550521635046e-01
6.462697105510940565e-01
6.463548274136305949e-01
6.463699250950247777e-01
6.463822561357066565e-01
6.464414151587323243e-01
6.464735328269470838e-01
6.464266900942265970e-01
6.464866655435892451e-01
6.465352498451423235e-01
6.465521606686509548e-01
6.466061268161126252e-01
6.465906398508166619e-01
6.466262930033076506e-01
6.466555048541487993e-01
6.466788852355784822e-01
6.467087200670655900e-01
6.467436923115406078e-01
6.467511440190587546e-01
6.467656791446330100e-01
6.467570007293181877e-01
6.468307584196283377e-01
6.468183277442335344e-01
6.468487229147532602e-01
6.467959845726796164e-01
6.467231511003694866e-01
6.466815964180343546e-01
6.467054036604300560e-01
6.467879528951030466e-01
6.468351322086589583e-01
6.468632181119037261e-01
6.469260381087477141e-01
6.470215327002003525e-01
6.470692034976615048e-01
6.471298044135738170e-01
6.471803263091585601e-01
6.472483548487033556e-01
6.473455448619540586e-01
6.474332274216143546e-01
6.474720622797284220e-01
6.474826284755692551e-01
6.474650167888902352e-01
6.475091345251108299e-01
6.475444236018808031e-01
6.476124650559786922e-01
6.476950642339169839e-01
6.477511758232287198e-01
6.477966594464776851e-01
6.478399813684000419e-01
6.478905672458863396e-01
6.478967538656568159e-01
6.478796189376918591e-01
6.478278574005684742e-01
6.477389817564077612e-01
6.476141955250451776e-01
6.475613759107987644e-01
6.476202885993214142e-01
6.477287431230502879e-01
6.478186173979956219e-01
6.479040772889184119e-01
6.479532234608158525e-01
6.479956908920000425e-01
6.480129271639464283e-01
6.480166698323761576e-01
6.480051915680691277e-01
6.479824859794700576e-01
6.479172530560450838e-01
6.479131630250865026e-01
6.479335115026803038e-01
6.479690866568772467e-01
6.479999095431556722e-01
6.480395202132959165e-01
6.481082995458562479e-01
6.481750700875712479e-01
6.481922827875363780e-01
6.481450071273939795e-01
6.480473797764823018e-01
6.480020540901474391e-01
6.480343782936366370e-01
6.481148818809415735e-01
6.482439042877258251e-01
6.484322903147310413e-01
6.486135616124746317e-01
6.488366705013421942e-01
6.491001913922958000e-01
6.493532769896355195e-01
6.495475840956080882e-01
6.496346674209816374e-01
6.496419432702449370e-01
6.495802798593615091e-01
6.494758113833767332e-01
6.493233051612267159e-01
6.491594087042434902e-01
6.490084707373464656e-01
6.489127587140757214e-01
6.488761903657660479e-01
6.489159373141777376e-01
6.489626087888182848e-01
6.490069087250696089e-01
6.490679436242439149e-01
6.491233714013593392e-01
6.491576960432998700e-01
6.492139315859741799e-01
6.493932536476673123e-01
6.495598002873049781e-01
6.495560685725705330e-01
6.494255762498932771e-01
6.492362659612938014e-01
6.490650268180929716e-01
6.488770716590459564e-01
6.487565302337958695e-01
6.487603676660989027e-01
6.488690614378284094e-01
6.490589907485163623e-01
6.492067575723824424e-01
