# game: kuhn_poker 
# eval_every: 10 
# num_iterations: 1000 
# num_traversals: 1000 
# policy_network_layers: (16, 16) 
# advantage_network_layers: (16, 16) 
# learning_rate: 0.01 
# batch_size_advantage: None 
# batch_size_strategy: None 
# memory_capacity: 10000000.0 
# 
9.889457948184117164e-01
1.049496056352483553e+00
1.084706034380358064e+00
1.102090516190151082e+00
1.099126403173361410e+00
1.084234583727345269e+00
1.074296073415352826e+00
1.068473036426900169e+00
1.065038204567614999e+00
1.059021909164469921e+00
1.042332810123018705e+00
1.024969173791056676e+00
1.009410152126145821e+00
9.955887264802925074e-01
9.860686368848068373e-01
9.742932528663967862e-01
9.648037631027055472e-01
9.682481414564194644e-01
9.759804521183319537e-01
9.786408365286776156e-01
9.794472295438910736e-01
9.832823478511537596e-01
9.864181998222047998e-01
9.868804931094339317e-01
9.936074040611940772e-01
1.009232263917298811e+00
1.015999665079179382e+00
1.015867339588012674e+00
1.020896589720259984e+00
1.015908430114676353e+00
1.011652815521395299e+00
1.014354703156794102e+00
1.010597257353192280e+00
1.025486915111321951e+00
1.021888032312489258e+00
1.042492402305837063e+00
1.029086095817845603e+00
1.039195951257136485e+00
1.033187224692078132e+00
1.027211370036540838e+00
1.040509711238027934e+00
1.030417288527409436e+00
1.039424115173898544e+00
1.035235756206947855e+00
1.023336733367145257e+00
1.027537689204563121e+00
1.020309828524457618e+00
1.022048951418774720e+00
1.030342739945165009e+00
1.023311457818626424e+00
1.029235160290179696e+00
1.024067554290647442e+00
1.020953119840017020e+00
1.027571523116749930e+00
1.020388514492048149e+00
1.030741254631054149e+00
1.021409694592847472e+00
1.024262287166374907e+00
1.020704971431201091e+00
1.017297240723785023e+00
1.024709349716457440e+00
1.018488525727346161e+00
1.031555524450816108e+00
1.016812173040949396e+00
1.032252853176584217e+00
1.023647871030406664e+00
1.025385143549562228e+00
1.035161775857789568e+00
1.021825186493203974e+00
1.030210513295354957e+00
1.025732006460577495e+00
1.018722992468875210e+00
1.028775582258101284e+00
1.019648715764886804e+00
1.024758658344239848e+00
1.027367925469237608e+00
1.019951973759785746e+00
1.029212617546011233e+00
1.021815165261884095e+00
1.025876539866797943e+00
1.028167871386757470e+00
1.022695766463683986e+00
1.030388126908858615e+00
1.020763759586488906e+00
1.027301285861762725e+00
1.022608370046376836e+00
1.024498262258233927e+00
1.026682952729407905e+00
1.022444873961084744e+00
1.028943348484673947e+00
1.019536028872319866e+00
1.031019844768306326e+00
1.018218540784866066e+00
1.031813229241210994e+00
1.020235400383442625e+00
1.026722360491714614e+00
1.025281674720264879e+00
1.020954589552804936e+00
1.029831255103090371e+00
1.019312729600309497e+00
1.030261370789379516e+00
