# game: leduc_poker 
# eval_every: 1 
# num_iterations: 500 
# num_traversals: 1000 
# policy_network_layers: (64, 64, 64) 
# advantage_network_layers: (64, 64, 64) 
# learning_rate: 0.001 
# batch_size_advantage: 2048 
# batch_size_strategy: 2048 
# memory_capacity: 1000000.0 
# 
2.884043122196971343e+00
2.851369720597000779e+00
2.821957781513471097e+00
2.793247421022202914e+00
2.764274840120779508e+00
2.743016070173713850e+00
2.733531800592182037e+00
2.721786402756153134e+00
2.708488658761924572e+00
2.692713763901312340e+00
2.674451549909064862e+00
2.655261155777906446e+00
2.638093742530633889e+00
2.624607979360830345e+00
2.616259504862282981e+00
2.617540778789048339e+00
2.630479261441826644e+00
2.648164340980465603e+00
2.669056969459204787e+00
2.692524152450658015e+00
2.722083564399717659e+00
2.758026907736083722e+00
2.793167996326940017e+00
2.827460559811284746e+00
2.861144410153531492e+00
2.894047554971249880e+00
2.926088162674186144e+00
2.957147825600046964e+00
2.987140904453627677e+00
3.015867613043097251e+00
3.042943737716696795e+00
3.067764373260865263e+00
3.090232191331031331e+00
3.109872492375501452e+00
3.125665447362204308e+00
3.138386146077548844e+00
3.149520356884301986e+00
3.157382572711548097e+00
3.163650063606765706e+00
3.169973888832067210e+00
3.175693135689376057e+00
3.180522002789536451e+00
3.184345105005509602e+00
3.187031537865645525e+00
3.189278459673807298e+00
3.192655041963571527e+00
3.196958531735526687e+00
3.201473442942051051e+00
3.205920804708838112e+00
3.208928593049728661e+00
3.211733320746123166e+00
3.215185209169729053e+00
3.217259242895524451e+00
3.218762686732840272e+00
3.222402410797404748e+00
3.227052403183101159e+00
3.232612434743769469e+00
3.237911545326251694e+00
3.245847167615405482e+00
3.252488156587593604e+00
3.260307676652608677e+00
3.266948297121473388e+00
3.271002120817936287e+00
3.272213428121943490e+00
3.271337377617672182e+00
3.271031976146062448e+00
3.268887471613093787e+00
3.266510046678879675e+00
3.267724198883676934e+00
3.266771168089762867e+00
3.264655291805132364e+00
3.262321157490588153e+00
3.257485787544013522e+00
3.259966993337075625e+00
3.267803608415342342e+00
3.281771817399666169e+00
3.297790722960652676e+00
3.311427547074973443e+00
3.317508014083631274e+00
3.313766768217038639e+00
3.304098840137152493e+00
3.297906428322919581e+00
3.301637474280004980e+00
3.315634310632763704e+00
3.325171834809132587e+00
3.331047004719337679e+00
3.337000307766817997e+00
3.346155339423225072e+00
3.356564591857380098e+00
3.375097746007351240e+00
3.397123645179314977e+00
3.405522319185120050e+00
3.413453261346949485e+00
3.422723409487643309e+00
3.429580987204689180e+00
3.433748264342930234e+00
3.438369673471611598e+00
3.448938368578475799e+00
3.455859246590115674e+00
3.464499801899946441e+00
3.494116868575742885e+00
3.513550869090314777e+00
3.536494792826669453e+00
3.530491629721888902e+00
3.538163061965367895e+00
3.574805065289261563e+00
3.593681831932103332e+00
3.567263184021097544e+00
3.539775930333592946e+00
3.555532973134390318e+00
3.609837120423672996e+00
3.591141417985276085e+00
3.532349948866444045e+00
3.542159877038728588e+00
3.588299320235776690e+00
3.592415642195346592e+00
3.579550531909977185e+00
3.576353213241248330e+00
3.596044640772794398e+00
3.582835610048413777e+00
3.534938320937911271e+00
3.561138450551141865e+00
3.623018437439853745e+00
3.623503903558892070e+00
3.576948303095906834e+00
3.558566883339370435e+00
3.589681470248224926e+00
3.593409245740184055e+00
3.609355132536403499e+00
3.588300013114214426e+00
3.590779125299398356e+00
3.626849619109331346e+00
3.584636458383085866e+00
3.562678644692919949e+00
3.582302425162208426e+00
3.620771454370181441e+00
3.611206819120014178e+00
3.577712044907287670e+00
3.605635075816072899e+00
3.618596114744027759e+00
3.587066456185970864e+00
3.564074930410900510e+00
3.589150721816074086e+00
3.624918271416544435e+00
3.597942055838863951e+00
3.586558941148232815e+00
3.632181387571553177e+00
3.602936228564838750e+00
3.555552289490577333e+00
3.578884694436492708e+00
3.631816538288993979e+00
3.612027596804528340e+00
3.577184992602045366e+00
3.615965679608478922e+00
3.635640826652393187e+00
3.578816531485095709e+00
3.574672023056766790e+00
3.601187558353352802e+00
3.594115987265484424e+00
3.603981440994599605e+00
3.603566309899334907e+00
3.590267737841957185e+00
3.595204195003613989e+00
3.628925822909176979e+00
3.608884499834324799e+00
3.588784301073144611e+00
3.591879367670117951e+00
3.639011584580722491e+00
3.599209251661005027e+00
3.554460889390591571e+00
3.605489134004803198e+00
3.620493890845341234e+00
3.597588911484182361e+00
3.616099941847054744e+00
3.637603798358880702e+00
3.590579727404948240e+00
3.604304476278093361e+00
3.661423249856631923e+00
3.661061884877517603e+00
3.592451827111487361e+00
3.611925452729349395e+00
3.660443527665152352e+00
3.599713107256778954e+00
3.560407751955638744e+00
3.660904540571067400e+00
3.670457328956413967e+00
3.597536867908721625e+00
3.627151936405395460e+00
3.651118834410085334e+00
3.615998674641168087e+00
3.616454533817619943e+00
3.669559516836315982e+00
3.638535257848372950e+00
3.600594129097384855e+00
3.632176703392201667e+00
3.665741912488675425e+00
3.625081852248755343e+00
3.592744782696107642e+00
3.668692070350743961e+00
3.661636939150125336e+00
3.597992459477373117e+00
3.630537573282394792e+00
3.692358288636091501e+00
3.635504892171000257e+00
3.593722621529324535e+00
3.654182807906199315e+00
3.639682014498943463e+00
3.610480366869079027e+00
3.684673008641640379e+00
3.680131955965622037e+00
3.605404067369641918e+00
3.643608670200232602e+00
3.698973016642598033e+00
3.625491459525155946e+00
3.629599633330899522e+00
3.675520446895597981e+00
3.633383811761212279e+00
3.585848766951670541e+00
3.659267853389184921e+00
3.676313411467388548e+00
3.628205239682073646e+00
3.605126208234501028e+00
3.669159959964746864e+00
3.666062640526094540e+00
3.621012310118921107e+00
3.661837891634554865e+00
3.700404098502055650e+00
3.641501102315061189e+00
3.641358795897434941e+00
3.685690533472781194e+00
3.651541480853851773e+00
3.645829711403476114e+00
3.650695330163147290e+00
3.669993050699759785e+00
3.634963888525567732e+00
3.644630511992340338e+00
3.678553282184312323e+00
3.641995628184199862e+00
3.612044065060628473e+00
3.670115441827610070e+00
3.692245793592682901e+00
3.625216216481343956e+00
3.646490424793568330e+00
3.715622033137375269e+00
3.654414999027444821e+00
3.634156012505241229e+00
3.706756305431126997e+00
3.689801080654847354e+00
3.627850196325010046e+00
3.676009283197078759e+00
3.686515568979662483e+00
3.632363427677636203e+00
3.646175636014937993e+00
3.674977801700201496e+00
3.637017854888711099e+00
3.660293213034406801e+00
3.685254519639056703e+00
3.658116814284357865e+00
3.630088825856590429e+00
3.690608203843021684e+00
3.677471745131461134e+00
3.629141398866732260e+00
3.688382379287455493e+00
3.712199658512787437e+00
3.646162611558248390e+00
3.645236423376192469e+00
3.698857087719820136e+00
3.670942401088178819e+00
3.644220679144059005e+00
3.706132207421011682e+00
3.673118048016541515e+00
3.640919707127127758e+00
3.678927259224278323e+00
3.702904528985361043e+00
3.640009649304194905e+00
3.671321077346820339e+00
3.693901628802487735e+00
3.677257145640432157e+00
3.651898162619578780e+00
3.669813569576904300e+00
3.671558535148634839e+00
3.692616537777647423e+00
3.704684527454657150e+00
3.672965768677840082e+00
3.677434830218221151e+00
3.686041442927415535e+00
3.699715670755956420e+00
3.692830993740913392e+00
3.662967282165935146e+00
3.666973882270097462e+00
3.673913847629436624e+00
3.657793885639901710e+00
3.677081056478959997e+00
3.673325391108329008e+00
3.684628913044113219e+00
3.704326558064845454e+00
3.669122916805898527e+00
3.663028877765801550e+00
3.672807233873061961e+00
3.646422573969099190e+00
3.666878971791668551e+00
3.690450002016159914e+00
3.641080122737752056e+00
3.703836842275419983e+00
3.675910575007445225e+00
3.679060840717107261e+00
3.694019766302408136e+00
3.700622141807338394e+00
3.673234641541189838e+00
3.696041659584457406e+00
3.694329626250898890e+00
3.714311498720182847e+00
3.676188959302880477e+00
3.701083767561632598e+00
3.675550987265538971e+00
3.674345820160937137e+00
3.673940727899714709e+00
3.643644940096645080e+00
3.694932871831357879e+00
3.682653077517060947e+00
3.706330000217088472e+00
3.668146495703080490e+00
3.703010070995285563e+00
3.710327616018791463e+00
3.668133153124570889e+00
3.724882093735164101e+00
3.668375887942087132e+00
3.701316595551987554e+00
3.708564950203398602e+00
3.686657852825597548e+00
3.701093650165143689e+00
3.685028039824219448e+00
3.688630720188405654e+00
3.685969961356241331e+00
3.690799274702901034e+00
3.682673927086000276e+00
3.733522879214050683e+00
3.661845445668101107e+00
3.708985154730357170e+00
3.679957270500962441e+00
3.677502067084856385e+00
3.690291608729185491e+00
3.670424887063038710e+00
3.704989348473766597e+00
3.702978047922274918e+00
3.688478734003721726e+00
3.698791996508434821e+00
3.708712207557146812e+00
3.702511537349623794e+00
3.661734348052323895e+00
3.757850007044730489e+00
3.647401229057491534e+00
3.753496825860024977e+00
3.683151347696297595e+00
3.693885360800354789e+00
3.729493871624168122e+00
3.684230063804022848e+00
3.727508887599517706e+00
3.714495929170035904e+00
3.694663457096734049e+00
3.706337992485273070e+00
3.674892390985086355e+00
3.691113718834449831e+00
3.649013064588926269e+00
3.713187418519587446e+00
3.681012163248052804e+00
3.680877691239948124e+00
3.730589379746141354e+00
3.677732206657491787e+00
3.710068179555186418e+00
3.684726221092460285e+00
3.695969090581101568e+00
3.723337026553456219e+00
3.675740182361242780e+00
3.735799363690244235e+00
3.660823337627091778e+00
3.733422478063624261e+00
3.684060994423640878e+00
3.694415752584814250e+00
3.725582694203422029e+00
3.682375069484952412e+00
3.733227618107240353e+00
3.703110478154217233e+00
3.695981875073902412e+00
3.724154295698236972e+00
3.662270037293498426e+00
3.711635086158087127e+00
3.701661278326422000e+00
3.688655412887609675e+00
3.725431846636012345e+00
3.669526672727332794e+00
3.735107874848208720e+00
3.710550684876805505e+00
3.683057705915706137e+00
3.731628127576045451e+00
3.699451192435570412e+00
3.732188315164773229e+00
3.671512734360566910e+00
3.711966276726425207e+00
3.740713398072212037e+00
3.683859688562455936e+00
3.730536546575357715e+00
3.701467046481652368e+00
3.723061982117923385e+00
3.704123978861428412e+00
3.672986177512131079e+00
3.714222359676311314e+00
3.697942783937215427e+00
3.703062362390750373e+00
3.713876676793806730e+00
3.691156735895474661e+00
3.744951817285656848e+00
3.695557164701375630e+00
3.688199473597117084e+00
3.731745759802094220e+00
3.683539936947622273e+00
3.695929856153667536e+00
3.717433686517887637e+00
3.659890014971222794e+00
3.751695686901938220e+00
3.702807158281724575e+00
3.679776516048386625e+00
3.763668681583295150e+00
3.690022254351379871e+00
3.716071578521516816e+00
3.701897948901700985e+00
3.671979602922749386e+00
3.758438075201033790e+00
3.684738657750802560e+00
3.697351202465242181e+00
3.741682036367104836e+00
3.690472656232882898e+00
3.732711225931053090e+00
3.685097867781872871e+00
3.665089113080017391e+00
3.749229955041530893e+00
3.676319463963314771e+00
3.705557997841284479e+00
3.737528385496366568e+00
3.671506255206943514e+00
3.748034202783390167e+00
3.695079200718086820e+00
3.667284319718926433e+00
3.739210591602772027e+00
3.698951207830012411e+00
3.695291957901977842e+00
3.743597657061113360e+00
3.676366085983666210e+00
3.733129117243015216e+00
3.701500881115922237e+00
3.658656356288886968e+00
3.767179422743829775e+00
3.647746851127297241e+00
3.720704650995524609e+00
3.739548189196101546e+00
3.675683599391546430e+00
3.728225953896268319e+00
3.713024722966455027e+00
3.655999197370346732e+00
3.742386926020177640e+00
3.719815159283758277e+00
3.655991150790258715e+00
3.746202804254176399e+00
3.729492099862937948e+00
3.676635454483207166e+00
3.736556594732019398e+00
3.699412938323217936e+00
3.671769851522953321e+00
3.755935867548570783e+00
3.697585037271702291e+00
3.659970248646416735e+00
3.738849884420280212e+00
3.686257754083369420e+00
3.698397587868709202e+00
3.722390280035660304e+00
3.679899526338687998e+00
3.713690495595109553e+00
3.746273936207317412e+00
3.682609596671571062e+00
3.709447863055140182e+00
3.753873106016100358e+00
3.681894394278955041e+00
3.701188943979269119e+00
3.737550979344143265e+00
3.668668994313034837e+00
3.735187015931011878e+00
3.724763123220841798e+00
3.678448009992569823e+00
3.739910243895746778e+00
3.709616245025300074e+00
3.678730523659277551e+00
3.726952568994746695e+00
3.690721882261166265e+00
3.707359087343458093e+00
3.733747340157921535e+00
3.707689513031483308e+00
3.725491056299524928e+00
3.726553140998910774e+00
3.713419839877763362e+00
3.692256153244630745e+00
