# game: kuhn_poker 
# eval_every: 10 
# num_iterations: 500 
# num_traversals: 200 
# policy_network_layers: (16, 16, 16, 16, 16, 16, 16) 
# advantage_network_layers: (16, 16, 16, 16, 16, 16, 16) 
# learning_rate: 0.01 
# batch_size_advantage: 2048 
# batch_size_strategy: None 
# memory_capacity: 1000000.0 
# 
9.984249574929683346e-01
9.487822617540093706e-01
9.120257547376292573e-01
8.986640138127743871e-01
8.860350204704067201e-01
8.745233516291850417e-01
8.705446714151282572e-01
8.727342965908758687e-01
8.722605789447459568e-01
8.641054224414355112e-01
8.341291629116528439e-01
7.974211394687987786e-01
8.206720247051255690e-01
8.048877849050779520e-01
8.324663017870856940e-01
8.381743926167030123e-01
8.291133074521224167e-01
8.384407490484264702e-01
8.495317579106167472e-01
8.452693821921346551e-01
8.377017660588088610e-01
8.427449104242014100e-01
8.470436929408218241e-01
8.331130942067824785e-01
8.401368610907458123e-01
8.226351795574328163e-01
8.239978685331563746e-01
8.117990755880220011e-01
8.204754416329400613e-01
8.390438392800831924e-01
8.316586373117176301e-01
8.393025603144370628e-01
8.511013661105751860e-01
8.411835888535639238e-01
8.406523288437046659e-01
8.487330929315657357e-01
8.377107460908786996e-01
8.355610723777607829e-01
8.406987111349556452e-01
8.315703342935754083e-01
8.325153490473692353e-01
8.326077404195602050e-01
8.265426197018117538e-01
8.289410326316631883e-01
8.296276157168002152e-01
8.271075415936883779e-01
8.304298056052392685e-01
8.325826862556937602e-01
8.310054226439117508e-01
8.336474621669444085e-01
8.347623076269511389e-01
