# game: leduc_poker 
# eval_every: 1 
# num_iterations: 500 
# num_players: 2 
# bootstrap: False 
# truncate_negative: False 
# buffer_size: -1 
# num_hidden_layers: 4 
# num_hidden_units: 30 
# num_hidden_factors: 0 
# use_skip_connections: True 
# num_epochs: 200 
# batch_size: 100 
# step_size: 0.01 
# 
2.416911323229192554e+00
1.971037308068555705e+00
1.695510725049689249e+00
1.411606399405822554e+00
1.178645590740329485e+00
1.022433011179023854e+00
8.958658672191901484e-01
8.096812968236012376e-01
7.498006956633888054e-01
7.083696868611556452e-01
6.696581025066172810e-01
6.232547344380543475e-01
5.943990525343547660e-01
5.623685502305904027e-01
5.253439018999683796e-01
4.938554134132417950e-01
4.732905788039554751e-01
4.500608533904563169e-01
4.259770356927738977e-01
4.037779322794252668e-01
3.829265723426404366e-01
3.662299276818998806e-01
3.497775983351363860e-01
3.370463091082846474e-01
3.322080748730054656e-01
3.253335729424460809e-01
3.185980715637682370e-01
3.124770665586470986e-01
3.088222221749207241e-01
3.018223013029178725e-01
2.997854439165025253e-01
2.923692645244967414e-01
2.825870929301488310e-01
2.778264494189363609e-01
2.751643358504561876e-01
2.684276013155038609e-01
2.642196759975861675e-01
2.625074850889221878e-01
2.584179912297144832e-01
2.579140587521417949e-01
2.574149291581777632e-01
2.536498272586923952e-01
2.486119562947251282e-01
2.444468161536032802e-01
2.391182188793888608e-01
2.331236701509724618e-01
2.277219436713822653e-01
2.223479333466472085e-01
2.200758030312832958e-01
2.172773006049638356e-01
2.137029005054484065e-01
2.119981996981404049e-01
2.096378534139892724e-01
2.065038538838638860e-01
2.032253362064888880e-01
1.993341462685052079e-01
1.957378822743683910e-01
1.911185634518374199e-01
1.872192248191631991e-01
1.836280292250753732e-01
1.801336018307400644e-01
1.768209073020209354e-01
1.747610566469463556e-01
1.729169564982087626e-01
1.708666472507544554e-01
1.694860270234015975e-01
1.692307777145858894e-01
1.691271483865196545e-01
1.694533677018882356e-01
1.690208131247275813e-01
1.685398839967968132e-01
1.680527627570221894e-01
1.668920735547335943e-01
1.668139577324426193e-01
1.667348694368544493e-01
1.666229118360892381e-01
1.667780197596517577e-01
1.653944459162691172e-01
1.638840145431079975e-01
1.629656556003649392e-01
1.625947733504579107e-01
1.615045912138858841e-01
1.627128144740207505e-01
1.621358484423395252e-01
1.622961675067503828e-01
1.628526617109962715e-01
1.649322164271147528e-01
1.670690686497076916e-01
1.679332582544740549e-01
1.680106809939042600e-01
1.678130239159475456e-01
1.680327737906013863e-01
1.688244928760841979e-01
1.684426590220051700e-01
1.651854952784805319e-01
1.633556921652306038e-01
1.598933791821610662e-01
1.574305007000679213e-01
1.553866679040805665e-01
1.534532389658910256e-01
1.518409266239621191e-01
1.516457556742525359e-01
1.518290228971982958e-01
1.514909716955505359e-01
1.497901067006643383e-01
1.488206608260868036e-01
1.479821039469514932e-01
1.478354860436507934e-01
1.471384920859553358e-01
1.457473608593539693e-01
1.442283762926173662e-01
1.424809675278276844e-01
1.415403495184201499e-01
1.406253075610113812e-01
1.389777812688893222e-01
1.373499249721421012e-01
1.359528793246358447e-01
1.349836496844293576e-01
1.338908698492293214e-01
1.323459310776415043e-01
1.316224773799933301e-01
1.320103585561639425e-01
1.311805786812134667e-01
1.316981108694869063e-01
1.314053938925348886e-01
1.318953206530269484e-01
1.321126990220659048e-01
1.328693267978030279e-01
1.330617471437234300e-01
1.336219968924573509e-01
1.346913466956859984e-01
1.358391243205977483e-01
1.367218167531322748e-01
1.378986014567121221e-01
1.382157611126053620e-01
1.379984632430000802e-01
1.383127309810803784e-01
1.387949681653762868e-01
1.387121961183862273e-01
1.387395641260784629e-01
1.390438063744549591e-01
1.393083837317151685e-01
1.397133706192605906e-01
1.397971730413430369e-01
1.393293123222748564e-01
1.395348208163406378e-01
1.403105070100846286e-01
1.401176077782861351e-01
1.400128212789847337e-01
1.399886320150726116e-01
1.402607235809266717e-01
1.402261735542770782e-01
1.398802468923161790e-01
1.404498668784270876e-01
1.414930109010254511e-01
1.419926525140896567e-01
1.424972882916655248e-01
1.426188857190336667e-01
1.427110561700855595e-01
1.423372604310753908e-01
1.427018825363907117e-01
1.425003219184287073e-01
1.422970805214606727e-01
1.419881938888473416e-01
1.415905252269632486e-01
1.409542055379967851e-01
1.404343725406893562e-01
1.402476456850849096e-01
1.403426245760088786e-01
1.398209868490719598e-01
1.393457683849463058e-01
1.385039589946392979e-01
1.377889040459256420e-01
1.369751744173645092e-01
1.362898438692316527e-01
1.364028200659659351e-01
1.358636191971836771e-01
1.354579812642368875e-01
1.348961840049966998e-01
1.344372035202481275e-01
1.336669712531192711e-01
1.331929851718127167e-01
1.326052861936264649e-01
1.322451668026625726e-01
1.320453630903543896e-01
1.316628097113495266e-01
1.318062932661202558e-01
1.318047517106657462e-01
1.316990692348309899e-01
1.318292018582348235e-01
1.319127700214422494e-01
1.315203311936301855e-01
1.311669280138119675e-01
1.308445723619679479e-01
1.308047514507633402e-01
1.306261463142769363e-01
1.309491978863913664e-01
1.317112795074346920e-01
1.318170526967203937e-01
1.318266660402396262e-01
1.318063545967486372e-01
1.317664443840875221e-01
1.319969835461682339e-01
1.319659128323684150e-01
1.317378861070275797e-01
1.313778048583429670e-01
1.318871475778053137e-01
1.322539528981401535e-01
1.326252641572979174e-01
1.331100370219807649e-01
1.330012923882577525e-01
1.334435890831701110e-01
1.339891826220439563e-01
1.346657696465736187e-01
1.353756125919487741e-01
1.358248434681662009e-01
1.369095345826173427e-01
1.374768293749225601e-01
1.385712172486533444e-01
1.387292850372915665e-01
1.387238384563825311e-01
1.392496560813491213e-01
1.391498183787711340e-01
1.384004364216228355e-01
1.382392812038325813e-01
1.375140611421154790e-01
1.367487960884073428e-01
1.358836688848104601e-01
1.348290300148211607e-01
1.335287938064760871e-01
1.325403343355672781e-01
1.314696351034136401e-01
1.305067462917884336e-01
1.295791258869321561e-01
1.285434083242267267e-01
1.274286207794332049e-01
1.265179387328357052e-01
1.256824548261635255e-01
1.253820912241989660e-01
1.248186745202909120e-01
1.242256753707747519e-01
1.233426255273848554e-01
1.225574626092545555e-01
1.219121550142165805e-01
1.210770089296481083e-01
1.206859709700617289e-01
1.204799935616595735e-01
1.201974771219156690e-01
1.199965808776955051e-01
1.197808734499209438e-01
1.197931399567875588e-01
1.196754876815714491e-01
1.199041173820325767e-01
1.206407213007886642e-01
1.207211969913251776e-01
1.212173862391991291e-01
1.216445179357799472e-01
1.221288288777586661e-01
1.228322972336595431e-01
1.234957832326655514e-01
1.242254423255667872e-01
1.244155039816507435e-01
1.250925310949548008e-01
1.255715359194937430e-01
1.260320896068205521e-01
1.265251537064246423e-01
1.268784705624821374e-01
1.274474743615951478e-01
1.279972944641662724e-01
1.285408941376807446e-01
1.291970942469916617e-01
1.293504351546230224e-01
1.293870897376630247e-01
1.292962179300418402e-01
1.291535747005090884e-01
1.292439062778657222e-01
1.292502819337856268e-01
1.291623458097873600e-01
1.287709788092221419e-01
1.282097430482829481e-01
1.279802079162919159e-01
1.276934046230797648e-01
1.275700983507220276e-01
1.273255668765407578e-01
1.270161422247407246e-01
1.263268005485691514e-01
1.258624753876513014e-01
1.253432900426827978e-01
1.249511334762545278e-01
1.242889672079276059e-01
1.239722183942897210e-01
1.238581107042217855e-01
1.230657300746246519e-01
1.225313594903834485e-01
1.220934592950673470e-01
1.219121106276348510e-01
1.218224300979419417e-01
1.215911735346598549e-01
1.215820774905105317e-01
1.215810318776679583e-01
1.215758505576446935e-01
1.216217020303676927e-01
1.214508602880969290e-01
1.214920816864497183e-01
1.217302187209399755e-01
1.220899850953315741e-01
1.227246559420803323e-01
1.234163712431449733e-01
1.241972750217714833e-01
1.249066043470137971e-01
1.254990776088896753e-01
1.258776424495900714e-01
1.267992850238128799e-01
1.273789719269400877e-01
1.281352945905194218e-01
1.286867939191622678e-01
1.292403887913196325e-01
1.299282020956436245e-01
1.308683817423205165e-01
1.314203750780843505e-01
1.321098861223175269e-01
1.329037757793555541e-01
1.336809492037341895e-01
1.339654785766525302e-01
1.347907501491583393e-01
1.354198753178603443e-01
1.359639376406182598e-01
1.364897831119742666e-01
1.369971629951175496e-01
1.377583472121538533e-01
1.384740633821009426e-01
1.390232126302553273e-01
1.394805079034290296e-01
1.397658500704431761e-01
1.401653855500914758e-01
1.400931613962762556e-01
1.401357926886790950e-01
1.403656535285605633e-01
1.402453268862421110e-01
1.405343902219810814e-01
1.405577669334155400e-01
1.409278641305811153e-01
1.415375658625314392e-01
1.417674243254881672e-01
1.418873358060873668e-01
1.419119997790175280e-01
1.419669586260857708e-01
1.418691249660378184e-01
1.416502644721259752e-01
1.415459163318112390e-01
1.411808845525828193e-01
1.411691858664063937e-01
1.406975585390595196e-01
1.404656473021652086e-01
1.403402412741138749e-01
1.398130031873487944e-01
1.395617919152597197e-01
1.390726661058956926e-01
1.388183960157156616e-01
1.382858101465763434e-01
1.378531193658740217e-01
1.370525643414497452e-01
1.362111353650028167e-01
1.353444546346435073e-01
1.342552084836933779e-01
1.333751653531118908e-01
1.330289770289091456e-01
1.323578391320213710e-01
1.318972672904278609e-01
1.312294371007558524e-01
1.304842096103808746e-01
1.298992690343744316e-01
1.292958979999620783e-01
1.290687416813154353e-01
1.286065948238717116e-01
1.281825401434198985e-01
1.281608957095586865e-01
1.281697337714880480e-01
1.282005525189838513e-01
1.286998194374814330e-01
1.289599702267412162e-01
1.291122650986405995e-01
1.292127557735991694e-01
1.293393738676881510e-01
1.293826569001186866e-01
1.295558845872351039e-01
1.297593527193353358e-01
1.297899907309703615e-01
1.300515420774183695e-01
1.302559610867128903e-01
1.307251309586910937e-01
1.310680512507497453e-01
1.313614704390122512e-01
1.316679935528741741e-01
1.319600090242919188e-01
1.322807365995956608e-01
1.323751249660530538e-01
1.325472337734698580e-01
1.325479248423043210e-01
1.326855681423112499e-01
1.326391451987586900e-01
1.328447310098555545e-01
1.329620430934765896e-01
1.331806449360505018e-01
1.333994585853196524e-01
1.335640020719796872e-01
1.337468763785314152e-01
1.339516083121325696e-01
1.340167055572929478e-01
1.342436130960953378e-01
1.343610218626392350e-01
1.342328807526967926e-01
1.342107325259723483e-01
1.339567228801042398e-01
1.339371863200889134e-01
1.337617010158605180e-01
1.336518856351566198e-01
1.334931850342396253e-01
1.333038827164179652e-01
1.328329490673003099e-01
1.323669736377268702e-01
1.320672159065701401e-01
1.319240201050824179e-01
1.317802417785865488e-01
1.314503639637896737e-01
1.311244118979378315e-01
1.309550094369935358e-01
1.309106878636496218e-01
1.308525729206092003e-01
1.308916194970826674e-01
1.307368713929993598e-01
1.304558672872283553e-01
1.302626330765377927e-01
1.300357794276899570e-01
1.298098612535028007e-01
1.296251122981365300e-01
1.294197075112234196e-01
1.293125322663725429e-01
1.290652947658148808e-01
1.289960288011102185e-01
1.289805293604883163e-01
1.289948404133307025e-01
1.291458100585444191e-01
1.291453578258999202e-01
1.291471941944929147e-01
1.291669305963474013e-01
1.291802282122717360e-01
1.292529903089548737e-01
1.292786077754063956e-01
1.291188756844537933e-01
1.290397467497784445e-01
1.289327188612829078e-01
1.288119386259895804e-01
1.286620184776510745e-01
1.285994237980056243e-01
1.286093130613752966e-01
1.285504974121364219e-01
1.284584538252200869e-01
1.284054357418265568e-01
1.284374563444675155e-01
1.284083713450923092e-01
1.284098216733025044e-01
1.283485495962079503e-01
1.282623007651850777e-01
1.282756975629407159e-01
1.286306153907973704e-01
1.293540872470690384e-01
1.296186860093141435e-01
1.299061916792996485e-01
1.305372667973525858e-01
1.310590824965096046e-01
1.317179893118546885e-01
1.320751755791096937e-01
1.323152862916179839e-01
1.324819543033664282e-01
1.326772021252605738e-01
1.328719540259236109e-01
1.335097310380058966e-01
1.341309968371254269e-01
1.341756513836350195e-01
1.343653814500589960e-01
1.346172644681492281e-01
1.346239629461640774e-01
1.345947438458117429e-01
1.343749717511356911e-01
1.341957646661204873e-01
1.341146369891706991e-01
1.339323521633758174e-01
1.339501379838133888e-01
1.336081232224953785e-01
1.332693426661634706e-01
1.329488182739653190e-01
1.326118073715494283e-01
1.326517502219512479e-01
1.325362980498764331e-01
1.323327271226899804e-01
1.323091825505393060e-01
1.325589001977816872e-01
1.327917653303651024e-01
1.331368748642737798e-01
