# game: leduc_poker 
# eval_every: 1 
# num_iterations: 1000 
# num_players: 2 
# bootstrap: False 
# truncate_negative: False 
# buffer_size: -1 
# num_hidden_layers: 1 
# num_hidden_units: 13 
# num_hidden_factors: 0 
# use_skip_connections: True 
# num_epochs: 200 
# batch_size: 100 
# step_size: 0.01 
# 
2.489342495433795932e+00
2.167901829942294079e+00
1.831551337296483783e+00
1.553352369939934308e+00
1.379002892807328795e+00
1.242323878782958468e+00
1.146369893226901970e+00
1.062088148097526830e+00
1.016929060268809026e+00
9.876206549301965731e-01
9.560453723610417009e-01
9.296200876029167004e-01
9.229313073617081420e-01
9.085355047564303010e-01
9.022145092250424270e-01
8.946037741397050436e-01
8.642856138211381101e-01
8.437094363143913256e-01
8.219437836269469777e-01
8.073022970313541435e-01
7.978276838989610820e-01
7.869828772152842600e-01
7.731435004384128451e-01
7.605109877064315516e-01
7.498377875514505853e-01
7.480443021091625067e-01
7.411188699638129318e-01
7.292810795222893772e-01
7.185871264811538595e-01
7.092823069829508054e-01
7.072099975550873996e-01
7.041113203668178944e-01
7.009295779220472422e-01
6.941006590700911083e-01
6.864106028302605633e-01
6.789569187921384863e-01
6.736223522002635633e-01
6.699273674976616855e-01
6.654827034716440659e-01
6.634280557665344080e-01
6.628052984109275014e-01
6.606714938174731433e-01
6.587539390363228442e-01
6.584371650408563648e-01
6.604349030335734394e-01
6.614102091510047909e-01
6.614912994212295283e-01
6.628075277294152023e-01
6.652965775215595734e-01
6.665102392647959118e-01
6.676012590943531944e-01
6.726448654950949457e-01
6.746133132288674172e-01
6.788903890582840273e-01
6.842017072606658701e-01
6.918245433455132432e-01
6.936077212942948211e-01
6.956201392050486154e-01
7.020378157406923503e-01
7.073054008899137823e-01
7.087891847905249953e-01
7.110516896197334180e-01
7.148587003950532814e-01
7.131485217403508159e-01
7.119413922401863770e-01
7.113835449967477187e-01
7.134676645629249858e-01
7.157420683512366599e-01
7.173038727881266841e-01
7.188765736884048518e-01
7.189430981592913605e-01
7.207503247557295323e-01
7.162508013932655793e-01
7.169341566492997142e-01
7.142494452833759722e-01
7.122237934916326729e-01
7.111507347759680187e-01
7.120170699826993133e-01
7.123323315661389543e-01
7.131841113900921902e-01
7.154079578609868761e-01
7.158268086523567053e-01
7.168489302963941823e-01
7.170358473147977474e-01
7.143093348748026372e-01
7.139694732384584963e-01
7.138304650018751918e-01
7.129293202964431808e-01
7.133509651066971546e-01
7.129646021521556243e-01
7.137384265476248713e-01
7.151764452484048462e-01
7.152650892012333284e-01
7.151932737343683621e-01
7.154393051148850713e-01
7.151256156395793262e-01
7.154701549524398185e-01
7.151957197130873745e-01
7.156598869080592618e-01
7.157835248934414363e-01
7.164338488998931442e-01
7.164749939597182538e-01
7.161467822494751445e-01
7.162261573503057033e-01
7.158182653314516530e-01
7.159309595751414124e-01
7.156852881960542589e-01
7.155859575812384410e-01
7.156666807618510262e-01
7.158782576034047329e-01
7.158768564127149236e-01
7.165687338954388474e-01
7.165596063700918616e-01
7.173011478851190059e-01
7.177561868016723023e-01
7.184676421542119940e-01
7.186537409985711555e-01
7.197338521315046478e-01
7.203590562636399408e-01
7.211205431712341962e-01
7.220919761343354004e-01
7.229383865232761330e-01
7.236793562621637310e-01
7.229987763360233854e-01
7.223234303954565450e-01
7.225691778221657868e-01
7.208997901767334460e-01
7.195647553775115224e-01
7.183727479239859770e-01
7.172256084053574288e-01
7.160211386057292460e-01
7.145847863217934526e-01
7.125103494952695904e-01
7.116543919128934803e-01
7.100724810734546644e-01
7.088528872649821899e-01
7.079402770161544733e-01
7.077127068022239786e-01
7.071553065134026372e-01
7.064728809442695212e-01
7.059396397994071037e-01
7.051156349626952480e-01
7.042265840600800964e-01
7.029607633158571067e-01
7.018601954326924020e-01
7.012762422568021847e-01
7.005285105749969876e-01
7.004979454903360603e-01
7.001550309426763929e-01
7.004707804700287532e-01
7.007170662070824063e-01
7.009116323536972448e-01
7.010847631964607363e-01
7.016025743074265630e-01
7.020130972386617874e-01
7.024308744843790198e-01
7.029534458788339046e-01
7.034884575239285232e-01
7.040702829008553820e-01
7.044993825750993643e-01
7.051052961288680754e-01
7.052519500429934585e-01
7.058810570968624409e-01
7.061262395008971460e-01
7.068540209220581794e-01
7.071544582427715664e-01
7.079242754228159962e-01
7.086201095756223811e-01
7.086654437200039514e-01
7.087284967669431612e-01
7.093980059793297821e-01
7.095559238411310865e-01
7.104021391726933476e-01
7.108895444581417866e-01
7.108184614947112845e-01
7.109940291309934102e-01
7.110347553748382898e-01
7.112238665405414828e-01
7.117896142494588574e-01
7.120798719115588593e-01
7.124094244336780513e-01
7.126029135150114824e-01
7.129050547979289831e-01
7.133129309450232380e-01
7.137479489710063518e-01
7.143536054402150892e-01
7.145418530473856000e-01
7.145011683514338463e-01
7.146993849592238046e-01
7.144904084127057242e-01
7.147111067058006251e-01
7.147554835631548809e-01
7.145738510345647221e-01
7.144448051098486463e-01
7.144683546455523615e-01
7.147824633938959504e-01
7.149243744641144982e-01
7.149187696455818752e-01
7.154932731172112259e-01
7.152496651740645195e-01
7.151497995445317279e-01
7.158499105813600494e-01
7.158194125189882850e-01
7.160375624219230684e-01
7.163964438602578033e-01
7.165859767069635566e-01
7.170489072619853355e-01
7.175541822878619413e-01
7.175998961722188652e-01
7.174603975708773174e-01
7.177814985724320085e-01
7.181243852678893536e-01
7.188306364319254627e-01
7.192669027645122171e-01
7.196285725009841094e-01
7.197431121687736244e-01
7.200595378164379445e-01
7.201024730602476609e-01
7.201644643184718086e-01
7.204404451286678945e-01
7.203801197193282491e-01
7.206056603478113720e-01
7.206355217694069282e-01
7.203388334008462568e-01
7.204315710332884759e-01
7.203092030024336179e-01
7.204187852763496158e-01
7.206018313732270864e-01
7.213403476556696781e-01
7.216720903826128186e-01
7.217251336785144300e-01
7.223119453043906901e-01
7.227561126274348879e-01
7.233879591225704786e-01
7.240086977014559277e-01
7.241552958321821887e-01
7.240612034575142353e-01
7.241564692821365057e-01
7.244587327223144246e-01
7.247894903487538398e-01
7.249507624890549895e-01
7.252369986152777948e-01
7.251321472852783057e-01
7.258551946795313015e-01
7.260945583937277181e-01
7.266282810232749245e-01
7.267119520797700183e-01
7.266221847492495556e-01
7.271476108985343023e-01
7.276900884070013342e-01
7.283929026952754571e-01
7.283967605132100065e-01
7.291244289746696694e-01
7.293659840828958796e-01
7.299343642833586721e-01
7.302545588821056644e-01
7.310418517827887985e-01
7.318469348317733214e-01
7.328567576437493569e-01
7.340198981146215385e-01
7.348197965761403827e-01
7.357065956025512499e-01
7.366386994104783259e-01
7.376151900495393487e-01
7.385549385667615763e-01
7.395935521098202514e-01
7.400264645236441785e-01
7.409691983411639260e-01
7.419710067394980069e-01
7.428550381667551328e-01
7.438219889978782140e-01
7.446617767304068991e-01
7.453831288593644189e-01
7.464060871749766957e-01
7.473862574282936766e-01
7.485433406161478009e-01
7.495657498292631615e-01
7.511155603002264147e-01
7.524702062326606988e-01
7.535113365465451185e-01
7.553582589772149802e-01
7.563463318060843488e-01
7.578015103818420695e-01
7.590218112787356919e-01
7.606198130155956694e-01
7.619858984836117566e-01
7.634445230461889276e-01
7.645466663331221824e-01
7.662578881088076832e-01
7.677152338017319000e-01
7.687905172669662335e-01
7.702597909572516111e-01
7.714988959836022175e-01
7.727152107345653942e-01
7.742435668770721868e-01
7.754695573426677591e-01
7.769499540639599466e-01
7.784393943906950941e-01
7.797106871188699273e-01
7.808051203183909994e-01
7.820474354713113918e-01
7.832819552647043437e-01
7.844191030032876544e-01
7.859194779922931140e-01
7.877541427662801965e-01
7.892705790998384430e-01
7.904415757345785165e-01
7.918924723573257385e-01
7.931246397591600328e-01
7.948588986345814789e-01
7.962985813803400426e-01
7.979019258953060634e-01
7.988093752049292284e-01
8.004945017459901280e-01
8.018910838591710721e-01
8.034175381302043339e-01
8.045033751266247313e-01
8.062452804771407244e-01
8.073227217617686691e-01
8.087270873026308760e-01
8.101451757166753254e-01
8.111427818668186518e-01
8.123715333997234556e-01
8.136507548882968566e-01
8.147170919865300842e-01
8.158987567353732651e-01
8.169573849829474543e-01
8.180286866559335346e-01
8.188620894274729611e-01
8.196470310062132780e-01
8.200389819607953878e-01
8.207350686260949102e-01
8.212763076499842718e-01
8.220170107359188183e-01
8.227355149123933842e-01
8.232132450703931736e-01
8.239975582787120167e-01
8.248846150201147864e-01
8.259674163758974341e-01
8.271178253410718106e-01
8.282198367296563779e-01
8.294098448878194363e-01
8.310887862765368173e-01
8.325009364933468881e-01
8.334906008522154908e-01
8.346636772859876707e-01
8.359096584974818889e-01
8.373673800634539033e-01
8.385130203568127438e-01
8.396924639398266610e-01
8.412019674837027949e-01
8.426025400707072288e-01
8.438976478737685305e-01
8.454066267402767787e-01
8.468078495894781899e-01
8.480277560800629777e-01
8.490189573520764421e-01
8.504169852784082551e-01
8.518147061274026210e-01
8.528215865405948115e-01
8.542628791499289331e-01
8.555284806025257316e-01
8.567761210586742893e-01
8.578302502087247206e-01
8.587250479379667789e-01
8.600342483796241666e-01
8.603072563205091949e-01
8.605473688912144148e-01
8.615105590813896264e-01
8.624074089761597506e-01
8.631260651681784690e-01
8.635296596758199605e-01
8.641810954278442702e-01
8.650546183074755424e-01
8.659582352410635231e-01
8.669868652151702104e-01
8.678634162624120352e-01
8.684867930410400394e-01
8.693465590864076775e-01
8.701515171384965885e-01
8.706608551500298887e-01
8.713835615571671189e-01
8.718460572260035013e-01
8.722576116420537318e-01
8.729398641779395618e-01
8.735030812659132504e-01
8.738331153309646382e-01
8.744142972648736301e-01
8.751275796934714357e-01
8.755698064443762085e-01
8.763024291441162683e-01
8.768070810125525583e-01
8.773724949691170671e-01
8.778805510713676430e-01
8.782717084460551771e-01
8.789474923731400713e-01
8.798172897574318974e-01
8.807773843051438512e-01
8.812589668421864086e-01
8.817119100297003964e-01
8.821487881576410839e-01
8.832285726503091849e-01
8.836894849206569091e-01
8.841828530708751854e-01
8.847510926763344496e-01
8.851875028291223968e-01
8.856567106741313200e-01
8.864265837790660241e-01
8.875084497824952123e-01
8.880838449181425176e-01
8.885429657364876110e-01
8.891939223924176794e-01
8.903057780084332462e-01
8.907745032579307276e-01
8.912341634079822272e-01
8.920776345145216002e-01
8.914471662521545881e-01
8.922627120555834956e-01
8.931430471154333528e-01
8.943169143622472506e-01
8.948764990056222723e-01
8.958255844448779204e-01
8.964496531122712053e-01
8.969139461530702961e-01
8.974468599185760898e-01
8.979804670060592686e-01
8.986613214896986834e-01
8.989379263587395918e-01
9.001104389162845054e-01
9.005539748524817867e-01
9.008341191129476400e-01
9.017863556311498385e-01
9.024419819527151887e-01
9.031082647413177789e-01
9.034190030058257825e-01
9.041465354222519846e-01
9.042883799738195005e-01
9.046535727158344642e-01
9.049465101932834266e-01
9.053707820937082484e-01
9.057226326567433539e-01
9.058404034184818210e-01
9.068297950512713701e-01
9.072670335867316638e-01
9.079169888318896486e-01
9.082730398275324912e-01
9.094667419709361322e-01
9.101795768801022035e-01
9.101111637252874420e-01
9.107666584560615286e-01
9.111985076618995816e-01
9.116726018359951889e-01
9.121017041079819698e-01
9.127929681823410135e-01
9.135691627440198914e-01
9.137609295140035615e-01
9.141732821643633322e-01
9.144246345593274317e-01
9.144246653705545569e-01
9.144674275950344100e-01
9.147517724199286659e-01
9.154387949134212832e-01
9.157061970221467284e-01
9.159716116212829329e-01
9.164041636905833066e-01
9.170634207346903821e-01
9.173094999882656086e-01
9.175678503930938534e-01
9.178547769267557666e-01
9.180771206730764522e-01
9.183351083373978430e-01
9.186368908378998999e-01
9.188681214448511936e-01
9.194718145609530602e-01
9.196752842777607961e-01
9.200689299837493396e-01
9.202998088583873582e-01
9.206934756795406294e-01
9.209521258425011903e-01
9.215463476276101185e-01
9.221529977894569186e-01
9.224350783312474933e-01
9.227213994799025043e-01
9.230085220908030852e-01
9.232238856640372360e-01
9.237988670491095178e-01
9.240908860337301300e-01
9.242185860509292139e-01
9.244272130489583628e-01
9.248219053569652903e-01
9.252310786220285799e-01
9.260135268584011037e-01
9.261665645097595378e-01
9.269166717907781905e-01
9.274081934339575284e-01
9.279541132406694537e-01
9.281218270908039303e-01
9.285230353443106877e-01
9.290182474856740757e-01
9.291936007892795946e-01
9.293413091353353028e-01
9.299497824124898226e-01
9.303696057667507624e-01
9.305933893684474878e-01
9.314758435020999983e-01
9.317967701468280461e-01
9.320809835288224043e-01
9.327905999196697273e-01
9.329773707262257743e-01
9.338893355375603722e-01
9.348234694565520364e-01
9.353009931242832753e-01
9.353130176595025880e-01
9.354104214792917649e-01
9.354184898809172477e-01
9.355948852635926904e-01
9.359249119498348479e-01
9.359343630200454012e-01
9.360369045910854613e-01
9.359734468292076892e-01
9.362478074469877676e-01
9.362366021507219083e-01
9.363703605017569265e-01
9.366508199519043565e-01
9.366181014486734124e-01
9.368150947000699613e-01
9.369412319724668148e-01
9.370000067684327583e-01
9.368333509360055045e-01
9.365944399637657902e-01
9.365788884351441412e-01
9.363232233232348101e-01
9.360607028558896037e-01
9.359769363904634210e-01
9.356951350830541303e-01
9.353489259198983774e-01
9.355211594090218075e-01
9.353344036014727969e-01
9.352199657239905761e-01
9.352048381217984430e-01
9.349991304009646065e-01
9.346443123939800479e-01
9.345074641581038177e-01
9.343148103003322547e-01
9.341450739236777379e-01
9.338988925663820329e-01
9.336815740176954703e-01
9.334661758195313963e-01
9.333005193227730256e-01
9.330854726550577016e-01
9.328693439446817948e-01
9.326017939688797664e-01
9.325837544628126086e-01
9.327192821217812346e-01
9.327927310808714623e-01
9.330330223091938269e-01
9.332417859225277113e-01
9.331484623722628990e-01
9.329777620240202740e-01
9.328028517367843442e-01
9.331005406523622536e-01
9.329477661056946314e-01
9.328485779115831544e-01
9.327583931335081679e-01
9.324185671825022670e-01
9.322559518609465634e-01
9.321525811723281318e-01
9.321444671781683455e-01
9.319717487042540327e-01
9.317957971422363705e-01
9.315690944556609399e-01
9.313852038689548474e-01
9.312649713074884206e-01
9.310287923514726227e-01
9.309783903545416628e-01
9.309151092500552727e-01
9.308368452814783645e-01
9.309069569698416036e-01
9.309351238565020115e-01
9.308964787720611644e-01
9.309091953354337035e-01
9.304932405098470527e-01
9.304550983128729857e-01
9.303919043100836728e-01
9.303923086873490123e-01
9.306834850935651327e-01
9.309126321999219300e-01
9.308882239601068420e-01
9.306806025879748034e-01
9.310104291941005972e-01
9.307173907012979974e-01
9.308610398313511558e-01
9.306819037351496959e-01
9.304410182110091077e-01
9.302837829130954361e-01
9.301310454467062172e-01
9.298623211983388925e-01
9.297348192396371891e-01
9.298029690921297830e-01
9.295860226606079690e-01
9.293603623982842343e-01
9.293235742613675798e-01
9.290817381502338712e-01
9.293701025189633480e-01
9.292755475096138307e-01
9.293990275333996465e-01
9.296864770917983023e-01
9.297245517101593304e-01
9.295075793852318746e-01
9.292988276272814430e-01
9.291897948814764607e-01
9.295469557978218722e-01
9.293547893977914809e-01
9.293480003509525522e-01
9.292462309834329526e-01
9.293112887452233961e-01
9.290275518540296318e-01
9.287541386182550651e-01
9.289367324641052415e-01
9.286660035807474678e-01
9.287720881569957454e-01
9.285100052038151031e-01
9.283571707561137920e-01
9.282045203742874673e-01
9.279764574314034453e-01
9.278896656921306052e-01
9.277265952798434689e-01
9.275703029363207008e-01
9.272955418545356654e-01
9.270574050770670205e-01
9.272028965865839467e-01
9.270706340326211325e-01
9.272416446282438773e-01
9.270829388931292048e-01
9.269130616746081852e-01
9.270578224118327659e-01
9.269264045030027876e-01
9.270255746298363686e-01
9.274006145550302005e-01
9.272255792750296877e-01
9.271003106231752167e-01
9.269856503217943633e-01
9.268737913991418331e-01
9.272047258244218160e-01
9.273534372562237671e-01
9.275932842312953897e-01
9.277890214575348349e-01
9.280429915824214282e-01
9.279461133313533505e-01
9.279407646107609153e-01
9.279602656696914753e-01
9.279485440814594366e-01
9.280432888014827908e-01
9.280746411362388315e-01
9.280400027857065304e-01
9.277544226083058732e-01
9.276686728867431508e-01
9.277213267745832992e-01
9.275965211554021428e-01
9.277231841137384416e-01
9.277244654506560106e-01
9.276096684762771272e-01
9.279305103089143802e-01
9.278388908662635881e-01
9.279996160487344881e-01
9.280903895717218521e-01
9.280289139866670922e-01
9.282481433534102155e-01
9.282507740784194938e-01
9.286325862939581732e-01
9.284818338240317104e-01
9.285689913776665749e-01
9.284997005929148672e-01
9.285181110383057268e-01
9.284614717691517249e-01
9.285391211658595711e-01
9.287063095480041497e-01
9.285236103791389972e-01
9.282392364404681295e-01
9.280913991383781259e-01
9.279478457909878797e-01
9.278427002858145034e-01
9.279061706969842227e-01
9.277667543733439937e-01
9.278783378411941118e-01
9.278770710151956758e-01
9.276957634636276984e-01
9.278823332066118423e-01
9.275702686673304997e-01
9.272630045206067262e-01
9.271586633013028100e-01
9.272802901567636091e-01
9.270575313955068397e-01
9.269303826305346217e-01
9.265801595546856451e-01
9.263553658930302470e-01
9.262341240851095225e-01
9.259975450416322307e-01
9.256870675940149784e-01
9.256232271279328794e-01
9.254716275580026075e-01
9.253839100981582355e-01
9.251634149595850953e-01
9.249979756192332481e-01
9.249407810031464727e-01
9.246993826607535771e-01
9.244781036520002271e-01
9.241179093972708980e-01
9.242935898538573447e-01
9.242234257914198059e-01
9.238983494768103766e-01
9.236544197795830691e-01
9.236276097400447638e-01
9.235457088844459816e-01
9.235528566322966926e-01
9.233680180947073657e-01
9.231641254169593580e-01
9.228317769471322540e-01
9.228544760649179945e-01
9.227770235921013420e-01
9.228689257993163420e-01
9.226641597936787731e-01
9.225004845186269842e-01
9.223267912331200025e-01
9.222135029963213215e-01
9.222651932618405324e-01
9.219546142833284774e-01
9.217499260067273381e-01
9.214828403337339546e-01
9.213162068915888847e-01
9.208974135915098946e-01
9.206096337463570700e-01
9.207103144637867054e-01
9.206653567562367302e-01
9.206525472827271628e-01
9.204185531140263166e-01
9.203630923534488195e-01
9.201025254370330808e-01
9.200851583728910654e-01
9.197472367443931818e-01
9.194804919938126542e-01
9.189959389595225847e-01
9.185846017901442284e-01
9.182230212258647439e-01
9.179526038101474272e-01
9.175351694689801718e-01
9.172970115515978184e-01
9.170926527104301673e-01
9.166993930135597379e-01
9.162413983919925897e-01
9.161534330560083816e-01
9.159996626079813797e-01
9.160963535903805521e-01
9.156924707324265444e-01
9.153404114094697563e-01
9.149549858833284643e-01
9.146166209074992892e-01
9.143004151867479834e-01
9.140715396395779901e-01
9.136763068526251308e-01
9.133797415661929486e-01
9.130827587059621164e-01
9.127994747937031583e-01
9.124946207126505282e-01
9.125732138472369970e-01
9.123527672544481382e-01
9.122032750058581829e-01
9.121014523131534268e-01
9.117304030176606178e-01
9.113535966596018056e-01
9.112280170692136361e-01
9.109750713533276700e-01
9.106822840152277720e-01
9.104465101391546744e-01
9.105967747906350551e-01
9.103842515500595312e-01
9.098986901557577500e-01
9.094096333793310061e-01
9.089694783551152124e-01
9.088157950757287384e-01
9.084189160017182019e-01
9.082006401038591470e-01
9.081331283902577267e-01
9.078868518072293892e-01
9.075830557445272451e-01
9.075592339671813003e-01
9.071026407126734359e-01
9.067995147212650764e-01
9.064525716070591654e-01
9.060649570629923932e-01
9.055984269821739652e-01
9.054498604305354359e-01
9.053794843149483018e-01
9.051414913466451218e-01
9.049912584570762863e-01
9.046250918925250462e-01
9.044444424297571894e-01
9.040399408585574337e-01
9.040084029745025784e-01
9.037894200176236348e-01
9.033892729927174292e-01
9.033438009582759332e-01
9.030269347801130886e-01
9.028256905751658179e-01
9.024170303113134839e-01
9.022077400520865931e-01
9.017887547186165254e-01
9.014997210876021239e-01
9.014178793294368441e-01
9.011012053135597499e-01
9.010138989753013750e-01
9.009659858333752824e-01
9.006020318077732068e-01
9.002192200371479380e-01
9.002130130210699299e-01
9.001245655275813551e-01
8.999240398070993407e-01
8.995080113722268012e-01
8.993786305080330168e-01
8.993334360407377881e-01
8.992234582897580264e-01
8.989735325775425334e-01
8.989045997255822318e-01
8.985767689055894625e-01
8.981722087354007122e-01
8.979102572342312349e-01
8.976266846888032447e-01
8.973758861505085616e-01
8.971514480325759600e-01
8.970065703734497742e-01
8.967129343290427546e-01
8.965794858150302193e-01
8.963301679419037882e-01
8.961790138575507214e-01
8.958226730696363660e-01
8.958267229256045017e-01
8.954642634048989303e-01
8.954267857880716663e-01
8.950882370787055509e-01
8.948431039765170070e-01
8.945356066769054593e-01
8.941611986077203644e-01
8.940337421465786027e-01
8.940122476558678422e-01
8.936257551678173927e-01
8.933733043752051239e-01
8.930133844449792413e-01
8.925939794170653085e-01
8.925633182127684639e-01
8.923187330608646217e-01
8.921546683900005714e-01
8.919571724601363938e-01
8.919018041879104297e-01
8.917420636605292161e-01
8.913413098884497288e-01
8.911620869896830222e-01
8.908972999887541100e-01
8.907647078447211708e-01
8.907746521950437035e-01
8.903114004943391002e-01
8.902017338940979574e-01
8.899313939196455969e-01
8.897127296197251400e-01
8.894518985731137972e-01
8.890714906226157010e-01
8.888188559186676052e-01
8.886885523661188779e-01
8.885475017738280190e-01
8.882202079162697661e-01
8.879314558028469362e-01
8.879087499523725668e-01
8.876995808093315343e-01
8.874285559771706300e-01
8.871363921989926515e-01
8.868864235878162194e-01
8.865912858747413416e-01
8.864594883924176161e-01
8.861098300847181086e-01
8.859996839807572355e-01
8.860267138307940105e-01
8.859694385773030367e-01
8.856780442794773833e-01
8.854888150749682385e-01
8.856267244762725532e-01
8.854829734995686152e-01
8.851992372259088748e-01
8.850945491999036019e-01
8.847049717637240906e-01
8.845592273871697442e-01
8.843853492761794000e-01
8.842660051522486242e-01
8.844227677040379376e-01
8.841460769928699559e-01
8.841917415174480599e-01
8.839177434489584595e-01
8.835531119128235966e-01
8.833018886629964150e-01
8.829679956691365295e-01
8.826634827980247566e-01
8.825214324570620494e-01
8.824567061217702957e-01
8.821658136051597765e-01
8.820334075335474200e-01
8.822686581748719892e-01
8.823027292774493491e-01
8.821842945334197328e-01
8.820238607423696031e-01
8.816781795781207798e-01
8.815776509372359460e-01
8.815497587136078561e-01
8.815824298530728909e-01
8.813460974238636059e-01
8.813111685261951767e-01
8.812864796448840465e-01
8.811477906273981198e-01
8.810641507592853472e-01
8.810440384755890975e-01
8.809562311196073026e-01
8.807854294920803850e-01
8.805406671650892747e-01
8.804334949758372275e-01
8.802278829958412043e-01
8.801633276589437838e-01
8.799021187856961301e-01
8.797426828489547379e-01
8.796233821191538071e-01
8.796939378275927535e-01
8.793804161464148228e-01
8.792050733723243416e-01
8.790829676919998947e-01
8.791700808100121334e-01
8.789611505415833026e-01
8.786664290658559029e-01
8.784711115846787211e-01
8.782946742382675698e-01
8.781697383680493463e-01
8.778795111089092718e-01
8.778964626792177262e-01
8.776225175816915192e-01
8.773953693529806808e-01
8.771390291260524608e-01
8.769885211472290276e-01
8.768177077075829384e-01
8.766425492353517868e-01
8.764317703113941871e-01
8.762644231396966576e-01
8.760980280352743677e-01
8.758413767405139883e-01
8.757394014367055890e-01
8.756416818184101780e-01
8.756213900494500546e-01
8.754052667150711287e-01
8.752461215183896526e-01
8.751951867556019282e-01
8.750711651773284139e-01
8.749772143713892003e-01
8.750695094800501339e-01
8.749432821148245276e-01
8.747838001560730437e-01
8.749195714083408681e-01
8.747025271834004689e-01
8.746651290265941014e-01
8.745181750096100437e-01
8.742745475181722403e-01
8.741678029938948491e-01
8.739149670671952919e-01
8.738736867692583621e-01
8.736717417429850085e-01
8.735201036457079793e-01
8.733729078763938780e-01
8.734306345326339205e-01
8.732726066183692515e-01
8.729855514108377790e-01
8.727186107156795769e-01
8.725543230854972965e-01
8.722443941078170671e-01
8.721885599240762899e-01
8.720746842584445879e-01
8.719618862449651786e-01
8.717738787834287129e-01
8.715824222863933768e-01
8.714410530553481360e-01
8.713444847137712390e-01
8.711553755140880595e-01
8.711203124267985487e-01
8.709578777050370757e-01
8.709009650861330165e-01
8.707259150694282024e-01
8.707014161200929969e-01
8.705233861665057082e-01
8.704179673684908636e-01
8.701593702332648395e-01
8.700591775785686544e-01
8.699639820237288212e-01
8.698233763984833944e-01
8.696624159568155932e-01
8.694760026654234641e-01
8.693330242243566541e-01
8.692970172677937368e-01
8.691729215766044181e-01
