# game: kuhn_poker 
# eval_every: 1 
# num_iterations: 1000 
# num_players: 2 
# bootstrap: False 
# truncate_negative: False 
# buffer_size: -1 
# num_hidden_layers: 1 
# num_hidden_units: 13 
# num_hidden_factors: 8 
# use_skip_connections: True 
# num_epochs: 200 
# batch_size: 100 
# step_size: 0.01 
# 
7.159056385244771947e-01
3.644012650445873636e-01
2.373286467359890517e-01
2.024187157344575494e-01
1.917642498676719598e-01
1.875813191663296131e-01
1.838483492720359436e-01
1.826464753583495748e-01
1.658780195436777016e-01
1.488886817918863847e-01
1.353533471759756357e-01
1.290553266617316952e-01
1.175276061910746905e-01
1.061358271771203898e-01
9.510172797381280518e-02
8.445199000357755947e-02
8.281188471021433406e-02
8.035474438785472628e-02
7.770723093227968614e-02
7.944704100618574238e-02
7.915071636233095287e-02
7.604093957321689246e-02
7.273481175717022573e-02
6.949882450616443053e-02
6.555356236825596317e-02
6.146911734113166825e-02
5.752876652411875735e-02
5.509882501122895238e-02
5.452022980557552634e-02
5.279150456908743294e-02
5.055226744966029306e-02
4.955537127094222782e-02
4.834402351932240438e-02
4.692214047990997394e-02
4.558150789958453908e-02
4.431535490678159550e-02
4.311764261604919546e-02
4.198296781408558664e-02
4.028595170296447869e-02
3.775456633976481680e-02
3.487119634000165891e-02
3.165444298807423840e-02
2.849978396605282183e-02
2.923884691383954459e-02
3.077929387944294826e-02
3.180798353331226735e-02
3.213550942790255327e-02
3.328690872739800688e-02
3.413655959288020014e-02
3.243426608128388566e-02
2.988140843473108266e-02
3.059783877813171404e-02
3.029919786904697321e-02
2.880223450078212011e-02
2.714785346058751214e-02
2.542139258799860912e-02
2.395251556557165262e-02
2.477153908097637358e-02
2.526501396102823205e-02
2.565948353136590643e-02
2.612781334508407216e-02
2.574687654020457739e-02
2.521647461066545137e-02
2.526776757886320390e-02
2.576606417610377564e-02
2.609959425709365566e-02
2.626061250509914569e-02
2.621406732669068207e-02
2.594154122693462239e-02
2.558560230588835527e-02
2.492247865513827487e-02
2.415298245525893117e-02
2.328045707423528898e-02
2.312383945395432572e-02
2.316235816479364495e-02
2.305521349620173743e-02
2.266901523806694185e-02
2.193556590299686193e-02
2.103653302912394940e-02
2.003532652154710325e-02
1.898395372288558258e-02
1.835535286491479789e-02
1.836087106881104103e-02
1.823200296242205587e-02
1.765325352135455050e-02
1.740554652224782228e-02
1.692475947734622954e-02
1.672050541250302835e-02
1.617727762216278342e-02
1.542495846365574130e-02
1.519626122878955932e-02
1.606409239502026853e-02
1.683786334761128156e-02
1.748769741431460689e-02
1.802087347310107890e-02
1.831711666841148722e-02
1.778321203414784391e-02
1.851507312990147147e-02
1.883548041295746156e-02
1.841016056081981600e-02
1.713551611563143839e-02
1.657561673577506722e-02
1.688295756691748917e-02
1.701952756613336892e-02
1.728339424155125870e-02
1.708606717029606537e-02
1.669026539098322770e-02
1.611056605820429533e-02
1.543833844507166986e-02
1.455224156007797753e-02
1.398508024544198314e-02
1.407683621469899005e-02
1.405214873707080758e-02
1.378589630226417784e-02
1.336072490881673458e-02
1.330390026182115548e-02
1.349395338641040665e-02
1.402506124165131540e-02
1.439174614103669314e-02
1.456965947364147196e-02
1.453234297574940159e-02
1.423419777695131283e-02
1.372189351266508983e-02
1.320039540572159886e-02
1.253861461302141489e-02
1.260275588305562189e-02
1.307216338372454989e-02
1.352245290380979514e-02
1.390474798190574623e-02
1.423728694977327569e-02
1.450347129090631682e-02
1.470090013268302020e-02
1.481315249175371718e-02
1.484696915623764935e-02
1.473085825492442824e-02
1.462254311923788519e-02
1.438489669296055817e-02
1.405085934401076320e-02
1.360822624091012623e-02
1.311088033596338742e-02
1.252718719300882633e-02
1.218384073560563330e-02
1.207248715364081515e-02
1.187832109137762493e-02
1.201271697068462263e-02
1.212864755195613986e-02
1.190462965241614879e-02
1.157008162165562570e-02
1.110222336343102967e-02
1.058756223247364625e-02
1.053967671230457426e-02
1.037136879236039144e-02
1.043762087825544915e-02
1.058690972331513547e-02
1.057366520767674678e-02
1.054485636414412286e-02
1.028726520690637081e-02
9.897204912074131222e-03
1.022298041541055968e-02
1.048471023157152016e-02
1.068619248271546196e-02
1.080987286535045611e-02
1.088149462056861583e-02
1.080097929153112091e-02
1.097880703722844964e-02
1.080979683538318969e-02
1.047960376127263227e-02
1.031890033884941271e-02
1.052548621872839707e-02
1.088044439410296160e-02
1.101256330244612669e-02
1.093026214471207180e-02
1.106183002609295585e-02
1.080604686326105957e-02
1.043376755590283422e-02
1.007336756683183121e-02
9.620386160344607251e-03
9.971113204882725567e-03
1.034777798087480050e-02
1.066856331194881990e-02
1.093611803880717437e-02
1.115924988182337430e-02
1.132738686545170514e-02
1.141763098705925183e-02
1.145328199969683491e-02
1.136768427241824364e-02
1.130689451622590713e-02
1.120869699529827845e-02
1.109687234339407080e-02
1.103026491312952828e-02
1.104985384792792069e-02
1.078923121504835048e-02
1.047063630560901570e-02
1.022855607390685262e-02
9.961304554756911234e-03
9.696898523373659318e-03
9.567038928418980515e-03
9.590755723397376142e-03
9.622152146818996332e-03
9.613000392610704381e-03
9.637768232473586938e-03
9.565300707367163646e-03
9.484888701303789693e-03
9.569646040625962025e-03
9.656058765664499166e-03
9.674059088677772200e-03
9.677137327793239319e-03
9.616164614174638192e-03
9.632547163288346370e-03
9.586098298771467130e-03
9.461067381144189214e-03
9.296591412121968379e-03
9.046826912966710044e-03
8.787519919056407947e-03
8.458020234566210327e-03
8.123644397290324948e-03
7.763269474443862395e-03
7.429711669154070997e-03
7.606557349239012611e-03
7.752940775082234337e-03
7.859170545773092043e-03
7.907867073163599159e-03
7.974157331159276163e-03
8.013369531755853981e-03
8.142090289826736660e-03
8.223490127649113468e-03
8.178315353865539539e-03
8.043979794022382279e-03
7.834338835194798456e-03
7.578254421283736608e-03
7.601741554986052307e-03
7.806870343905619736e-03
8.034392107109544767e-03
8.112190436102562074e-03
8.017695010085285068e-03
7.847735100781960682e-03
7.584120702820024151e-03
7.328549277468648926e-03
7.036575990750387755e-03
6.772411028788477561e-03
6.755645100146173698e-03
7.069436524166555769e-03
7.337906360288998231e-03
7.596070396729381891e-03
7.806439213648347364e-03
7.981923503150162302e-03
8.136545202366951557e-03
8.255181426554153434e-03
8.328736825724547543e-03
8.349276502732982941e-03
8.347925685453311262e-03
8.314798995963934569e-03
8.281934177539751474e-03
8.214482710325127224e-03
8.123767018099137260e-03
8.014544307849841287e-03
7.885183289749575497e-03
7.756097030894415489e-03
7.682124926805422582e-03
7.588369374407794021e-03
7.451742527004256988e-03
7.477469238120537653e-03
7.631649709625903943e-03
7.742236103985389306e-03
7.824516731907260603e-03
7.885248201850908467e-03
7.928089962849271810e-03
7.958928661233627411e-03
7.916279583778218498e-03
7.822072528008844339e-03
7.670201483900490613e-03
7.515610501751618377e-03
7.294053115275089816e-03
7.043603255502434157e-03
6.768222091564357612e-03
6.454617090950104386e-03
6.286528605187302610e-03
6.087738028369260590e-03
5.840976924382706992e-03
5.554191541398106891e-03
5.222755451042143671e-03
4.831518958658270746e-03
4.750905633746943524e-03
4.945683848793042126e-03
5.331387643944751620e-03
5.677302451064764055e-03
5.935655928318211982e-03
6.155120473755715249e-03
6.273204673890003802e-03
6.288159939313531233e-03
6.271309308836348073e-03
6.210666391536889819e-03
6.022491005151120458e-03
5.808756991844132855e-03
5.767618422133663492e-03
5.839178304875514147e-03
5.859528326472573934e-03
5.849979968136326258e-03
5.826308554070375179e-03
5.767742146210175225e-03
5.664404579307918963e-03
5.645433393502902186e-03
5.557152098811635188e-03
5.423548097026692494e-03
5.270410732136299181e-03
5.254742399197653846e-03
5.512513994817419549e-03
5.740790275576113100e-03
5.945101821314385804e-03
6.124464806340018663e-03
6.298451345754296771e-03
6.455483809211737256e-03
6.584806646412200148e-03
6.690272994774509874e-03
6.771011294005480075e-03
6.820381215267901087e-03
6.850164884796811071e-03
6.826767949042661376e-03
6.769688454645927944e-03
6.693305953154288224e-03
6.605934488274817218e-03
6.505318357124867390e-03
6.395546341569163795e-03
6.276441826627399134e-03
6.146385750032706818e-03
6.008680304401381456e-03
5.879004572360624348e-03
5.978492517104000425e-03
6.036024337631978876e-03
6.053680139345957167e-03
6.080488655555882360e-03
6.055864925128190412e-03
6.035718441062626338e-03
5.977739633504702832e-03
5.892397569243729150e-03
5.786272709973921957e-03
5.668584852182301237e-03
5.567797004815855377e-03
5.397501989389652532e-03
5.249714009278150240e-03
5.107501520971918785e-03
4.921053946649184274e-03
4.734954795471618683e-03
4.552541584228769755e-03
4.367756942347145177e-03
4.275430038648525555e-03
4.152433331942428918e-03
4.113598420646402687e-03
4.353694980268579817e-03
4.613319815040567429e-03
4.804901311267456565e-03
4.927604425519094278e-03
4.933760089133848448e-03
4.947243035842208148e-03
4.953851777924733746e-03
4.885657188477804391e-03
4.768034542643739826e-03
4.727240912872215928e-03
4.641969465523282379e-03
4.567010006723631887e-03
4.466372499665721696e-03
4.626784477259920925e-03
4.795807502309512582e-03
4.919690224172962312e-03
5.007737564102415773e-03
5.101644451641740297e-03
5.144877635462868914e-03
5.136258728402953722e-03
5.102126354786185036e-03
5.041113320090356842e-03
4.922502569704584330e-03
4.767702189062056339e-03
4.679489245013157550e-03
4.881950176735289082e-03
5.080897151368529707e-03
5.262037784804496354e-03
5.423381021956052983e-03
5.560946026347851623e-03
5.683699971247874183e-03
5.769219455459578816e-03
5.824741827162138730e-03
5.813505819667746932e-03
5.784732129576225512e-03
5.731187180794850011e-03
5.627059709922110908e-03
5.516404419702136686e-03
5.422246387991797034e-03
5.341712102047480037e-03
5.202692730812252808e-03
5.100803674344761562e-03
4.961435171336459060e-03
4.832829885116018964e-03
4.671278882625251594e-03
4.557648968247812737e-03
4.630246218944839010e-03
4.677193476565311148e-03
4.771848629150199361e-03
4.901924012464836666e-03
5.034608719995420367e-03
5.149930975060501570e-03
5.197620372513200859e-03
5.266217425383190598e-03
5.294339185073521081e-03
5.324901967601297637e-03
5.301413070212646073e-03
5.269053575940096934e-03
5.260108512989691842e-03
5.175221683681313634e-03
5.049367972747409450e-03
4.905510494470910476e-03
4.754256529079237126e-03
4.574507257082943701e-03
4.353781215311020025e-03
4.142282353340770440e-03
3.922159066403779759e-03
3.798453566053433539e-03
3.941486874211891367e-03
3.960940793211187305e-03
3.997743045254242844e-03
3.992891442181095707e-03
3.952867032910700740e-03
3.927314430656775324e-03
3.929511739447694163e-03
3.883010185776414325e-03
3.842979050512923545e-03
3.811023152694187344e-03
3.760061237044948212e-03
3.665548069176155499e-03
3.561667710732213665e-03
3.570296769738467990e-03
3.711355498811186315e-03
3.861182431659532233e-03
3.872150630566256746e-03
3.881134525262175394e-03
3.866894582675806102e-03
3.820920073933725680e-03
3.813440893320224623e-03
3.811627339660339508e-03
3.771736216559407051e-03
3.747556252073930283e-03
3.669763464487552085e-03
3.582169853534156179e-03
3.752279422305382361e-03
3.903695360686798566e-03
4.058122700048877318e-03
4.199784013769858326e-03
4.331265902218078834e-03
4.451085961905715260e-03
4.563820212620472994e-03
4.664305441174410038e-03
4.752881048535245734e-03
4.826017596620546524e-03
4.870102816830923498e-03
4.882625203164125960e-03
4.878759332976323471e-03
4.841391927561222719e-03
4.786195187476666169e-03
4.722695001970811379e-03
4.654207613897148876e-03
4.579530533396602987e-03
4.499159587162071539e-03
4.414079773486984104e-03
4.323695917550829382e-03
4.215399958513721401e-03
4.154945764573814149e-03
4.199467057272004977e-03
4.222659489150154544e-03
4.237649721521907775e-03
4.238237671253808347e-03
4.233167320786268562e-03
4.196693742553991857e-03
4.159897896443914833e-03
4.124770147444223323e-03
4.114449590039037652e-03
4.082775876799643600e-03
4.045728999018671779e-03
3.994378608085824567e-03
3.928011619038496161e-03
3.852541405774817518e-03
3.753169955689666937e-03
3.674813406716853637e-03
3.574869943737790656e-03
3.497310367693517996e-03
3.455869778511450052e-03
3.430668807978681789e-03
3.291732938375757644e-03
3.226182495371349157e-03
3.111557798652658802e-03
3.183336440358147668e-03
3.245382883023839593e-03
3.320857826785678091e-03
3.409905124818202182e-03
3.502573064499941990e-03
3.568530715781670359e-03
3.620837448833902350e-03
3.611281861611331800e-03
3.634386063847583337e-03
3.581463638349102752e-03
3.516202729773765245e-03
3.453525594678319433e-03
3.376854203092860551e-03
3.447987449263750781e-03
3.536568657009797612e-03
3.631851674590735879e-03
3.713554650809997026e-03
3.761186142379663311e-03
3.797738480798784622e-03
3.805108156133801822e-03
3.799467992990940290e-03
3.736598262921081437e-03
3.640569464553017331e-03
3.546624057024605481e-03
3.417056875753582412e-03
3.308317505990060470e-03
3.397831145329155422e-03
3.496007409662466037e-03
3.565594383617559648e-03
3.620961258051724752e-03
3.693150485163360086e-03
3.760955864061193976e-03
3.910553103778940942e-03
4.002992076996531035e-03
4.111297972253818989e-03
4.129641153286872646e-03
4.163807863087815031e-03
4.128923407599544015e-03
4.103230876794511373e-03
4.037234126902683462e-03
3.949272702901601706e-03
3.837932021173551256e-03
3.781678706006902368e-03
3.719986180542395049e-03
3.653954914645901608e-03
3.641065065018656011e-03
3.629936854737170204e-03
3.615577873151282207e-03
3.595957739796984409e-03
3.650750771628019642e-03
3.763615524445235172e-03
3.869374903657879505e-03
3.970390559705827549e-03
4.062117560912181791e-03
4.145217064160211518e-03
4.203732067455806520e-03
4.260944343886879926e-03
4.277606817920720506e-03
4.267492423747604180e-03
4.237188418512310983e-03
4.201545864932210161e-03
4.125082459629642040e-03
4.042229509304384738e-03
3.952354126626200781e-03
3.837789563423121830e-03
3.717200160569700262e-03
3.577753941126443626e-03
3.426242780447341651e-03
3.273001245542833670e-03
3.112997021888136429e-03
2.945366080079003801e-03
2.973276708079425346e-03
2.927258330813420351e-03
2.836078820336068729e-03
2.730902314718564039e-03
2.630309285467008484e-03
2.492036019776461275e-03
2.359733363071075951e-03
2.250883721195418019e-03
2.318985531626460705e-03
2.366038619716376301e-03
2.466864724499973072e-03
2.547403574335749266e-03
2.604279754526594992e-03
2.676203265228105366e-03
2.732473645061878065e-03
2.775333466842944130e-03
2.723203520184458437e-03
2.705888539873413379e-03
2.628832572325962014e-03
2.608208002041367823e-03
2.616055336528255726e-03
2.632419599887581008e-03
2.643908842654002500e-03
2.639647692846802673e-03
2.625659813667663434e-03
2.607428439770353990e-03
2.584936678077853767e-03
2.552210594425702306e-03
2.514543333549945636e-03
2.462278085942348760e-03
2.427282196055174923e-03
2.502370275033277691e-03
2.598000300495284520e-03
2.686272016403090657e-03
2.772453294843435501e-03
2.859086702089147503e-03
2.948256377075159085e-03
3.101164880377399458e-03
3.182568538385582846e-03
3.265224813098127621e-03
3.339143631429897230e-03
3.402014289506705147e-03
3.462445792979551573e-03
3.527939596732865279e-03
3.596746824125029995e-03
3.653977133995678361e-03
3.708763391425867750e-03
3.755200099003874747e-03
3.791724370313470649e-03
3.823299803559609966e-03
3.841602860406023723e-03
3.851216945945673542e-03
3.856844624869099070e-03
3.852245111654134524e-03
3.837302510692364166e-03
3.814834868507144261e-03
3.790536950344147726e-03
3.725721856911057284e-03
3.658609748959235075e-03
3.596400395130122662e-03
3.512236585690442503e-03
3.395954286606550632e-03
3.290171451633100430e-03
3.195717785474477823e-03
3.204852799226054483e-03
3.201993848912149110e-03
3.194137407638630854e-03
3.194919394805456614e-03
3.164458218554627722e-03
3.138223097545606022e-03
3.172619795213577065e-03
3.134013722806250346e-03
3.089084820741161419e-03
3.030811284551016005e-03
2.974631609547417899e-03
2.918463430193196650e-03
2.892442158936386898e-03
2.865522565169559277e-03
2.912580108731049888e-03
2.975043103890323559e-03
3.025898215467559549e-03
3.056851468437371544e-03
3.043150522072463060e-03
3.042695947453710748e-03
3.004511090291928088e-03
2.996709860375090795e-03
2.956690914910020673e-03
2.928816490646607429e-03
2.813461459982596891e-03
2.706488829651160222e-03
2.602248608282814457e-03
2.542162955460391949e-03
2.537432312789134059e-03
2.600731417614354779e-03
2.681886888651230372e-03
2.725667750966664915e-03
2.763104464543780781e-03
2.843739950055712562e-03
2.859271685045489120e-03
2.877002656603594444e-03
2.855350336318812632e-03
2.829626746815361304e-03
2.813829210297269512e-03
2.772289664441179857e-03
2.714379150956403031e-03
2.749388027928900691e-03
2.779964420814851067e-03
2.847866155694045442e-03
2.914367034637571630e-03
2.958724310690163950e-03
3.000020605222752934e-03
3.023704015293005032e-03
3.024581832606954013e-03
3.026311530963637919e-03
3.095972040753125487e-03
3.061189392927016195e-03
3.013921204419428568e-03
2.937322243360102059e-03
2.944366124394082185e-03
3.007966806152950756e-03
3.056800022503414205e-03
3.141072016444867998e-03
3.216845356033948278e-03
3.279732995175727028e-03
3.328389507543189074e-03
3.359411682289564771e-03
3.385105258950693585e-03
3.413346638532349653e-03
3.409428721279084140e-03
3.410972277738150149e-03
3.396171074475567986e-03
3.392281588540879689e-03
3.355831168271899978e-03
3.332424270405975886e-03
3.295426057929484731e-03
3.274850395819012272e-03
3.223083133360643560e-03
3.142220556986763391e-03
3.063307491766392721e-03
3.011491094719986883e-03
2.956839906308822430e-03
2.896432763818235223e-03
2.836110003261116397e-03
2.789003523378297267e-03
2.881451347495539439e-03
2.981154844338612664e-03
3.076424376812547656e-03
3.165009261880347147e-03
3.249668239563602290e-03
3.327184897197965618e-03
3.389996403697997929e-03
3.449754532702603571e-03
3.499253578345878912e-03
3.529122120346478431e-03
3.550859273416279160e-03
3.530458412412895708e-03
3.526774401082233279e-03
3.512535207176953334e-03
3.474527065707166962e-03
3.418773423209175988e-03
3.330512607076008269e-03
3.241388881089185547e-03
3.150591520207579599e-03
3.032530562265517426e-03
2.901504791797848704e-03
2.784031091282612724e-03
2.666368034870497672e-03
2.539652895986455050e-03
2.428090278702249583e-03
2.338599990143852558e-03
2.259940131950494147e-03
2.176672310875343852e-03
2.146644382223089620e-03
2.153319749945703521e-03
2.131183086768240198e-03
2.103382339509102250e-03
2.077648886400634831e-03
2.060131251166885669e-03
2.033824540552564564e-03
2.077594135412502707e-03
2.131960165470569990e-03
2.177979628247367350e-03
2.205554302583512261e-03
2.188483742849245406e-03
2.182296173773495829e-03
2.201621158059691163e-03
2.172797900873352228e-03
2.134539647576649823e-03
2.170666905595863838e-03
2.223030141213888644e-03
2.224131010905266992e-03
2.222428730982939360e-03
2.209771317449787942e-03
2.230636836282190449e-03
2.220120086438043261e-03
2.194216266112269942e-03
2.165652200343981537e-03
2.129300646732168456e-03
2.092764486368664523e-03
2.096653526071079465e-03
2.136359660261932802e-03
2.276094945353301924e-03
2.349541264726168199e-03
2.422842568351318837e-03
2.493765853516710651e-03
2.567431646368023568e-03
2.642946903908288681e-03
2.710351852860809485e-03
2.772409873936676483e-03
2.836057342587017249e-03
2.896155431340280417e-03
2.955238345618727003e-03
3.003722641967604412e-03
3.051016993059513238e-03
3.094531765882480023e-03
3.128426327993288902e-03
3.155601868716662040e-03
3.181240328780504667e-03
3.201796830344411093e-03
3.214335889617586650e-03
3.221542977700109223e-03
3.228067759658531655e-03
3.227611886560621812e-03
3.220697696335012017e-03
3.200512954634304741e-03
3.178841148446714948e-03
3.148605783892977072e-03
3.113069980460014818e-03
3.076418642794315206e-03
3.017031614900772540e-03
2.978358226516958362e-03
2.927243929046086102e-03
2.871741347430345481e-03
2.848230513373656292e-03
2.873572470102447873e-03
2.890483482923422720e-03
2.891545808618944946e-03
2.893125177631156175e-03
2.881664849898463165e-03
2.888307342349488716e-03
2.864307334818405604e-03
2.853164187840567800e-03
2.818414896296028704e-03
2.780045944746539766e-03
2.767792226471971206e-03
2.730223417004767894e-03
2.679805737920565312e-03
2.627840754916815902e-03
2.641558566034429845e-03
2.601060611317096427e-03
2.558748170552127554e-03
2.525448959509291047e-03
2.486109214875686924e-03
2.442706039177899857e-03
2.457735533827970498e-03
2.442570538099819721e-03
2.426607672216668510e-03
2.422489056792320739e-03
2.404781496741947855e-03
2.386912064685386969e-03
2.364945282625874334e-03
2.324229003690753137e-03
2.262375076671374607e-03
2.255858847931807576e-03
2.272131894385659434e-03
2.288361834863639199e-03
2.266882700394851069e-03
2.248041626476238175e-03
2.287263862404742554e-03
2.320785156260302129e-03
2.347906803002175469e-03
2.358122993478706242e-03
2.372863215201193032e-03
2.364964391966511981e-03
2.352540434272826220e-03
2.321596318802521264e-03
2.295202245318123113e-03
2.263928575616358518e-03
2.276604829592770995e-03
2.317172446643062100e-03
2.353781683508832101e-03
2.406561713618471376e-03
2.449596028179401586e-03
2.497015214161735219e-03
2.526514500852339307e-03
2.567682067931315038e-03
2.583251215642234921e-03
2.597803629542677628e-03
2.594526414093023536e-03
2.590268457596828222e-03
2.558290849558469970e-03
2.503847135933018331e-03
2.450478031433778181e-03
2.519426754087589204e-03
2.566474052290546037e-03
2.621097296980207103e-03
2.684402671890045999e-03
2.736756882013413605e-03
2.782909190049698278e-03
2.804826905917018331e-03
2.831462706720438982e-03
2.867793397953122270e-03
2.902823465416676241e-03
2.911681448684561024e-03
2.935101425715042067e-03
2.954156105012484268e-03
2.941922222890386296e-03
2.924844148132182964e-03
2.910705477416924980e-03
2.890534725375537572e-03
2.844308049909011205e-03
2.802760173610419070e-03
2.747639912025784392e-03
2.688078546456584839e-03
2.637544592590301828e-03
2.594196995842179554e-03
2.549236783231267900e-03
2.506601477596182015e-03
2.446787002110401010e-03
2.399350399716948523e-03
2.382587494045906862e-03
2.420791723295401265e-03
2.491048162278380884e-03
2.568625298050103423e-03
2.618165536957817174e-03
2.679262661225811915e-03
2.742160569374263446e-03
2.807151201369456617e-03
2.866742263387428435e-03
2.926313073667169418e-03
2.962096262416308301e-03
2.985329268885700271e-03
3.002552436891126053e-03
3.011561707133514343e-03
3.023058362174507741e-03
3.019773059783792402e-03
2.998577208316366427e-03
2.965356052323120384e-03
2.927172639248826203e-03
2.847964465216457075e-03
2.802929624562466859e-03
2.726006422986038125e-03
2.638314307676276060e-03
2.548390268874434206e-03
2.451729001336971914e-03
2.361195199747673223e-03
2.276469086655213969e-03
2.188036645600188734e-03
2.079780413036330655e-03
1.982168805503947695e-03
1.893129925380404588e-03
1.826893571183402232e-03
1.812396319728570848e-03
1.796956521213477487e-03
1.782842864191475085e-03
1.767876485681274534e-03
1.751076839622583980e-03
1.728438662065151510e-03
1.705761083616003093e-03
1.695358461232476799e-03
1.745585386487058521e-03
1.779337133642727720e-03
1.810918198894506670e-03
1.831041923838094831e-03
1.833521955118155855e-03
1.845167987317847258e-03
1.859641760823871337e-03
1.866187302685784477e-03
1.924041022979328108e-03
1.972229463624519674e-03
1.993905259456918433e-03
2.008008377956060908e-03
2.003252865277083128e-03
1.994187754059295603e-03
1.978942680123330078e-03
1.962492989290742784e-03
1.944106011398827327e-03
1.919456330124996724e-03
1.893878722938252546e-03
1.869980005861748840e-03
1.834657551641472040e-03
1.794718737380879281e-03
1.844772200727068379e-03
1.902832531966103247e-03
1.966865648368176789e-03
2.027240002241720296e-03
2.084313748428823221e-03
2.152431384959158089e-03
2.211088963566365528e-03
2.268415504394244442e-03
2.324550469027436561e-03
2.379673680023258742e-03
2.430600796082676984e-03
2.479023088487630755e-03
2.523195310521864076e-03
2.616505650224754120e-03
2.657072814879646305e-03
2.690753229799891511e-03
2.725651964871539379e-03
2.755615579600440013e-03
2.781062148882434970e-03
2.803834591494192008e-03
2.818600996564918360e-03
2.833909233543624451e-03
2.837877668569105394e-03
2.838599647416922833e-03
2.835818286201857719e-03
2.825285247793657417e-03
2.810603209638384836e-03
2.791897557755690373e-03
2.763712149114860850e-03
2.732753703947071733e-03
2.707240555056417142e-03
2.657850002940220779e-03
2.618180343792297915e-03
2.569154119164751560e-03
2.507384117728994610e-03
2.435312789064586481e-03
2.434749481688452954e-03
2.439352133626143670e-03
2.439790042921219371e-03
2.439843434072025419e-03
2.446559059030628536e-03
2.438787897761279799e-03
2.428271081358512884e-03
2.423397276980099324e-03
2.413457980548039394e-03
2.404140635237250745e-03
2.379489991276351191e-03
2.362864886524068675e-03
2.346727744530596738e-03
2.326767867627699271e-03
2.303561145206772798e-03
2.266488155619944544e-03
2.235624526507051790e-03
2.205465109712534399e-03
2.172926334331720666e-03
2.141179897904188500e-03
2.097920342145787043e-03
2.078492021525768507e-03
2.090785308165837852e-03
