# game: leduc_poker 
# eval_every: 1 
# num_iterations: 250 
# num_players: 2 
# bootstrap: False 
# truncate_negative: False 
# buffer_size: -1 
# num_hidden_layers: 2 
# num_hidden_units: 13 
# num_hidden_factors: 0 
# use_skip_connections: True 
# num_epochs: 200 
# batch_size: 100 
# step_size: 0.01 
# 
2.121509979701100779e+00
1.492907404607333843e+00
1.204314769769243121e+00
9.916998190373592648e-01
8.853801852552838358e-01
7.959740275572719792e-01
7.461841944204476995e-01
7.185616811501090995e-01
7.002455844892360171e-01
6.546583046342193679e-01
6.662284868774208668e-01
6.621463621637844188e-01
6.640765356843358891e-01
6.785316365852398501e-01
6.766445147662003556e-01
6.831241864017962850e-01
6.900906268928893583e-01
6.877966902002417005e-01
6.858473348276568071e-01
6.864665663973683607e-01
6.859328345798463289e-01
6.796379435508992373e-01
6.762532982609967824e-01
6.822691369470205158e-01
6.792290190360843471e-01
6.796494002816791946e-01
6.799672514339247797e-01
6.798348289065790917e-01
6.808796741689739918e-01
6.855320571448588751e-01
6.882355702173184042e-01
6.914917183341910967e-01
6.910911755254950384e-01
6.906966687696998175e-01
6.905759090540245504e-01
6.853834618178875626e-01
6.781641244775212796e-01
6.726928400159594146e-01
6.648476669875167389e-01
6.558766122806251042e-01
6.529724162847192481e-01
6.440711306896407251e-01
6.415083224889699398e-01
6.348728873595694822e-01
6.302186008961039310e-01
6.216416963022650677e-01
6.208901586144793816e-01
6.145579005924068916e-01
6.088438189999734185e-01
6.003946039389435052e-01
5.926695022076773345e-01
5.859977643153371218e-01
5.793055341432294947e-01
5.751649384387104158e-01
5.711320250166864732e-01
5.662782485605440952e-01
5.624881267231958137e-01
5.589011513132007281e-01
5.552879594146522546e-01
5.495218939433011984e-01
5.429652349961402447e-01
5.378559659047172925e-01
5.320190950519860795e-01
5.276476873214180907e-01
5.242512978686667546e-01
5.263575528672550519e-01
5.221995658156515230e-01
5.249525758038480205e-01
5.277211370086614117e-01
5.288676232723679149e-01
5.283152926784495662e-01
5.274938612902448920e-01
5.244809727246847464e-01
5.198814647189966553e-01
5.185534451417409540e-01
5.153224613816760336e-01
5.148292866043751026e-01
5.116824248260332109e-01
5.104856378554298857e-01
5.073258973066471222e-01
5.049128210711171239e-01
5.017052410102271764e-01
4.985319933203057885e-01
4.990509516191618533e-01
4.989828428117065728e-01
4.962535718745522129e-01
4.940558095808803007e-01
4.920502465755943744e-01
4.914340942601214124e-01
4.919681243214252264e-01
4.918383372554459010e-01
4.902223453860693470e-01
4.892480724258151392e-01
4.897602808570338251e-01
4.899047676698287113e-01
4.862461595081092325e-01
4.856570132628271752e-01
4.867149783149488096e-01
4.878593812317755241e-01
4.889222457011560552e-01
4.894097447204644458e-01
4.895234036031361202e-01
4.908880538626141377e-01
4.905210282486686113e-01
4.927192494026001457e-01
4.950191011051656154e-01
4.951754901967163058e-01
4.975721303521286609e-01
4.996046464824269173e-01
5.015792620274170943e-01
5.008596270072545042e-01
5.018805389152745100e-01
5.039984215476946972e-01
5.056925096408634301e-01
5.063919798187546117e-01
5.089137645867488624e-01
5.115293422029200121e-01
5.145387215427970062e-01
5.172505257986398375e-01
5.196453149997214416e-01
5.231045181030766766e-01
5.282332061668375545e-01
5.303475983581655839e-01
5.335230037478391196e-01
5.382335518645270378e-01
5.428898076323447341e-01
5.455754237605834334e-01
5.476166461586775558e-01
5.512591216792053217e-01
5.555391916298186850e-01
5.589111413313105903e-01
5.619116333541872566e-01
5.672174925719748462e-01
5.706488951867429993e-01
5.754185329345458122e-01
5.796069997230577364e-01
5.827529687558955507e-01
5.866723629472370138e-01
5.905672313928279626e-01
5.939378509045443177e-01
5.978902560856110826e-01
6.010408480053197611e-01
6.042472635382341029e-01
6.072621752383704496e-01
6.111712213345785738e-01
6.131088200239989128e-01
6.147823552962005111e-01
6.180647470595834747e-01
6.225111188291134745e-01
6.237691586457269066e-01
6.262158433244193745e-01
6.275770486223606337e-01
6.308941356468760198e-01
6.346864443311301951e-01
6.368730789362109235e-01
6.381608630611365074e-01
6.402772313533333648e-01
6.421221495018868408e-01
6.431608371451277284e-01
6.451057241670443698e-01
6.468526569108052904e-01
6.507240354042854724e-01
6.525499411866461097e-01
6.559871635429026515e-01
6.595055029125072021e-01
6.607187836699509598e-01
6.614669106297415002e-01
6.628008869559953720e-01
6.635022720873215984e-01
6.641138976398557325e-01
6.650794980839699333e-01
6.662263064956379655e-01
6.664941864516997772e-01
6.663581549708570417e-01
6.659273066807296360e-01
6.654627186063003519e-01
6.643240912432910594e-01
6.641087071238626072e-01
6.643825423392515361e-01
6.640587424986685861e-01
6.637691726763138567e-01
6.633805657062687988e-01
6.626221913803780339e-01
6.607906686616273895e-01
6.604182008951668958e-01
6.594947660050883842e-01
6.585037362052043042e-01
6.579779353402078756e-01
6.575180251907984941e-01
6.566787469547012979e-01
6.560090584634564737e-01
6.552680866949227578e-01
6.546600337044832241e-01
6.540601564458372597e-01
6.537989829066452874e-01
6.528069253144861417e-01
6.525053165008993794e-01
6.518210316512198510e-01
6.511625560906316723e-01
6.501850293864001040e-01
6.497561942251071088e-01
6.503023021982310414e-01
6.500172229269584045e-01
6.504752102531931035e-01
6.496508449153717280e-01
6.486642392120299805e-01
6.484259264060963091e-01
6.482761601360685910e-01
6.476799384294209538e-01
6.471075657764707723e-01
6.462749651602603951e-01
6.461294568039637198e-01
6.461308507658302114e-01
6.463672210845123889e-01
6.468815997366594850e-01
6.464765406923002056e-01
6.466636781481328589e-01
6.477882311343523547e-01
6.475853871266905593e-01
6.474911423626393825e-01
6.472777748790053964e-01
6.473443502865083854e-01
6.471921019631691196e-01
6.471834044055302382e-01
6.473021220353064598e-01
6.475133781387900633e-01
6.467051214770800360e-01
6.468392305892601835e-01
6.470500519766625436e-01
6.474496751701067643e-01
6.469904224707434537e-01
6.465288718911773591e-01
6.468087549523424684e-01
6.471538074107962002e-01
6.471032044928874960e-01
6.468647498002426666e-01
6.470637214834318307e-01
6.462119603572433757e-01
6.466459099275809752e-01
6.470353910041128920e-01
6.467483011108580149e-01
6.461884487634390606e-01
6.459651180578376284e-01
6.455203036036698538e-01
6.447858515867919138e-01
6.438758181567072469e-01
6.432836361170799488e-01
6.419959871676415020e-01
6.408415021733105954e-01
6.402813623307419544e-01
