# game: leduc_poker 
# eval_every: 1 
# num_iterations: 250 
# num_players: 2 
# bootstrap: False 
# truncate_negative: False 
# buffer_size: -1 
# num_hidden_layers: 3 
# num_hidden_units: 30 
# num_hidden_factors: 0 
# use_skip_connections: True 
# num_epochs: 200 
# batch_size: 100 
# step_size: 0.01 
# 
2.252407810557435219e+00
2.102841147151418344e+00
1.842501169195423838e+00
1.528119510524951874e+00
1.259965602417807862e+00
1.062949336194482619e+00
9.291817659869114898e-01
8.282361930905920433e-01
7.598653941465149941e-01
7.086164080814324473e-01
6.675224762540250545e-01
6.212197453451759888e-01
5.680394962127176539e-01
5.405821937970549662e-01
5.206925291413968537e-01
5.061718216157529149e-01
4.840206474523242597e-01
4.771627052163822658e-01
4.655097801379246003e-01
4.489973595315958077e-01
4.369819156432467322e-01
4.328195540489062632e-01
4.233575376129257162e-01
4.046858503335643564e-01
3.901653108020907146e-01
3.807507624485860775e-01
3.719172134538585306e-01
3.610413704756541553e-01
3.525723685856082534e-01
3.456665104396532406e-01
3.390886203860613568e-01
3.352165826804216486e-01
3.297813714416039654e-01
3.258823330336010349e-01
3.189561227334059001e-01
3.117708740418242974e-01
3.059041298809000997e-01
3.008423238610291595e-01
2.938386314755117579e-01
2.841777129722944939e-01
2.777054755041016287e-01
2.730848046055133205e-01
2.680081687731544760e-01
2.614710888885795059e-01
2.556926651095058900e-01
2.506783943431727391e-01
2.481212875123070261e-01
2.455096483151772147e-01
2.428081143137993669e-01
2.399199332404709506e-01
2.386460968114118841e-01
2.385302376108334732e-01
2.374673150375992692e-01
2.348933774973706035e-01
2.322349187139227111e-01
2.292885913518818430e-01
2.258920740552794737e-01
2.228702703025490228e-01
2.216515722442279068e-01
2.208060054578826481e-01
2.182704529010432992e-01
2.167534276780944680e-01
2.157280417898456149e-01
2.131547761987945544e-01
2.119408196453139437e-01
2.108184637650822868e-01
2.092516903057400346e-01
2.081150270530006952e-01
2.093839180638724651e-01
2.125888245473670501e-01
2.163461781490538249e-01
2.203551495863346199e-01
2.233112306466102093e-01
2.252106025719175508e-01
2.260124912603692082e-01
2.261667511206829073e-01
2.260612489497927369e-01
2.265905571142255437e-01
2.257322374190376124e-01
2.251526942363540895e-01
2.250876024103690975e-01
2.251065526747375312e-01
2.225878583478406170e-01
2.206179450153556432e-01
2.199386596621697165e-01
2.186871114856348552e-01
2.173291355123451452e-01
2.163582650359057169e-01
2.161389009010076800e-01
2.151930068057829049e-01
2.152684162980277871e-01
2.152258071844917742e-01
2.162744685421168767e-01
2.172289105961965894e-01
2.161013069666337105e-01
2.174311056427421507e-01
2.170932931539668043e-01
2.158107433358163463e-01
2.145164837095905053e-01
2.125298827271322744e-01
2.120408686230906004e-01
2.103618416614234654e-01
2.076663266597592039e-01
2.048051206784699541e-01
2.025199336654137650e-01
1.998839934798511409e-01
1.984201213328639080e-01
1.964883942592788868e-01
1.956442257804576756e-01
1.951455686839096149e-01
1.943351255177795389e-01
1.948362412969436575e-01
1.948134535475559148e-01
1.946446967590886867e-01
1.943677719193594444e-01
1.938888028431962340e-01
1.936196077966357565e-01
1.924966637452774632e-01
1.926564558358367374e-01
1.930375309912060189e-01
1.953610598805195497e-01
1.970297692098879616e-01
1.969524541392290162e-01
1.959543394218066781e-01
1.948865330515486272e-01
1.943741477654288841e-01
1.947752050977729910e-01
1.957644891574506774e-01
1.958719072373241166e-01
1.951203868499118421e-01
1.947683414019323878e-01
1.945876416105269680e-01
1.957793404115076297e-01
1.956809085111670954e-01
1.952572505544782622e-01
1.936066189456721875e-01
1.926326509769140105e-01
1.922177726729487057e-01
1.919433614824989920e-01
1.917581023830813303e-01
1.913481336301808278e-01
1.908256901071537226e-01
1.897305118311607974e-01
1.890318644655028524e-01
1.876456753130950061e-01
1.876589374387396258e-01
1.869200956698254812e-01
1.858528503016941835e-01
1.855230355264234909e-01
1.852650146797364394e-01
1.850350084551699303e-01
1.851442375210011759e-01
1.845038336007844837e-01
1.845642286872192228e-01
1.842402120373840269e-01
1.841941896343876617e-01
1.841804810420801797e-01
1.842663191554546609e-01
1.846854770267556678e-01
1.846267619717668618e-01
1.850036276652654577e-01
1.854719777856490837e-01
1.858529337724098007e-01
1.861895259168996342e-01
1.861928026306031714e-01
1.863193522730880736e-01
1.851456372883794610e-01
1.847118182371423334e-01
1.845595895847086387e-01
1.847332698155321751e-01
1.849610237433440829e-01
1.863640447148094959e-01
1.874184255910182895e-01
1.879372546395466359e-01
1.883239188179962054e-01
1.885281117429351561e-01
1.877758270929917872e-01
1.869865666313696440e-01
1.868613458767564572e-01
1.864565944340758064e-01
1.863087323133089113e-01
1.863307483176660229e-01
1.865899167149255300e-01
1.863588620031184639e-01
1.860067280889696750e-01
1.857553914458146549e-01
1.854800512609420526e-01
1.858644762460943400e-01
1.854397809156214660e-01
1.849767018732843549e-01
1.843307631709317496e-01
1.835349656948801478e-01
1.831215995872950697e-01
1.828900425243188688e-01
1.822299437856069182e-01
1.816878298598648689e-01
1.808023229906091101e-01
1.797171338345657232e-01
1.785934946292072889e-01
1.778287686871927176e-01
1.763372530857256204e-01
1.753177515854955071e-01
1.743353256357997871e-01
1.727193849728502206e-01
1.718939726900846621e-01
1.708914296201888006e-01
1.696093866974675568e-01
1.687716812119247622e-01
1.682480463193038456e-01
1.675435390366547816e-01
1.669243614447060708e-01
1.665965523924725078e-01
1.659909281871815023e-01
1.656301876530566208e-01
1.651360071629086601e-01
1.650404646908970041e-01
1.647410530577187449e-01
1.646477215704078012e-01
1.646570513913585554e-01
1.645894144966360551e-01
1.645999144985926532e-01
1.646200327166910671e-01
1.642929383344404193e-01
1.646422243639197869e-01
1.653248655093200181e-01
1.661601990150628205e-01
1.676105763702978035e-01
1.687981913223787767e-01
1.702893949789769934e-01
1.702392191001469712e-01
1.709418767083508151e-01
1.716517823634538809e-01
1.721932250815188525e-01
1.726153156894165153e-01
1.732968577814167910e-01
1.742822138511750940e-01
1.747209632075305275e-01
1.748397799980645206e-01
1.752496948912999619e-01
1.762776539415281951e-01
1.772983414276072534e-01
1.781545097567103775e-01
1.790220482995424911e-01
1.802439513025654583e-01
1.811182005933804628e-01
1.818367358982921622e-01
1.822261488803287310e-01
1.823145529968377976e-01
1.826221645428593998e-01
1.825514961090422550e-01
