# game: leduc_poker 
# eval_every: 1 
# num_iterations: 250 
# num_players: 2 
# bootstrap: False 
# truncate_negative: False 
# buffer_size: -1 
# num_hidden_layers: 3 
# num_hidden_units: 50 
# num_hidden_factors: 0 
# use_skip_connections: True 
# num_epochs: 200 
# batch_size: 100 
# step_size: 0.01 
# 
2.319315061572434722e+00
2.407400636169710673e+00
2.076796848221580394e+00
1.751987359604473715e+00
1.474217046269508335e+00
1.284688556273758664e+00
1.123073015021589738e+00
9.923510953489402819e-01
9.006488417047526784e-01
8.327205953435887764e-01
7.819089162742838273e-01
7.329836160260055911e-01
6.884630774958102606e-01
6.488733696891343383e-01
6.083953755546692710e-01
5.707007319980406113e-01
5.369313171425718068e-01
5.190425577466460938e-01
5.009457486875863452e-01
4.885274921067206400e-01
4.792832494302468604e-01
4.655969021756799497e-01
4.532398264815669098e-01
4.413950752264172439e-01
4.308190894000639148e-01
4.224912950140491952e-01
4.143315505170436785e-01
4.072741947698628184e-01
4.027114397076541064e-01
3.983649262724133222e-01
3.942266932625286269e-01
3.897771185104937364e-01
3.841907970177763643e-01
3.793768614996338440e-01
3.726275087458728041e-01
3.685696420573499887e-01
3.648080732520334601e-01
3.605968687609591994e-01
3.555816015017170262e-01
3.508428611711199574e-01
3.485474376499633764e-01
3.414025173436764371e-01
3.323170165244848095e-01
3.235636401008842311e-01
3.143056182789089048e-01
3.042219350700389180e-01
2.969928695968638843e-01
2.909758553369224954e-01
2.859550231041272927e-01
2.807687043966095031e-01
2.778874533384076972e-01
2.762619912635184138e-01
2.735658395362950968e-01
2.716205797667547994e-01
2.682747580017719735e-01
2.648539782377898333e-01
2.619745356247358270e-01
2.616787622679491720e-01
2.601203119640308481e-01
2.575279567258440538e-01
2.549083181764160710e-01
2.526468877178262296e-01
2.496274999651100779e-01
2.491685813025103502e-01
2.470669141594442619e-01
2.442994474102515023e-01
2.442447055717607007e-01
2.436566831049246096e-01
2.449770856830139065e-01
2.438220917387830811e-01
2.455106174737947677e-01
2.486146169274220941e-01
2.447012259777140708e-01
2.422663493383296895e-01
2.405192917682639209e-01
2.382607092411236360e-01
2.353077870098597701e-01
2.306586264480457726e-01
2.274675427427236274e-01
2.241560194004738604e-01
2.200055022595551191e-01
2.176643517970761610e-01
2.133950324798291331e-01
2.118701677093198232e-01
2.103631224534583954e-01
2.084380091248992373e-01
2.070381631162314939e-01
2.056807115440943690e-01
2.032108816744355173e-01
2.027579001144547144e-01
2.032815049023728726e-01
2.044997347189716486e-01
2.051868485498071215e-01
2.062568657065115274e-01
2.067943379234137846e-01
2.066881458313747366e-01
2.077297491540972263e-01
2.095793670677557063e-01
2.106101166812146264e-01
2.115290682545193368e-01
2.105077638932338902e-01
2.105608250469753751e-01
2.103762023170041295e-01
2.100648637774186756e-01
2.093326523618645463e-01
2.097290274301137902e-01
2.087075919824361303e-01
2.083252473790664916e-01
2.070514085541071414e-01
2.048347208047348877e-01
2.030170377962224326e-01
2.012031977693439777e-01
1.997465364560075674e-01
1.977776126088898190e-01
1.970637898899035012e-01
1.958291559940614213e-01
1.960565700125542210e-01
1.965745857831264209e-01
1.966914796362232987e-01
1.964843132451369323e-01
1.963126785786761808e-01
1.970375532000123164e-01
1.965562407593806904e-01
1.965002371721782382e-01
1.957815834449677106e-01
1.951345978084225719e-01
1.942334416397953623e-01
1.929611710925337731e-01
1.917759156939277121e-01
1.906418075775399568e-01
1.894738479261491026e-01
1.878287382421401086e-01
1.863025733209804080e-01
1.853791502186784568e-01
1.844309111382665956e-01
1.832950940839055964e-01
1.828006956722236231e-01
1.825361032586864662e-01
1.821958385038867367e-01
1.824564151027191772e-01
1.821296250184105681e-01
1.813933432924505762e-01
1.811834732991525476e-01
1.807609747191067928e-01
1.795959851570944621e-01
1.787037877475034786e-01
1.778270240538506464e-01
1.769207884493882998e-01
1.757920275459205484e-01
1.754278520634290350e-01
1.753762020150445577e-01
1.753472551463335916e-01
1.758633822356081566e-01
1.761154087432780790e-01
1.762549557855388471e-01
1.761336448065487226e-01
1.753791395866901026e-01
1.749709760443747542e-01
1.755117322226433241e-01
1.758674801202374516e-01
1.764774675413733895e-01
1.781602615489698005e-01
1.797649413270597241e-01
1.819685852920864266e-01
1.829786508634626552e-01
1.844056366869826491e-01
1.854918612103285125e-01
1.864595015320351379e-01
1.871969652816274921e-01
1.878842584043227681e-01
1.883990653501180779e-01
1.888648921855655693e-01
1.884396174309636574e-01
1.875788121699950572e-01
1.881119014426221869e-01
1.874974963342821432e-01
1.863343599272856421e-01
1.851372652854501033e-01
1.839597831965640307e-01
1.822116823629295057e-01
1.801709462351135660e-01
1.786931746270466748e-01
1.780571238991012495e-01
1.775661637652255764e-01
1.776675493399066941e-01
1.777558974994621899e-01
1.779175568832035981e-01
1.776549035825598644e-01
1.775344616154735378e-01
1.771441671409048346e-01
1.769566592574352559e-01
1.766632985892307994e-01
1.760894829631559910e-01
1.753325095038547055e-01
1.742973403792336118e-01
1.732223857720113502e-01
1.728982995878415863e-01
1.720087333057074563e-01
1.709573378080088413e-01
1.704184809898277031e-01
1.697529502494790066e-01
1.687161956782349814e-01
1.675778431179214545e-01
1.664237463862307531e-01
1.658502076293016381e-01
1.650392106565059525e-01
1.643800666695718615e-01
1.640373502501049907e-01
1.638626618125348100e-01
1.638986351615780157e-01
1.640706664472826037e-01
1.641145855748707971e-01
1.644742240992987936e-01
1.646929104873918193e-01
1.652714399003398782e-01
1.655166934582909533e-01
1.658364828396030610e-01
1.659692936637255922e-01
1.662344596439535027e-01
1.666512874994992843e-01
1.674614422949569637e-01
1.682779277473455404e-01
1.690768815316022744e-01
1.695372075862291716e-01
1.700673548358911380e-01
1.704524323437195676e-01
1.706107611578782102e-01
1.708503378637117320e-01
1.712309451201281807e-01
1.712453608759261781e-01
1.713818446176007537e-01
1.716476180663485951e-01
1.715361565635561136e-01
1.711614397040879809e-01
1.706401097114088605e-01
1.701437505650594262e-01
1.694950389804301127e-01
1.688852835716826983e-01
1.683393179210220247e-01
1.677894045694497127e-01
1.677306979878540050e-01
1.673843612583307827e-01
1.672173545054077559e-01
1.668480346938834291e-01
1.662649950913464569e-01
1.656752423048445388e-01
1.652627792008525554e-01
1.649928822444538257e-01
1.648490557638502274e-01
1.645850058716344655e-01
