# game: leduc_poker 
# eval_every: 1 
# num_iterations: 1000 
# num_players: 2 
# bootstrap: False 
# truncate_negative: False 
# buffer_size: -1 
# num_hidden_layers: 1 
# num_hidden_units: 13 
# num_hidden_factors: 8 
# use_skip_connections: True 
# num_epochs: 200 
# batch_size: 100 
# step_size: 0.01 
# 
2.578552601563976587e+00
2.181972292859826634e+00
1.765262225325343826e+00
1.541726470346274969e+00
1.370403901102968502e+00
1.224093153788375021e+00
1.101904905390693745e+00
1.023579695358668218e+00
9.610018122299468502e-01
9.120497094664958837e-01
8.479117689434236826e-01
7.994754829990707856e-01
7.694866746560100612e-01
7.599468325617790843e-01
7.513110367444215676e-01
7.446715123828402394e-01
7.378293619732352315e-01
7.363067475898970038e-01
7.368642842796535586e-01
7.370387624324612474e-01
7.334322786671010341e-01
7.340224930866632302e-01
7.375567418499310302e-01
7.386268853019672953e-01
7.369866167920774425e-01
7.421333296203552754e-01
7.430121972353846971e-01
7.348969549413353342e-01
7.298071878635483678e-01
7.233778077607175838e-01
7.129476998464548965e-01
7.086169619073598991e-01
6.999299782500235656e-01
6.941349114771010465e-01
6.846222741808818402e-01
6.798466399034146512e-01
6.743856297731265492e-01
6.678841919088447376e-01
6.623920913243834807e-01
6.593812432562471404e-01
6.582658584595514339e-01
6.559920704366096755e-01
6.494275041514938618e-01
6.430266601966880824e-01
6.352900019894492933e-01
6.338244067438921769e-01
6.270461921680388073e-01
6.211522042499016960e-01
6.170892132018300780e-01
6.142516390593795172e-01
6.086579340548092798e-01
6.030074389096599097e-01
6.006489810574793253e-01
5.927073365832923324e-01
5.922820086980615795e-01
5.911465043794852381e-01
5.897881603794423722e-01
5.874903612232129646e-01
5.880327623522112468e-01
5.904678738046668096e-01
5.885342629222747313e-01
5.918680039607190357e-01
5.944653354173392579e-01
5.959928272958543438e-01
5.997510224345422580e-01
5.998203022794914574e-01
6.009202741371945100e-01
5.996302572206277937e-01
5.991621504566098100e-01
6.009634292420779067e-01
5.990991781786361159e-01
5.975244543988768031e-01
5.967972117867761384e-01
5.946845189782108410e-01
5.956110040338022937e-01
5.979405370279156084e-01
5.994736642633189394e-01
5.987124296610512042e-01
5.982161138932566846e-01
5.979850626453331319e-01
5.998419736423860060e-01
5.979700207025331338e-01
5.985263157262057376e-01
5.986572727620073087e-01
5.988590465968244292e-01
5.999948595878750179e-01
6.022482452671721331e-01
6.021380240293980890e-01
6.033913261713549359e-01
6.028624109211240256e-01
6.044183787397197083e-01
6.050117366331815294e-01
6.045188927345391816e-01
6.057777056261256510e-01
6.060187657565831998e-01
6.059513494993453708e-01
6.074221894851455916e-01
6.077075571162431356e-01
6.064491149339147347e-01
6.077743136384443634e-01
6.084823522341746838e-01
6.078034292271170536e-01
6.075988926665762957e-01
6.092897385713500480e-01
6.097264405817901523e-01
6.084003615900090978e-01
6.089248573181257340e-01
6.100643714888688285e-01
6.125149034689901795e-01
6.140790107486611138e-01
6.161424543515024999e-01
6.168159124310741426e-01
6.151855241153478815e-01
6.154914909487823049e-01
6.160205784385001104e-01
6.147204460889998945e-01
6.148797553658053028e-01
6.166887510257830218e-01
6.172171498612988305e-01
6.161419413017904523e-01
6.176631595162194177e-01
6.171320778381320649e-01
6.172105381969010818e-01
6.166422615975599708e-01
6.154820727384311407e-01
6.140904707799232920e-01
6.142567670368601629e-01
6.128563944339170400e-01
6.127451393062228746e-01
6.111053642735838620e-01
6.131531112417147877e-01
6.118337556302855251e-01
6.090434354478515555e-01
6.065370618045762274e-01
6.070301397892814421e-01
6.057365273600283651e-01
6.051966159124873013e-01
6.047765956883643934e-01
6.033401692477198264e-01
6.010096471186959777e-01
5.999524855362046161e-01
5.980508790372884853e-01
5.971494246664579286e-01
5.963057311436712471e-01
5.961619412127925344e-01
5.953502100817571474e-01
5.947016011643040390e-01
5.935853855813970625e-01
5.927430368021515683e-01
5.917399157871388038e-01
5.922841931902451673e-01
5.930598442256753700e-01
5.924900344888046622e-01
5.929596414329921794e-01
5.923161631571990382e-01
5.940904755241858126e-01
5.916093660021384260e-01
5.897642164026209999e-01
5.886119888800381839e-01
5.876238744053114971e-01
5.864789419970380946e-01
5.838151982549351082e-01
5.822042694182070210e-01
5.806755109393167968e-01
5.796575862010708846e-01
5.784792225310972924e-01
5.776955478270213717e-01
5.779743931619063524e-01
5.767389358171624014e-01
5.758930239605933865e-01
5.761061936995233168e-01
5.763194278830982009e-01
5.758334795289603569e-01
5.754475214440609721e-01
5.749111863888420881e-01
5.742107204653316144e-01
5.738808693531762817e-01
5.734361372692970971e-01
5.735803721487060525e-01
5.732746797576051545e-01
5.729890323049843248e-01
5.722343837998673521e-01
5.719036411204589943e-01
5.726438630109917938e-01
5.719433824249882115e-01
5.714696827376716248e-01
5.714675640268593870e-01
5.706239224367424256e-01
5.706597396580003201e-01
5.698474906349075830e-01
5.696170763959916838e-01
5.695809645512295294e-01
5.687236327468534469e-01
5.687607475655385159e-01
5.690393076441992992e-01
5.682986317525814401e-01
5.683315250404262775e-01
5.671116431973460825e-01
5.669294182099471335e-01
5.667382644430271066e-01
5.656966425614092797e-01
5.650333380001305583e-01
5.642300438881309166e-01
5.637564753400136075e-01
5.632223069947194238e-01
5.627499460573618384e-01
5.621262940238427319e-01
5.612835431902867267e-01
5.608828956976783520e-01
5.609401050876163808e-01
5.602559085025977659e-01
5.599204903254295651e-01
5.590063644006793009e-01
5.592999372728028051e-01
5.592621791075503834e-01
5.587757286958132674e-01
5.580472448889914894e-01
5.574682200720135761e-01
5.577269608465265094e-01
5.579457044768250107e-01
5.579333431499310381e-01
5.580462404075261507e-01
5.579624269408263171e-01
5.582881408049036320e-01
5.588498632972997981e-01
5.593287385180459870e-01
5.593121867924502055e-01
5.594045941721882409e-01
5.591519599839298582e-01
5.601025638445493726e-01
5.598457749974934394e-01
5.597852273527212930e-01
5.598063876753438528e-01
5.602559429198559204e-01
5.600938289111103696e-01
5.603617026796802181e-01
5.609873413842670908e-01
5.611125622260313417e-01
5.612288329573283940e-01
5.616431309589934306e-01
5.611411937092987134e-01
5.620093811546236218e-01
5.626357048659487159e-01
5.628076648584642294e-01
5.628388205892129736e-01
5.630906417908116968e-01
5.637558035272594026e-01
5.639344772058005884e-01
5.642474523025626798e-01
5.651163061599960846e-01
5.651423121880420064e-01
5.657498037211016184e-01
5.667455767608574613e-01
5.672631200439031129e-01
5.675314687332085883e-01
5.683924879869685087e-01
5.694025241693349004e-01
5.695578182940820300e-01
5.706478472122115120e-01
5.708852433824808115e-01
5.710864743697854351e-01
5.711155017488697139e-01
5.718619764620904711e-01
5.726236030098802443e-01
5.737233923334188468e-01
5.741619662872248231e-01
5.747340757210094297e-01
5.757454391271252803e-01
5.776081973012581194e-01
5.782089577192276453e-01
5.786111305388708104e-01
5.789110971990854004e-01
5.785577996203292717e-01
5.795004065502253887e-01
5.805465883163963836e-01
5.807758802957156963e-01
5.807265780811311506e-01
5.812858715033836221e-01
5.816249258195989036e-01
5.818150763628433531e-01
5.823754410694854666e-01
5.835319053795740007e-01
5.849145349784092840e-01
5.854565498994783734e-01
5.859908628033465572e-01
5.874365444816270765e-01
5.873644469826971859e-01
5.881327497202907262e-01
5.891881669220808693e-01
5.894585869059191241e-01
5.910298197477925619e-01
5.929862225693481870e-01
5.934018896628634465e-01
5.943096080957100957e-01
5.949149239189031046e-01
5.957477088468099424e-01
5.969024388349475352e-01
5.981565046039196698e-01
5.986939545327953915e-01
5.996422849411821021e-01
6.005350872482663194e-01
6.022188238862230536e-01
6.025267381394590060e-01
6.033263498789572798e-01
6.040210229998548286e-01
6.051756515161886840e-01
6.064498341893531652e-01
6.069881054142560739e-01
6.071258721193388830e-01
6.074515938932898429e-01
6.076739158786771400e-01
6.088689931441098047e-01
6.097015977325791480e-01
6.104079850384463990e-01
6.106368364985781394e-01
6.107018886602931795e-01
6.112326229636378949e-01
6.121255148972126747e-01
6.130730914444123547e-01
6.131220710900062709e-01
6.134951815834338573e-01
6.131646285121388207e-01
6.138316601091216018e-01
6.142510053089048627e-01
6.145601306630507077e-01
6.148290072738267220e-01
6.147629817730010382e-01
6.146746002765191008e-01
6.156868808459714515e-01
6.154715190012353121e-01
6.157518245430435577e-01
6.154385909519497488e-01
6.160622926452934411e-01
6.155213374560539741e-01
6.157515024853946750e-01
6.156694467954905159e-01
6.156406404458997228e-01
6.153337443127702144e-01
6.153115575375149859e-01
6.161900175720510520e-01
6.153425465910118408e-01
6.147823034021437927e-01
6.141682813346556191e-01
6.143027719418571175e-01
6.140438602059832274e-01
6.135970008265472231e-01
6.139830355247456461e-01
6.140256185486918650e-01
6.134719975154652172e-01
6.137137302670141459e-01
6.137619114582073543e-01
6.131565478727269980e-01
6.128195506567903905e-01
6.125214453897389610e-01
6.126101177292577749e-01
6.122266706548225024e-01
6.119742685795630521e-01
6.123091894008259040e-01
6.117345742248573304e-01
6.116230248184866269e-01
6.115474592858440861e-01
6.116606302113516413e-01
6.117088978030633672e-01
6.116099272774333517e-01
6.114666982748673263e-01
6.110383601448514668e-01
6.110454519561439035e-01
6.117264197588750951e-01
6.113792887657615305e-01
6.117264462176181805e-01
6.116960498658365886e-01
6.116994224476191011e-01
6.117609997713954195e-01
6.115513101864202827e-01
6.115172260398880066e-01
6.118448339834774430e-01
6.111781316105281414e-01
6.113821388981861560e-01
6.115599431227041194e-01
6.109910077294899988e-01
6.110553039382033980e-01
6.106997247329173373e-01
6.105439028927868161e-01
6.101346647160394987e-01
6.097652617318680690e-01
6.100024147438800615e-01
6.099804594523394741e-01
6.094636215185555983e-01
6.088976405889207077e-01
6.083682314795575419e-01
6.083883333402285709e-01
6.080535522968760764e-01
6.080616354793340061e-01
6.079209157018362619e-01
6.079172321164116877e-01
6.076817714544495708e-01
6.073013166205032398e-01
6.077577538407530344e-01
6.084568063674090643e-01
6.082016205807689868e-01
6.084462850482921237e-01
6.085705823253236835e-01
6.086042069107079344e-01
6.088144751159323409e-01
6.095177009664252132e-01
6.096093206628938610e-01
6.098227691786894944e-01
6.101666173378941238e-01
6.106873680971347529e-01
6.111590728641385084e-01
6.114047072262104310e-01
6.118429515904695304e-01
6.121543641870970109e-01
6.125626889359033767e-01
6.127953919192270504e-01
6.129324650892475912e-01
6.131827895099348780e-01
6.133878921225057734e-01
6.140034255737515378e-01
6.138005025428625583e-01
6.142251977038717392e-01
6.145443895606461648e-01
6.146099473887045583e-01
6.143993349317788955e-01
6.144856892314852770e-01
6.145865946335997698e-01
6.145039675915758837e-01
6.145025054246151530e-01
6.144089999377710942e-01
6.144017491448364732e-01
6.149324196156840117e-01
6.155206898278455796e-01
6.155249231798891607e-01
6.152327673772186589e-01
6.152687232521915073e-01
6.157512025948346235e-01
6.160839073701305235e-01
6.164603137375552766e-01
6.167453852697932781e-01
6.176137027794477152e-01
6.178376330066704947e-01
6.179909739012330316e-01
6.179223582568177386e-01
6.183150250557343242e-01
6.189429564191756272e-01
6.188866679142110971e-01
6.193042454835916422e-01
6.194789507960283270e-01
6.200516390537028633e-01
6.208534440233870466e-01
6.212171998741762291e-01
6.216842335019504562e-01
6.220320381257131714e-01
6.222276340365962000e-01
6.223275611519467621e-01
6.221623608696669194e-01
6.221649301100852236e-01
6.223201750218363415e-01
6.225060788028068393e-01
6.223207038019582527e-01
6.225140837677672900e-01
6.221290191499173616e-01
6.225898679532423374e-01
6.220931359754688916e-01
6.222700170066901570e-01
6.218789780832189029e-01
6.218882600144517436e-01
6.217012445067409132e-01
6.208267756324072906e-01
6.199033261764373970e-01
6.190020196055643353e-01
6.183470617074300346e-01
6.171321782919874099e-01
6.165421779651002465e-01
6.160195560890113775e-01
6.153054468670398069e-01
6.145905143149764660e-01
6.140003983603713467e-01
6.129525177494943300e-01
6.121078934618715550e-01
6.114636469656554718e-01
6.109244830632780676e-01
6.106047347288151572e-01
6.093759095549076132e-01
6.086888857225676297e-01
6.079106192160018685e-01
6.071119738866437299e-01
6.064516305494980219e-01
6.058914640290893328e-01
6.053171788376705553e-01
6.047069021787122578e-01
6.039690804167943128e-01
6.034606358767984347e-01
6.025378686118165739e-01
6.020453583279452570e-01
6.013089576566437167e-01
6.006634560981057858e-01
5.998124419572277155e-01
5.988276726322676602e-01
5.982319623697086586e-01
5.975033880475608683e-01
5.969444689796143955e-01
5.969467931896472734e-01
5.962236581035428307e-01
5.953148282762062982e-01
5.950462771910240978e-01
5.942268689712093543e-01
5.933050688681795748e-01
5.929559456858608524e-01
5.921217785205197259e-01
5.912784388333717223e-01
5.907809477840031409e-01
5.901325858897086274e-01
5.896656635974009131e-01
5.892286023877162382e-01
5.889208017047006249e-01
5.884665978897470895e-01
5.884266862990927827e-01
5.878300116787285035e-01
5.877591690476340336e-01
5.871010384959847173e-01
5.869541920373059218e-01
5.868445841730390855e-01
5.864168065242112426e-01
5.858549532309491603e-01
5.857235525811068655e-01
5.855003423834681531e-01
5.855106143950350450e-01
5.856455419575271604e-01
5.856201173414858907e-01
5.855089794397415615e-01
5.852157977597893801e-01
5.850582799608001761e-01
5.848429056177504304e-01
5.850931644641557128e-01
5.850587057058298512e-01
5.850547575080548013e-01
5.851127046361286332e-01
5.849657800573198063e-01
5.849660356875460154e-01
5.850894268349291494e-01
5.851448772344545191e-01
5.852261084847419914e-01
5.852904643316059197e-01
5.856530983267170809e-01
5.858057385027023445e-01
5.858725567606157814e-01
5.859373767396518495e-01
5.858864389705418230e-01
5.859642465508125841e-01
5.859737018042188161e-01
5.860052078604740533e-01
5.859892179355637998e-01
5.858060932933027987e-01
5.858283164157880307e-01
5.856549948145726159e-01
5.853735345168933346e-01
5.854355071130178390e-01
5.855865815098960647e-01
5.857380673684937644e-01
5.856428639744263309e-01
5.854290773141234139e-01
5.855885371084165181e-01
5.853966193777191407e-01
5.854300997584618305e-01
5.851990043918363638e-01
5.849916287822993777e-01
5.847770432502905624e-01
5.845750909373221837e-01
5.844768046857141686e-01
5.841215373925509047e-01
5.839151829280012640e-01
5.836559915798702480e-01
5.836880447474281919e-01
5.833158805535147984e-01
5.830839735274603308e-01
5.827395840058705589e-01
5.822925144600493708e-01
5.820147499864389840e-01
5.814863022232568124e-01
5.814037900224995337e-01
5.812952736900791617e-01
5.808811191558165277e-01
5.803885159114769987e-01
5.802899226625150009e-01
5.799338514564933433e-01
5.798233149941660614e-01
5.794538080581080886e-01
5.793101970514158428e-01
5.791166021232564409e-01
5.788761587637861750e-01
5.784814865845817611e-01
5.782940510837910608e-01
5.784080632635342223e-01
5.784796665551591444e-01
5.783689890953142010e-01
5.783302461915202919e-01
5.782376387504550852e-01
5.778610896736914304e-01
5.773073963883146309e-01
5.775465583096915934e-01
5.773148880224716617e-01
5.768512980657544142e-01
5.763247553638763954e-01
5.760278967726448762e-01
5.758481532840862283e-01
5.755156382474965193e-01
5.752952630671617218e-01
5.750559982054139763e-01
5.746526914654537244e-01
5.740902809321487554e-01
5.739356805742441558e-01
5.736467665147451100e-01
5.734975211909828507e-01
5.727948374742501958e-01
5.725115614379344686e-01
5.722347821571560633e-01
5.720610126777430082e-01
5.718290227085696120e-01
5.714260164304102441e-01
5.715634235958604314e-01
5.713219670481373136e-01
5.707724753740287538e-01
5.707136067568046034e-01
5.704777365008513179e-01
5.703462455714636281e-01
5.697205094263794178e-01
5.695044628104026785e-01
5.691833285703187251e-01
5.690845263291823830e-01
5.690105038548225469e-01
5.688524699577914845e-01
5.683805433388593453e-01
5.680169018327418939e-01
5.679787630237136398e-01
5.680760125733543831e-01
5.676554774170377016e-01
5.673211257883642444e-01
5.672446421992274335e-01
5.667966352177303824e-01
5.664495004579037651e-01
5.662117266061637011e-01
5.660680164364679801e-01
5.658628518838612065e-01
5.654589362639204086e-01
5.651287605455959095e-01
5.649235386013484739e-01
5.645723075508912725e-01
5.643562272099065247e-01
5.644267617194387299e-01
5.644441001383895262e-01
5.644267083844562993e-01
5.642103527873658653e-01
5.638808644063886266e-01
5.638367771797294647e-01
5.637754993926364921e-01
5.638452256578549981e-01
5.636434114671713402e-01
5.636832822116106811e-01
5.637148828010178914e-01
5.637162021542692081e-01
5.635829811326021899e-01
5.633701709630531962e-01
5.633865267737784288e-01
5.633372149379634042e-01
5.634203262648934674e-01
5.633080380641596330e-01
5.631853993660642654e-01
5.630611480324545504e-01
5.626580993577063872e-01
5.623970490669912836e-01
5.622078211476218002e-01
5.623266462402604082e-01
5.619849193157253620e-01
5.622134015434170351e-01
5.622488098767285392e-01
5.618713316528926027e-01
5.620302487296482408e-01
5.618235197727420305e-01
5.617214305077304903e-01
5.614786645127960441e-01
5.611161729108775642e-01
5.611514345207184729e-01
5.613026217211043445e-01
5.610432522331204597e-01
5.609524931758176347e-01
5.609020753370813628e-01
5.607386302939486589e-01
5.605964893962299689e-01
5.604052654414338752e-01
5.603135494680133721e-01
5.602298234642125729e-01
5.602921223333718892e-01
5.602036911486659720e-01
5.602345701804152256e-01
5.599036199375548861e-01
5.595673787565351720e-01
5.593667906073639395e-01
5.592956603950034467e-01
5.589346441959455181e-01
5.584955422965915961e-01
5.582287865754735900e-01
5.582670142675073555e-01
5.580144965642739319e-01
5.580608880894502022e-01
5.578509078695104151e-01
5.577033581585673083e-01
5.572997951826585972e-01
5.570419060179743198e-01
5.571929932292845056e-01
5.570257895841099760e-01
5.566915564053815935e-01
5.565951482607554013e-01
5.565088976469234616e-01
5.561733984424708233e-01
5.559810857534310813e-01
5.559711172323137385e-01
5.559358593534515780e-01
5.557503268250084671e-01
5.558640607123452870e-01
5.559156880562496905e-01
5.556249364101718546e-01
5.552737057371595064e-01
5.551775446544366943e-01
5.548324489569610440e-01
5.546719531394374014e-01
5.544001139968595115e-01
5.542318696260263300e-01
5.541575161185912091e-01
5.541926420316167778e-01
5.540079252417697830e-01
5.537199823796428166e-01
5.534760300767693764e-01
5.533022152905622271e-01
5.532233377322577361e-01
5.532611314950797166e-01
5.533396098506211391e-01
5.532156207255329861e-01
5.530552062817699621e-01
5.532081441522659349e-01
5.531018263678617597e-01
5.529471839934447797e-01
5.525606370677527135e-01
5.522047709284431116e-01
5.519685944314758341e-01
5.517837802542087111e-01
5.517740391758340079e-01
5.516462874327952015e-01
5.514597937710264963e-01
5.514227702291690791e-01
5.512915694717599457e-01
5.513102785077991230e-01
5.513566704398383811e-01
5.508785147419994477e-01
5.508678971138075697e-01
5.505647757242136953e-01
5.501469038690013358e-01
5.498794153488225644e-01
5.496533170507286181e-01
5.494533055180566006e-01
5.493113484388039147e-01
5.489989388598642828e-01
5.487302954087764917e-01
5.485647405931235454e-01
5.484497993365643476e-01
5.482423777654732433e-01
5.482622614346458478e-01
5.480502326505104493e-01
5.476911505982593464e-01
5.474418578264588220e-01
5.472398640246757262e-01
5.469250468826684086e-01
5.466721105584557705e-01
5.465447513427499349e-01
5.461813750787920529e-01
5.458296346692039780e-01
5.456496010007358954e-01
5.456413638221334628e-01
5.454842193026795405e-01
5.451519610988848630e-01
5.451698505872796252e-01
5.448059466808908846e-01
5.445917291673314509e-01
5.444202569401475067e-01
5.441660738977746048e-01
5.437852496527566526e-01
5.434743594330120331e-01
5.431762614651700627e-01
5.429483282103275688e-01
5.425243761303144563e-01
5.421782756941233572e-01
5.421253941020530709e-01
5.421288004967166341e-01
5.418105607945159496e-01
5.416181340094565755e-01
5.412362903585399287e-01
5.410703185459435627e-01
5.406389035381770070e-01
5.404864692258750658e-01
5.402186920864422426e-01
5.398012971202086341e-01
5.393028884168740156e-01
5.390160124489054017e-01
5.388302064552762394e-01
5.385370031286440540e-01
5.380123219694892267e-01
5.377266473507222866e-01
5.374776923954021068e-01
5.371037120696173783e-01
5.369106289435604529e-01
5.366508062404740098e-01
5.366296446243090656e-01
5.364511525627292388e-01
5.361241185852949620e-01
5.358562313372046138e-01
5.355975360595248702e-01
5.352058836632991312e-01
5.347901041592204585e-01
5.345292799168575026e-01
5.343051477713058883e-01
5.338117185115344165e-01
5.335513061210199748e-01
5.332347243074975207e-01
5.329740213475400168e-01
5.329027006890015850e-01
5.326371789282503544e-01
5.322460373669007927e-01
5.318611681049683071e-01
5.315720672522131762e-01
5.312841880713643494e-01
5.309827751396081208e-01
5.308410549554121172e-01
5.308188387107196649e-01
5.304713140663600557e-01
5.301778528316957173e-01
5.297081537458547817e-01
5.294852794985358546e-01
5.292754737989022740e-01
5.288628201013579888e-01
5.285283103985973785e-01
5.282048364390283801e-01
5.279430976087897687e-01
5.276710801374613347e-01
5.273550057851210671e-01
5.271051822675578702e-01
5.269707520092316022e-01
5.267489054841578699e-01
5.263578293908738326e-01
5.263913050042816621e-01
5.260191002473367794e-01
5.259467995117034222e-01
5.255298181890963871e-01
5.251846326084936845e-01
5.248789122888359859e-01
5.245142485580829295e-01
5.243174242382331318e-01
5.239316457275811079e-01
5.236431284705997946e-01
5.234086241609050560e-01
5.232419107849681783e-01
5.230879430089033777e-01
5.229170506985789668e-01
5.227221798002822384e-01
5.225290739863104328e-01
5.222741428298851574e-01
5.220669504970401054e-01
5.220907584623992737e-01
5.219800331033429552e-01
5.217735850882980753e-01
5.216824868534416515e-01
5.215723008757615631e-01
5.216220039050225576e-01
5.218461055502379153e-01
5.218641528871003077e-01
5.217817556086614683e-01
5.215592919397686877e-01
5.215539567237670315e-01
5.216114883422633408e-01
5.215433758647343154e-01
5.214050663040523670e-01
5.211843395145004942e-01
5.209813570267685101e-01
5.209127159655008166e-01
5.207147743536131301e-01
5.205589385456131923e-01
5.205750348752371526e-01
5.204846302868266772e-01
5.204388315000667564e-01
5.202834550683674841e-01
5.201677675421978453e-01
5.201335066314932698e-01
5.200300388182170774e-01
5.200697918810264220e-01
5.199507171398093375e-01
5.198718220883792318e-01
5.197891960723235449e-01
5.198655628383305194e-01
5.198660409188169407e-01
5.196979752571162514e-01
5.196390675549196203e-01
5.196679481159038883e-01
5.196314215019068872e-01
5.196884594872124286e-01
5.196729054320220476e-01
5.196959240695752102e-01
5.196438249663002384e-01
5.196003053729342236e-01
5.194479270703201701e-01
5.195123371505053766e-01
5.195004683411248436e-01
5.194116895565373815e-01
5.194812115995590673e-01
5.196020598806336821e-01
5.196356147511480561e-01
5.196006139462953088e-01
5.195834280770468272e-01
5.197004062055528006e-01
5.197289197264464145e-01
5.199155208977801479e-01
5.198884920684995192e-01
5.199205494084230272e-01
5.197677207376543151e-01
5.198534996197410329e-01
5.199021408320106952e-01
5.199308560357458475e-01
5.198837907649513923e-01
5.201072751369484326e-01
5.201439929475564217e-01
5.201523433254116036e-01
5.202468615279542963e-01
5.202552410501016800e-01
5.203822039688872358e-01
5.204304373075003820e-01
5.205141628560322475e-01
5.205247886467834206e-01
5.205364102673158966e-01
5.204569219416133041e-01
5.205116261057675109e-01
5.206465002463915859e-01
5.207467048665777032e-01
5.207846316610433846e-01
5.210014579254990119e-01
5.210468599946246337e-01
5.211004057718209292e-01
5.211802850113794738e-01
5.212392921330348816e-01
5.213214899656345436e-01
5.213460676516653569e-01
5.214394861644177093e-01
5.214413389712195812e-01
5.213793290379822309e-01
5.215326669228079748e-01
5.215863331014208848e-01
5.216474380540738753e-01
5.217052481132191666e-01
5.216867031401244414e-01
5.218524413615821533e-01
5.218377059268288765e-01
5.218923571129869821e-01
5.221514919963060608e-01
5.222065626892644641e-01
5.221614915765471210e-01
5.222076695821075143e-01
5.221295627511173265e-01
5.222017028479312151e-01
5.222307202042971719e-01
5.222712958460441479e-01
5.222369703708842348e-01
5.223297738134293766e-01
5.223426930792796075e-01
5.224800409074445984e-01
5.225785784688674607e-01
5.225650139613158274e-01
5.227246790253804454e-01
5.229075609469595598e-01
5.229626911489191343e-01
5.230991512677929389e-01
5.231621267680310883e-01
5.233267968810888515e-01
5.235009646857600174e-01
5.236004165136932675e-01
5.237550486856742404e-01
5.238343803073208793e-01
5.239076967160090081e-01
5.239461271505859719e-01
5.238761313735094127e-01
5.240223791440887791e-01
5.241896207175786859e-01
5.243157648785190528e-01
5.244566833995584210e-01
5.244846551703931103e-01
5.247179854216217354e-01
5.247344084733891467e-01
5.249663774634587554e-01
5.249611676206820121e-01
5.252081830724366629e-01
5.253792587941101822e-01
5.253808263649122345e-01
5.254974864057739836e-01
5.256673981514556893e-01
