# game: leduc_poker 
# eval_every: 1 
# num_iterations: 500 
# num_players: 2 
# bootstrap: False 
# truncate_negative: False 
# buffer_size: -1 
# num_hidden_layers: 2 
# num_hidden_units: 100 
# num_hidden_factors: 0 
# use_skip_connections: True 
# num_epochs: 200 
# batch_size: 100 
# step_size: 0.01 
# 
2.736983955516780753e+00
2.045977564829795980e+00
1.558885668439685235e+00
1.272201621058496102e+00
1.101972187741896647e+00
9.870669936240652476e-01
8.908582315263331441e-01
7.981885424386414574e-01
7.204946971739735195e-01
6.541468808874983942e-01
6.104220760416332325e-01
5.813396703323182590e-01
5.365697885795378541e-01
5.012908230819055344e-01
4.672185578017963303e-01
4.389849973321057752e-01
4.177007233452024737e-01
4.037502017017134959e-01
3.915116674169097921e-01
3.780178768530226829e-01
3.614820883948960950e-01
3.490282602063506934e-01
3.431690067374729702e-01
3.370923586396593064e-01
3.280175280854045750e-01
3.183957079843505733e-01
3.061125146375541228e-01
2.942445090791256379e-01
2.774906224544638200e-01
2.700174517318469358e-01
2.654335016681358406e-01
2.614097977746546730e-01
2.555814444527291229e-01
2.511021364973609615e-01
2.462899384734805741e-01
2.418514738169029177e-01
2.351281279872920460e-01
2.272915178352963861e-01
2.204921986412463342e-01
2.143933351403801979e-01
2.097773027589869277e-01
2.059515950479941515e-01
2.025569621905261575e-01
2.008490664898413547e-01
2.014420798409969071e-01
2.020175464015653566e-01
2.002568117430504890e-01
1.976111245985969211e-01
1.959613073157097651e-01
1.965893749056548123e-01
1.953358243289521345e-01
1.952802718535388837e-01
1.934990433326788106e-01
1.910229606880250453e-01
1.885657399863635286e-01
1.873577967465173133e-01
1.889502801447548730e-01
1.885694487613750192e-01
1.884219462755966357e-01
1.880314740795328288e-01
1.867554780310651807e-01
1.868892315670732385e-01
1.881866499962800976e-01
1.852346867498976535e-01
1.833948392900869029e-01
1.816701173272442793e-01
1.809932403259794653e-01
1.794241853649392870e-01
1.795332574436186435e-01
1.790198576537957442e-01
1.787069714065544490e-01
1.773908965370853685e-01
1.783748209018904129e-01
1.781752068942421274e-01
1.783766233775204157e-01
1.781107830640341616e-01
1.765704907088601616e-01
1.749529635216832968e-01
1.726100461141577003e-01
1.715548531635407159e-01
1.688690123891685713e-01
1.661752295182392369e-01
1.631075683078026528e-01
1.597168306670356808e-01
1.564408165366799608e-01
1.537708476379731626e-01
1.517900323964710418e-01
1.511837009385195718e-01
1.507832724567439442e-01
1.501963078531765305e-01
1.494399481513550287e-01
1.495876730407574573e-01
1.486108171015745327e-01
1.483400291837384533e-01
1.480639058840818867e-01
1.481954682616217212e-01
1.478449523816882660e-01
1.470268836949526481e-01
1.460993094214039500e-01
1.456039828793818380e-01
1.450966578831938969e-01
1.437615494695424767e-01
1.420238587155144283e-01
1.401250822578402611e-01
1.386982979406969352e-01
1.380266769520758774e-01
1.381241831204447768e-01
1.378655756357364259e-01
1.365794455777831207e-01
1.355349778607873867e-01
1.336897685216825726e-01
1.320314718110353613e-01
1.299570142011076956e-01
1.296514457178294388e-01
1.289735862696244628e-01
1.288700920419586782e-01
1.281959847672650699e-01
1.284801851052177479e-01
1.291040729665019482e-01
1.301678167045775270e-01
1.317781870512263753e-01
1.334260105636322358e-01
1.351886685444739777e-01
1.362869481033515684e-01
1.379638556261826299e-01
1.390985037766695742e-01
1.398143679450475907e-01
1.395842328847435865e-01
1.388229661480932520e-01
1.379933261118828913e-01
1.370876521514617641e-01
1.360493962604692464e-01
1.354862418367513976e-01
1.344736305108150676e-01
1.340239445756813974e-01
1.335169782998966714e-01
1.328382880336833050e-01
1.326571345664704082e-01
1.320470965320139078e-01
1.323643365229135727e-01
1.322229043424578698e-01
1.313816732439559432e-01
1.322155783534806894e-01
1.320662566323719256e-01
1.318945961256129951e-01
1.325250637688420441e-01
1.329121984037494597e-01
1.335916215590993161e-01
1.340733629195206000e-01
1.339698279285079507e-01
1.340267206752308315e-01
1.339119589999682447e-01
1.340140572488615622e-01
1.344720536751746187e-01
1.334679352049537582e-01
1.331590362841757469e-01
1.332627291716142470e-01
1.330418328399518568e-01
1.334009673774952665e-01
1.343386255209387814e-01
1.342349593044427913e-01
1.346189672474045751e-01
1.351947916672990857e-01
1.355060276274169806e-01
1.350927537615952412e-01
1.349606064495135205e-01
1.352846657976601863e-01
1.361043977312697550e-01
1.366064363805205850e-01
1.370960654297836145e-01
1.378953406006706572e-01
1.379991745046638685e-01
1.378153648146761834e-01
1.374444096252164793e-01
1.376790604004038965e-01
1.379298612442693694e-01
1.378619891982591217e-01
1.377964414342496835e-01
1.376372709920379855e-01
1.369565027676139524e-01
1.359495784603573787e-01
1.354438491593330240e-01
1.344206140954409268e-01
1.335942941614775559e-01
1.325047561595910639e-01
1.316468398814492069e-01
1.308150495939770230e-01
1.305103137126389645e-01
1.302014017881286678e-01
1.305518099706747537e-01
1.310056109425099813e-01
1.312938625894404521e-01
1.321851364256715344e-01
1.328940836232575529e-01
1.338399705274036788e-01
1.347175743892087829e-01
1.355675587912835156e-01
1.360949316418190169e-01
1.363250815411605199e-01
1.368671094140055944e-01
1.368531392365025523e-01
1.365287292073809333e-01
1.364404627380463864e-01
1.360637639206364602e-01
1.358140667181568229e-01
1.354250688834198468e-01
1.349572735396976642e-01
1.344504838413793646e-01
1.340847568912119647e-01
1.339742276602953752e-01
1.339287909857399816e-01
1.338360244928577525e-01
1.336962595756297500e-01
1.334603382645236369e-01
1.328874819022952125e-01
1.324661238535829177e-01
1.318891345280510663e-01
1.311349982533605019e-01
1.303172518961404625e-01
1.295355412024445652e-01
1.283869041289956159e-01
1.270245114777577289e-01
1.257087477906935202e-01
1.240929195071161367e-01
1.224046334447554812e-01
1.207408666423046006e-01
1.194767815321085835e-01
1.178079797407610846e-01
1.167825464404524255e-01
1.159570436560242029e-01
1.151307367435820128e-01
1.147421288228543113e-01
1.144880595650464294e-01
1.139823858900468889e-01
1.133374906466761423e-01
1.129670498255940930e-01
1.128688661525075881e-01
1.129138706483105159e-01
1.130834397287800303e-01
1.130887595828952846e-01
1.133601162439270837e-01
1.135184341246589235e-01
1.135679619459013800e-01
1.138566777200105823e-01
1.139598668020903177e-01
1.142153901224904067e-01
1.144802308664597257e-01
1.148264009889500142e-01
1.150264978215587014e-01
1.154374683550727920e-01
1.156440754357292433e-01
1.159222736957700589e-01
1.164208512392357203e-01
1.166739442147903261e-01
1.169808834906031353e-01
1.172308455776045755e-01
1.174318985843146174e-01
1.176656070872325738e-01
1.178458063579078952e-01
1.181312807567187761e-01
1.181404445698024386e-01
1.184107384886735476e-01
1.185257850476571229e-01
1.184946445453132630e-01
1.183965099554299405e-01
1.183358461037280623e-01
1.183259987994161461e-01
1.180501548367990095e-01
1.179935644537745548e-01
1.171517475638581690e-01
1.167633108759596750e-01
1.162607013973823711e-01
1.158410623037221254e-01
1.154770824840626875e-01
1.150640058203980381e-01
1.146112449781809262e-01
1.142178227561702897e-01
1.138315353703478194e-01
1.135106977227321456e-01
1.135348675096028714e-01
1.136385236361837914e-01
1.137158877655403549e-01
1.140028740216400965e-01
1.142624668934039134e-01
1.143852230906411416e-01
1.147701470411476299e-01
1.150681132190797817e-01
1.155984808634754474e-01
1.156815192557085759e-01
1.160651371915632779e-01
1.162361203809333388e-01
1.163806447209195793e-01
1.165468228575929216e-01
1.168173662000099033e-01
1.170598918699521790e-01
1.173035443821832807e-01
1.177123831771968859e-01
1.178309652305817717e-01
1.180575298506626042e-01
1.185117792814750493e-01
1.187825694557215483e-01
1.188930010566575241e-01
1.190345777706454389e-01
1.193887993198328029e-01
1.195552943409926433e-01
1.196924339090744971e-01
1.197255673211801708e-01
1.197581301084390260e-01
1.199175369532118063e-01
1.197937873949010273e-01
1.199336569415704323e-01
1.200000522559579591e-01
1.201082220422099306e-01
1.203254879089341173e-01
1.205539159788795167e-01
1.207961184104997532e-01
1.208089685405856345e-01
1.208253585089077708e-01
1.205604696971184081e-01
1.203732941658686439e-01
1.203926203598912059e-01
1.203436196513579387e-01
1.201910140900140922e-01
1.202346144815496648e-01
1.202617166283773964e-01
1.204636694976379818e-01
1.206291540597684842e-01
1.206403720198413326e-01
1.207118255419641767e-01
1.205743596039637738e-01
1.205290050141907682e-01
1.205703523405418781e-01
1.205935528734261436e-01
1.203550204505698940e-01
1.202321132234924067e-01
1.200143964969513505e-01
1.197929033772771462e-01
1.195620284994785704e-01
1.191549975867994965e-01
1.187013513831007699e-01
1.182232941588669539e-01
1.177713037501492421e-01
1.175955801398160250e-01
1.171281566167881316e-01
1.165928173750256508e-01
1.161098938533264985e-01
1.156921374318869572e-01
1.151606679551734486e-01
1.148235626101943713e-01
1.145294177416156522e-01
1.142945663514326193e-01
1.139537146976469101e-01
1.136765821593501008e-01
1.134983253794978192e-01
1.134443474461155205e-01
1.134291636980095108e-01
1.136913807278913946e-01
1.137296208535179542e-01
1.136876145157995066e-01
1.137731975534167633e-01
1.138272056282577105e-01
1.137810328584983460e-01
1.137516186295986637e-01
1.136601583997119413e-01
1.134691903083554915e-01
1.131543040425060098e-01
1.128740575675881014e-01
1.125408252022041949e-01
1.120553150875797654e-01
1.118149277851762519e-01
1.113367172651505560e-01
1.108611089253795229e-01
1.104637633106680394e-01
1.099969458574240194e-01
1.094497188086993172e-01
1.087944718888941426e-01
1.082582142528208252e-01
1.075040944019346606e-01
1.068636642374177770e-01
1.065526836718594383e-01
1.063338515669168399e-01
1.061030536113138911e-01
1.059184656115057938e-01
1.057547462032102925e-01
1.055678804730245390e-01
1.053963284793328070e-01
1.053596404007601378e-01
1.054280180974088293e-01
1.053309549027319908e-01
1.054957605832597678e-01
1.056391703809982097e-01
1.056796106608308139e-01
1.056509901005812241e-01
1.058116838257755904e-01
1.060574311600997605e-01
1.061694764587468170e-01
1.061263477427934337e-01
1.063561387756641607e-01
1.066359865534708545e-01
1.066733452955188621e-01
1.066565169181322437e-01
1.067332741670870555e-01
1.068701327738328932e-01
1.071818561989523744e-01
1.072719308271636307e-01
1.073560171466804575e-01
1.073959749599381619e-01
1.076384445486702063e-01
1.077983339021709452e-01
1.080471670114472454e-01
1.081139270153231441e-01
1.081564476619452098e-01
1.081651950945866913e-01
1.082049565983279893e-01
1.083365623914788883e-01
1.084226423788383492e-01
1.084943541888581109e-01
1.083558828922375761e-01
1.082558075523601115e-01
1.083485227444390686e-01
1.085479651097882026e-01
1.088699377714187205e-01
1.091584340405028081e-01
1.093704931557128029e-01
1.096039720065799250e-01
1.098398158512179507e-01
1.101744752315225589e-01
1.103861235596320239e-01
1.105095013108122332e-01
1.106425177671506027e-01
1.107192057992611584e-01
1.108186932241874562e-01
1.110125038656818441e-01
1.111474108562069268e-01
1.112171222789045399e-01
1.113032732928887075e-01
1.112035914630468553e-01
1.111244068906022259e-01
1.109805089533344724e-01
1.106175859848725629e-01
1.104763037039498547e-01
1.101692496702103841e-01
1.099057341433701818e-01
1.096812677369234379e-01
1.095611283488203691e-01
1.094669396239395659e-01
1.092738893724217314e-01
1.089610768371155336e-01
1.087428100003753756e-01
1.083673399972644724e-01
1.081207742843127151e-01
1.078453950547109547e-01
1.075757066453193189e-01
1.073254354028401192e-01
1.070091539755782389e-01
1.065201032366905887e-01
1.061424639775321310e-01
1.056449670178623984e-01
1.052500047517692383e-01
1.047926094576910050e-01
1.041258024312752967e-01
1.034147366467911139e-01
1.028482005604842847e-01
1.024025776512164226e-01
1.017906398739889529e-01
1.012301872612947767e-01
1.007028815710197811e-01
9.995799024990471848e-02
9.932318911270061890e-02
9.866086846271278354e-02
9.803553026795401582e-02
9.737546881061588666e-02
9.690490202369540784e-02
9.639267034798221223e-02
9.583028718020708547e-02
9.552619493164783704e-02
9.504451452849876913e-02
9.448501340401810333e-02
9.403422084189437535e-02
9.364371842307112059e-02
9.319003432710247503e-02
9.274606569647203536e-02
9.233732749159254127e-02
9.202944845838377519e-02
9.155303174934789623e-02
9.133821296967149783e-02
9.106316484629171926e-02
9.101844393233732289e-02
9.096703376760216508e-02
9.089320128320686754e-02
9.092915397305031955e-02
9.095669096761868633e-02
9.083228543931348709e-02
9.078376920840716680e-02
9.073255320352487108e-02
9.075048372489875892e-02
9.080309669193666056e-02
9.082387796305999017e-02
9.075068205378832020e-02
9.087575934273167677e-02
