# game: kuhn_poker 
# eval_every: 1 
# num_iterations: 100 
# num_players: 2 
# bootstrap: False 
# truncate_negative: False 
# buffer_size: -1 
# num_hidden_layers: 1 
# num_hidden_units: 13 
# num_hidden_factors: 8 
# use_skip_connections: True 
# num_epochs: 200 
# batch_size: 100 
# step_size: 0.01 
# 
5.512054167517655978e-01
2.591680896012106272e-01
1.710655023737297498e-01
1.254207864175556075e-01
1.126902156180937253e-01
9.449762623628213398e-02
8.243715207445598270e-02
8.019302388948076898e-02
7.777970491553021226e-02
7.255152354686508764e-02
6.465479820561328972e-02
5.906773457613176403e-02
5.937523502348987514e-02
6.032439985674148408e-02
5.781937450304167059e-02
5.454747674900206622e-02
5.064431178352821195e-02
4.670422340699575958e-02
4.343022312018637865e-02
4.184595762729820256e-02
4.260690616059362168e-02
4.142419883038775397e-02
4.222152246645088924e-02
4.292366055110677370e-02
4.116626944025256196e-02
3.814720070587565570e-02
3.448446456308965069e-02
3.271178541094654779e-02
3.115269433446121727e-02
2.916944590618053557e-02
2.975782954953895554e-02
3.012016433557465622e-02
2.986108171691964630e-02
2.853038299262150579e-02
2.694589480507084134e-02
2.612943541867521202e-02
2.641216188310810398e-02
2.681323688629355662e-02
2.669562169079037206e-02
2.691103140434286667e-02
2.619607047234231989e-02
2.525445891822170053e-02
2.530839995100686579e-02
2.495176570536561389e-02
2.386573309800746334e-02
2.252985372117372043e-02
2.116104886096398241e-02
1.955561164410077324e-02
1.941633954285779118e-02
1.816913400154551717e-02
1.783259943782991575e-02
1.794708858515361993e-02
1.952961436259456618e-02
2.014938206910638074e-02
2.055178531505291728e-02
2.001089750452894611e-02
1.889920159812558120e-02
1.729281849989147690e-02
1.679506654589368875e-02
1.559718676019813954e-02
1.544873920935643796e-02
1.593120412580908973e-02
1.586652487020814850e-02
1.654978957433522746e-02
1.718962459568063039e-02
1.731997151137296131e-02
1.677180591689161893e-02
1.628751642286882517e-02
1.552260672643060446e-02
1.501687886257288551e-02
1.510214521269714893e-02
1.506217604392862119e-02
1.495776692526457063e-02
1.487374199688790144e-02
1.478479307210464611e-02
1.463753976265078083e-02
1.458478901584731036e-02
1.445555707621742902e-02
1.413840987946515804e-02
1.363762547660210545e-02
1.319796064065340002e-02
1.289617353570843283e-02
1.339624187664509303e-02
1.322483492962950313e-02
1.245291265750794740e-02
1.235386864202672741e-02
1.209430944024159071e-02
1.226648768699883929e-02
1.274268745941758985e-02
1.313043764283303161e-02
1.296348769481125984e-02
1.250302715330797731e-02
1.205269862346430854e-02
1.245119281549206258e-02
1.215984459470847989e-02
1.197671805783362409e-02
1.192051323449608291e-02
1.177716776123194364e-02
1.127631356654756889e-02
1.093801098301280805e-02
