# game: leduc_poker 
# eval_every: 1 
# num_iterations: 500 
# num_players: 2 
# bootstrap: False 
# truncate_negative: False 
# buffer_size: -1 
# num_hidden_layers: 3 
# num_hidden_units: 50 
# num_hidden_factors: 0 
# use_skip_connections: True 
# num_epochs: 200 
# batch_size: 100 
# step_size: 0.01 
# 
2.455922770216589335e+00
2.085892620450056523e+00
1.809454554867827136e+00
1.480643229531634741e+00
1.234783079005547846e+00
1.061864945488531831e+00
9.597863636604033744e-01
8.597724713170725730e-01
7.858388843015802205e-01
7.141261845788218210e-01
6.614703323480166652e-01
6.209519001532147753e-01
5.857741837185860279e-01
5.554578623439895280e-01
5.280714585183533538e-01
5.057221734671613067e-01
4.793663956170199358e-01
4.580160113270752564e-01
4.407732826293081496e-01
4.278269334180010985e-01
4.110029821246192760e-01
4.056603406476292362e-01
3.944962005394969107e-01
3.871033393691494795e-01
3.772304346058021896e-01
3.688139542021708905e-01
3.706853366047829224e-01
3.690995702422731339e-01
3.676427763358707801e-01
3.626474158494716882e-01
3.558532808799385605e-01
3.517316807588071192e-01
3.479159386096205564e-01
3.463444966694133043e-01
3.409257227469970619e-01
3.358723239494114665e-01
3.307086225614394026e-01
3.226008128344425296e-01
3.150052098809496548e-01
3.054131508258500216e-01
2.971031310716925611e-01
2.912435676347864821e-01
2.856743077591925584e-01
2.806252992679232339e-01
2.778368604718695623e-01
2.746834812091999978e-01
2.665526875418989250e-01
2.612258503819593902e-01
2.553686346930743034e-01
2.500483774969578521e-01
2.462590407752300037e-01
2.434555714646387536e-01
2.424405269403706320e-01
2.411379314793666295e-01
2.390817145716704895e-01
2.368909138634138212e-01
2.352404900266567289e-01
2.360564133730915781e-01
2.338310982222519541e-01
2.312494854802341626e-01
2.272211209201307480e-01
2.268018515537489344e-01
2.237832054247369529e-01
2.200954104324313598e-01
2.148188569114083957e-01
2.115308588601926554e-01
2.095736099151657150e-01
2.076963071593373733e-01
2.059062093184002018e-01
2.050547123834759455e-01
2.038276844761719442e-01
2.035593294336876247e-01
2.043335877054711647e-01
2.054183113324251631e-01
2.082541509695655935e-01
2.075656093050388673e-01
2.088668998464235371e-01
2.099478330821002159e-01
2.087153258304264569e-01
2.091855108773333916e-01
2.109587438889362898e-01
2.101720709118626851e-01
2.146794471667209936e-01
2.137603434190369911e-01
2.136933201661073700e-01
2.119185150501439741e-01
2.102449657294097052e-01
2.089024432188981151e-01
2.074131140699084219e-01
2.051046806881108298e-01
2.039190528199190111e-01
2.036550074115806019e-01
2.028205364375463560e-01
2.023341867402436156e-01
2.009848374847181263e-01
1.992407184215375660e-01
1.970718546927311410e-01
1.951902106935846648e-01
1.939536841766374142e-01
1.922022293724923725e-01
1.909729819310343191e-01
1.904894405013680680e-01
1.913459390618498512e-01
1.917008300522843600e-01
1.921234192636960547e-01
1.930744334125584771e-01
1.937716772368837936e-01
1.946757408378037568e-01
1.956089755296355759e-01
1.971093529793876420e-01
1.977656935101385627e-01
1.978106691145962992e-01
1.979168050235569631e-01
1.976365442861113264e-01
1.970733292084503319e-01
1.967277981433997458e-01
1.951973279158652208e-01
1.934549618200349097e-01
1.935690838235553102e-01
1.931927895914240245e-01
1.925461462471439733e-01
1.905266825916898110e-01
1.902668236167247562e-01
1.889629065439427102e-01
1.892105289052482264e-01
1.902845052334414255e-01
1.905441894208653453e-01
1.913669934513941850e-01
1.915221809993589153e-01
1.929067253794938819e-01
1.924191899585173116e-01
1.916773413169334805e-01
1.921423039516250708e-01
1.915691799603000678e-01
1.911246429744142827e-01
1.910045871416510832e-01
1.900000413517630438e-01
1.898935242503157206e-01
1.887114007083378064e-01
1.876917997603246846e-01
1.866699617693958757e-01
1.852463453282300054e-01
1.849006608055212553e-01
1.845343902866292685e-01
1.839800447519120974e-01
1.839057939852662693e-01
1.843648292378370079e-01
1.842342159248587241e-01
1.842070232080801895e-01
1.848505521361988313e-01
1.836918090013701654e-01
1.828399285597910873e-01
1.817820948674306880e-01
1.805805177778174175e-01
1.800804035206290676e-01
1.781158247685884488e-01
1.769218737107006167e-01
1.770720346448845794e-01
1.757903260327761119e-01
1.761010149654429757e-01
1.757764872146119206e-01
1.753397869065770331e-01
1.754111503442311593e-01
1.747154208673860620e-01
1.752840512858176159e-01
1.757842188293136099e-01
1.751380395772289544e-01
1.748357446498693402e-01
1.750458076896694304e-01
1.753268662033153902e-01
1.755012885993218197e-01
1.757600781485251229e-01
1.757091062626887079e-01
1.754821969834054751e-01
1.761656961881113703e-01
1.753385954312403627e-01
1.745021673055300315e-01
1.739031142086745751e-01
1.734259880571292212e-01
1.731063164756450612e-01
1.724639486645835884e-01
1.714844962462223621e-01
1.711056092856803046e-01
1.712565647340571484e-01
1.703621970062429436e-01
1.697288813550644759e-01
1.692626614194140955e-01
1.688167246947785138e-01
1.682802836496801735e-01
1.672037033992311850e-01
1.665368964250756867e-01
1.654828939258199683e-01
1.649735612300662346e-01
1.646409396963307847e-01
1.643383873252133587e-01
1.635528044506678880e-01
1.629252235298524754e-01
1.627749705557125226e-01
1.619467722057362224e-01
1.621729778526191657e-01
1.620049411961729802e-01
1.618006585385745044e-01
1.621329527485418087e-01
1.626847238264508277e-01
1.630064802915420774e-01
1.634732174246295022e-01
1.636279132383290091e-01
1.639128339869571349e-01
1.643207558612164998e-01
1.645101323017959527e-01
1.649713159218980096e-01
1.662761794530433213e-01
1.661651180987919751e-01
1.662888498028494144e-01
1.666126332443042535e-01
1.666039690293248388e-01
1.665445860393854338e-01
1.664650398744019766e-01
1.665388795762408058e-01
1.667862089240051415e-01
1.663762263132371744e-01
1.664800723657886561e-01
1.667482773573721877e-01
1.661490177614736719e-01
1.658702902169230109e-01
1.652869274390283971e-01
1.647722178786390490e-01
1.641897388722187989e-01
1.634240483732403715e-01
1.625078473934180590e-01
1.619163828788667547e-01
1.611296022562364039e-01
1.599546163504816376e-01
1.590286798849855632e-01
1.590502849874609048e-01
1.590991061308777432e-01
1.582051709056365163e-01
1.580240653445441068e-01
1.570730584289793674e-01
1.566673950618904243e-01
1.561665967019294499e-01
1.551561549903762716e-01
1.549863892574598889e-01
1.542260013491622561e-01
1.540071810033390443e-01
1.541104704058866570e-01
1.545134362130360373e-01
1.543367313438369359e-01
1.540719011877436651e-01
1.540384290375591547e-01
1.542043697531111368e-01
1.538042600457367459e-01
1.532682946815079883e-01
1.531323629750511173e-01
1.532237179999183241e-01
1.537773431786206291e-01
1.535076356521763441e-01
1.534133177815689142e-01
1.531000038202418867e-01
1.526702682707878900e-01
1.524246056439953201e-01
1.520811174885193240e-01
1.519488923430978855e-01
1.517182666213130471e-01
1.515134491425018104e-01
1.512488092800459705e-01
1.509643764474416505e-01
1.506731858666399693e-01
1.503478784211119135e-01
1.508076106190613941e-01
1.507287988741158602e-01
1.504864177663070568e-01
1.509505539322630874e-01
1.512744030633540182e-01
1.516307591658180576e-01
1.520484915703326223e-01
1.525643616157432991e-01
1.536512717063266698e-01
1.544625436809751728e-01
1.549467178023816727e-01
1.554693106783025525e-01
1.563580449528818861e-01
1.570211981157883518e-01
1.577654662420828746e-01
1.587064987027492768e-01
1.597163580025195151e-01
1.601854310931589143e-01
1.606477522836787242e-01
1.615889673896226952e-01
1.621067720241968768e-01
1.627298791587887539e-01
1.628130149614359368e-01
1.631073327773608916e-01
1.631466642651671628e-01
1.631389123412154418e-01
1.629708355312355361e-01
1.626854864796284938e-01
1.624754757643607217e-01
1.622765279988849785e-01
1.620203739236423524e-01
1.617590451676829411e-01
1.613480321175934651e-01
1.609418018242444459e-01
1.603157179088744166e-01
1.599372898322637959e-01
1.599807239947987347e-01
1.594870773826504440e-01
1.589766246550198270e-01
1.587621799017865376e-01
1.584436847037621332e-01
1.581994584743467158e-01
1.578677221000380215e-01
1.573992376648269131e-01
1.571598196891758614e-01
1.570327544639406048e-01
1.567785523727530661e-01
1.566504380667944063e-01
1.566023482842566761e-01
1.562044939331765359e-01
1.559985050095768488e-01
1.556908334824060880e-01
1.556465939627214023e-01
1.556958144469780536e-01
1.554308036136558269e-01
1.553377780520506235e-01
1.554249279799854166e-01
1.553310455389981803e-01
1.555236831929184271e-01
1.557558433583778323e-01
1.557879691553175627e-01
1.559910854347217879e-01
1.563970492981637261e-01
1.564025890063049928e-01
1.566272661382905329e-01
1.565773585578963401e-01
1.569345359420515895e-01
1.574304155560744822e-01
1.577617245172524274e-01
1.578164700786365282e-01
1.579123554898922976e-01
1.578505358888550314e-01
1.578319696854057763e-01
1.577975136052851002e-01
1.578099229060268005e-01
1.576798716083653296e-01
1.577636958647748167e-01
1.576256101969712997e-01
1.576752911152422276e-01
1.575433322180087581e-01
1.574550425385376484e-01
1.575602121041984049e-01
1.576720811346870310e-01
1.579694743876209895e-01
1.579137711461868765e-01
1.577177389326486490e-01
1.574883559665435084e-01
1.572823008279251589e-01
1.572482918077755809e-01
1.573226452249670559e-01
1.569822887638799291e-01
1.568148867983659156e-01
1.564744189421970466e-01
1.561200572881328019e-01
1.563279777650296021e-01
1.563685335155362011e-01
1.562477056984253043e-01
1.561389390095387908e-01
1.560342955367440276e-01
1.565215423793030192e-01
1.563032056160604810e-01
1.559893925936620129e-01
1.557994145059028446e-01
1.557024267188443500e-01
1.554412021927807919e-01
1.557383435909134306e-01
1.556146188728871060e-01
1.556532274246628933e-01
1.555194653389903869e-01
1.554455582269744229e-01
1.555742818987609355e-01
1.553470355193802832e-01
1.552263789408407924e-01
1.551672012184565630e-01
1.555725971565303234e-01
1.557465603394028175e-01
1.559061152464571443e-01
1.557243506142959311e-01
1.555838351519159557e-01
1.559244745618088568e-01
1.559597092100613036e-01
1.560411178982094582e-01
1.560423008362110120e-01
1.559933267958363845e-01
1.558493375341037934e-01
1.559460901988622417e-01
1.557643234911423591e-01
1.557435856166355936e-01
1.556066363362857141e-01
1.555374793776246878e-01
1.553896468395346286e-01
1.555591026110911268e-01
1.557702579014310085e-01
1.558326634734205074e-01
1.556400242029368775e-01
1.555516537530809151e-01
1.554435900460655329e-01
1.554737300835977998e-01
1.559342573255492748e-01
1.560392951816296780e-01
1.558858472740504153e-01
1.562887884666821492e-01
1.564779726258485881e-01
1.569338487067318266e-01
1.570524141693175890e-01
1.576535653298472006e-01
1.577896918806141469e-01
1.582377749577837389e-01
1.584921781104695337e-01
1.588016137606961808e-01
1.591800022683672600e-01
1.594892557438982728e-01
1.597948111690558337e-01
1.603080742953383042e-01
1.604528202192185837e-01
1.608860617490847633e-01
1.610316233098600947e-01
1.612384052147627644e-01
1.613373627309925284e-01
1.614011439901020251e-01
1.614580744277963331e-01
1.615616729016420561e-01
1.615910235088784397e-01
1.617063870078206955e-01
1.620682787796480229e-01
1.621631250204609853e-01
1.622725504711149958e-01
1.625104163294538995e-01
1.627849792861009171e-01
1.630982064298272249e-01
1.633878427046924764e-01
1.634893384654568793e-01
1.637997733535345168e-01
1.639481567956372066e-01
1.639599708544669798e-01
1.640196680824446418e-01
1.640542034545770245e-01
1.643735830527450481e-01
1.646394584835308983e-01
1.647445725027253394e-01
1.648483990218620465e-01
1.648223459334539620e-01
1.650542948675738919e-01
1.652661597565132090e-01
1.654433088562548004e-01
1.654069135095461995e-01
1.655401958622497727e-01
1.657870240099666714e-01
1.659539498679494518e-01
1.657211284322689382e-01
1.655246466068203137e-01
1.652932093185910389e-01
1.652839063242781958e-01
1.650364529057229135e-01
1.647440167450087978e-01
1.645387870282926102e-01
1.641727092315297953e-01
1.638535041187001440e-01
1.635669475197724931e-01
1.637102236857587989e-01
1.635137272697243793e-01
1.633993366815278958e-01
1.630789175543291836e-01
1.628993269118507448e-01
1.628586251538526319e-01
1.626345556944497339e-01
1.624451810266429042e-01
1.622457432994182380e-01
1.621183717975842598e-01
1.619195627318834041e-01
1.616960752436396032e-01
1.616814435849919518e-01
1.616074933101648292e-01
1.615150554127935401e-01
1.613765368513234155e-01
1.613114586044600562e-01
1.611810698464963276e-01
1.610310580319701534e-01
1.610540883029670245e-01
1.611932584886551223e-01
1.613079352417982615e-01
1.615531560054009885e-01
1.616905007589664600e-01
1.618971363160536248e-01
1.620631232405979893e-01
1.622410995572270975e-01
1.622718112697705550e-01
1.625690275744489099e-01
1.629319629823197668e-01
1.631498569220135864e-01
1.631756056063525806e-01
