# game: kuhn_poker 
# eval_every: 1 
# num_iterations: 1000 
# num_players: 2 
# bootstrap: False 
# truncate_negative: False 
# buffer_size: -1 
# num_hidden_layers: 1 
# num_hidden_units: 13 
# num_hidden_factors: 0 
# use_skip_connections: True 
# num_epochs: 200 
# batch_size: 100 
# step_size: 0.01 
# 
3.969192576327030264e-01
1.940009888659279536e-01
1.429363639651771989e-01
1.072022731787917182e-01
9.332515445277847488e-02
9.178269655724205500e-02
7.782539405585484071e-02
7.199763228337890952e-02
6.841855187452292042e-02
6.251294381941532863e-02
5.358344489740515804e-02
4.826975834010363564e-02
4.530657089103876101e-02
4.167468569959514868e-02
4.107252651437437452e-02
4.327429013784345191e-02
4.210669774800204768e-02
3.688935130896522918e-02
3.437746309613573525e-02
3.049645825987706838e-02
2.916866959652769653e-02
2.718620082555417428e-02
2.544957187332286264e-02
2.705135823245743976e-02
2.684500239957876566e-02
2.553578791863264641e-02
2.403935102930410128e-02
2.321934403603811981e-02
2.157858148987909508e-02
2.187451903837323020e-02
2.271842375757424093e-02
2.310968875650323828e-02
2.322235807338843272e-02
2.205058522042480096e-02
1.957833664820993191e-02
1.803603906628462039e-02
1.866551540997554715e-02
1.739150174851444852e-02
1.587872505149529045e-02
1.712554990594178372e-02
1.677702677402123643e-02
1.692703494890726579e-02
1.738964060500236553e-02
1.718150802366008589e-02
1.639214984111433959e-02
1.597836195004248561e-02
1.519893288457507818e-02
1.383217406101008851e-02
1.383909305165248460e-02
1.401862898279074288e-02
1.399632519414709120e-02
1.382973561050704348e-02
1.359680938314508647e-02
1.328508478251144709e-02
1.293983557726263722e-02
1.280369200580569466e-02
1.338375819035078629e-02
1.387887129835069233e-02
1.400807685936389380e-02
1.382685746248293879e-02
1.321180024208754022e-02
1.207766132526311154e-02
1.111975412858143275e-02
1.163121612832795915e-02
1.128861652998564002e-02
1.023774389062270807e-02
9.540158875670945449e-03
9.209968198780726922e-03
9.727421590446705402e-03
1.016498903613438642e-02
1.009880209362939985e-02
1.059322489362843345e-02
1.061261711163932753e-02
1.014159594445038226e-02
9.893770704905296975e-03
9.702947587446109079e-03
9.174250504071002066e-03
9.150814409246782466e-03
9.473661072801758953e-03
9.625627931365676737e-03
9.615742194403364973e-03
9.526002210310552387e-03
9.357777727835220327e-03
9.167523253759080060e-03
8.945872881313265967e-03
8.748549388743420696e-03
8.804548236572840025e-03
9.064344196885454341e-03
9.173746575257241131e-03
9.209403837579732688e-03
9.150120641070569327e-03
8.854114886991976130e-03
8.322139729101396544e-03
8.217197809899212668e-03
7.772134718054019009e-03
7.587476893848754678e-03
7.050438966903216365e-03
6.688082149202440041e-03
6.583298212268412497e-03
6.697357655967489665e-03
6.774458768810831533e-03
7.155846499000723115e-03
7.236841330195004085e-03
7.034549062631539895e-03
7.164645810096931244e-03
7.036089484918989223e-03
6.838606011293185682e-03
6.493419817057172194e-03
6.346567282778242669e-03
6.724404699201491642e-03
7.082354246908839635e-03
7.445494650008627202e-03
7.595159026848791184e-03
7.614790611608857063e-03
7.484926397382019037e-03
7.351576544705668015e-03
7.192367995503240463e-03
6.939440932236251580e-03
6.757140378148757121e-03
6.622356048489735914e-03
6.405024205216602873e-03
6.390956130564756643e-03
6.371708237376261241e-03
6.311688484579164315e-03
6.227102684687929601e-03
6.023230615192665116e-03
5.994250637476855603e-03
6.024463998688861510e-03
5.858293307025030927e-03
5.399296594905622637e-03
4.757151830330014208e-03
4.689189097456192279e-03
4.902676885905010717e-03
5.236581406197260424e-03
5.449492171216402392e-03
5.529716002865475710e-03
5.457423561354229902e-03
5.238366502939739711e-03
5.060550875589542308e-03
4.923812393062443338e-03
4.766481819625745242e-03
4.727868280138242119e-03
4.635222276818867782e-03
4.942234436412507037e-03
5.095151387844970570e-03
5.197377830415378375e-03
5.625317363403242732e-03
6.016043433907908300e-03
6.226861029379998635e-03
6.338702980873023307e-03
6.354472333273825102e-03
6.230647258892024754e-03
6.040263850928540013e-03
5.787140694761161441e-03
5.648869500576775282e-03
5.659179538121172914e-03
5.503791816621611543e-03
5.307320988662600492e-03
5.122493476693051884e-03
4.878723521358097059e-03
4.599990457339525607e-03
4.304007834026374324e-03
4.175682467168317924e-03
4.025487971611091398e-03
3.800825602100571521e-03
3.672180893265791779e-03
3.458016289692694700e-03
3.349304588826679252e-03
4.093586441001217935e-03
4.489226365658072204e-03
4.776181997811185242e-03
4.936711723181858025e-03
5.024304091012260498e-03
5.010405843344972743e-03
5.102424037414815539e-03
4.813664362717406942e-03
4.548488291774732684e-03
4.325337096752368549e-03
4.072930968535920515e-03
3.817946168147151598e-03
3.772408809981364630e-03
3.973641582486725499e-03
4.181001447033316776e-03
4.378223673527498194e-03
4.595289681933151238e-03
4.783347018806810569e-03
4.958219980770645074e-03
5.145476911725538338e-03
5.278646468402981018e-03
5.363109729460691089e-03
5.498198377455104646e-03
5.563776383366275669e-03
5.565355118316045457e-03
5.454769265105269271e-03
5.239559686852385267e-03
4.949714784477532437e-03
4.650201340723664201e-03
4.615542080191548102e-03
4.533475998587666034e-03
4.393720196374045761e-03
4.207574018856380382e-03
4.001911137359648318e-03
3.806118434480448842e-03
3.585705371700331767e-03
3.298791881303497764e-03
3.001192311057110373e-03
2.745064346805353717e-03
2.779019286134859490e-03
2.946018469613065349e-03
3.079288519803241586e-03
3.353052093915509513e-03
3.594131151083451714e-03
3.837366781095224999e-03
4.042879561149459455e-03
4.182906699625094094e-03
4.215574414162565065e-03
4.151203783537338321e-03
4.021451885430321616e-03
3.854859257330423006e-03
3.745988163626867706e-03
3.608907035453329248e-03
3.654846799507477373e-03
3.771324837587713974e-03
3.881653841264598448e-03
3.973500585536110519e-03
4.061834090570676237e-03
4.117647047821887396e-03
4.173615311111211756e-03
4.213069287106352423e-03
4.257989359671837670e-03
4.273537592688170239e-03
4.256490445742999729e-03
4.233144760134088802e-03
4.242047904374074418e-03
4.302778457928896350e-03
4.325520983199326874e-03
4.278007247545234648e-03
4.231354445728141567e-03
4.112777887253782350e-03
3.980027872582114767e-03
3.788314869663189643e-03
3.555582193846301697e-03
3.383065396853290885e-03
3.294282640414619712e-03
3.206304971164308792e-03
3.084867673554786416e-03
2.919852766531255694e-03
2.746390832101847090e-03
2.562775621575863472e-03
2.528822180765222249e-03
2.614431728142657674e-03
2.675505567973468501e-03
2.719700471025626731e-03
2.802704567744090935e-03
2.828312212953598692e-03
2.874657140215980400e-03
2.997968877917284169e-03
3.075905784731519654e-03
3.101474098458401052e-03
3.021922683326128123e-03
3.000683878708831909e-03
2.977870863778597776e-03
2.973402928664020672e-03
3.211207667905280339e-03
3.394207446006158868e-03
3.546151839765115943e-03
3.663035326980867978e-03
3.752112512081268170e-03
3.826793634686298518e-03
3.874697825267225948e-03
3.916791549033044051e-03
3.908038503152272414e-03
3.894867598550399990e-03
3.873621717749520244e-03
3.834937291934126247e-03
3.781831709726374280e-03
3.713283123321947654e-03
3.620820847618971827e-03
3.545988634143681928e-03
3.525271863680429218e-03
3.495921064561285929e-03
3.459961272789441322e-03
3.421737661833318400e-03
3.352028686961022741e-03
3.258645646118940586e-03
3.139117674691216386e-03
3.011908362020060403e-03
2.868222834040395908e-03
2.702436300095117927e-03
2.570040013504110155e-03
2.486340118776048103e-03
2.412508495513859819e-03
2.325265464887260602e-03
2.387495312121123980e-03
2.505093271485792084e-03
2.588499453669707018e-03
2.617894919691610145e-03
2.625071523268907026e-03
2.621418078112169869e-03
2.584162593038730193e-03
2.551179183859442201e-03
2.468265691089321923e-03
2.531354773562116689e-03
2.569890088257614780e-03
2.545934372826269554e-03
2.457762345274311366e-03
2.450033511860655322e-03
2.620345747777780288e-03
2.799427404261783936e-03
2.966074214949460108e-03
3.120899629936030317e-03
3.248209483863367941e-03
3.358591744071048879e-03
3.441921101793032900e-03
3.503108409874944318e-03
3.541371581285063241e-03
3.561276073900998540e-03
3.560058524129244839e-03
3.537593487344337095e-03
3.495055458356238764e-03
3.427935072869342514e-03
3.340799456858417615e-03
3.195187613194261367e-03
3.064332685806858692e-03
3.042164217629400591e-03
3.007455682092485816e-03
2.946883504532621378e-03
2.874865881923704958e-03
2.781722150947213423e-03
2.679375418568635814e-03
2.574521213152963783e-03
2.469084028660334384e-03
2.352853489010042765e-03
2.241300212471930564e-03
2.120528689739831218e-03
2.013471381865666876e-03
1.909647252864243860e-03
1.838490065171172194e-03
1.848453316050047146e-03
2.033399453234108201e-03
2.191161171029770705e-03
2.312550994949730265e-03
2.400036665088145504e-03
2.467681414367484116e-03
2.514779591233695655e-03
2.508110941388030923e-03
2.484397344593658463e-03
2.493700996634151679e-03
2.472491878919347297e-03
2.397853410373157468e-03
2.309163165011091090e-03
2.208545707670150904e-03
2.172960041317534285e-03
2.285175846600540073e-03
2.412353175751447143e-03
2.537858347755328481e-03
2.639206783348474472e-03
2.742963764634398505e-03
2.858436391874885629e-03
2.945382493801079749e-03
3.043078865632459218e-03
3.128363586756860437e-03
3.196505393329357458e-03
3.227856082882812894e-03
3.245586907342917771e-03
3.247756794727524321e-03
3.211953184943799888e-03
3.138286271649720627e-03
3.056328234518956855e-03
2.956290647307568964e-03
2.843045763263524206e-03
2.715206683865573067e-03
2.681204815105225903e-03
2.648216985826845615e-03
2.595429040081975725e-03
2.532953310560581706e-03
2.459535564841852651e-03
2.372221245385192079e-03
2.270659624612592076e-03
2.165014107433971269e-03
2.052223187361090773e-03
1.940645975981536431e-03
1.822736706191735445e-03
1.707415920540827914e-03
1.595456304415404647e-03
1.487563899253363520e-03
1.531834600756121212e-03
1.686116738746440413e-03
1.837064377416292027e-03
1.988412042098153254e-03
2.136460419879138151e-03
2.258079873704521567e-03
2.345020087645255380e-03
2.413696988262464815e-03
2.462082440196494693e-03
2.459287958256006767e-03
2.419265185816504848e-03
2.412143227897012299e-03
2.353446005215920067e-03
2.276786235201916364e-03
2.193251470145624049e-03
2.267389312555961878e-03
2.343207458465973447e-03
2.406350880077262611e-03
2.454300527108349561e-03
2.512134209790212180e-03
2.553506844987424307e-03
2.608795962100562971e-03
2.651630793110870687e-03
2.693557567551796428e-03
2.733983852101634637e-03
2.758133987142530330e-03
2.778773238739207230e-03
2.786678943155929122e-03
2.783837401800076661e-03
2.755175288052608140e-03
2.736365528870854380e-03
2.753716259088295759e-03
2.735627867078982423e-03
2.697093412793560852e-03
2.649452411005226438e-03
2.594949509682920041e-03
2.507455288073279220e-03
2.393598871893248825e-03
2.262469196417732364e-03
2.139534152063832240e-03
2.104229035859495056e-03
2.059545979646443259e-03
2.008828250818883721e-03
1.949864336730028347e-03
1.872399681746877986e-03
1.798856659956521442e-03
1.712829973929658189e-03
1.635177705813756210e-03
1.543955783548212057e-03
1.496355409367322586e-03
1.518366674986282305e-03
1.536958315279002285e-03
1.552048012791962250e-03
1.578351412302531065e-03
1.609997501241910989e-03
1.718185310871811478e-03
1.791246961885484268e-03
1.839609727996266431e-03
1.879010125346136650e-03
1.890375807391930785e-03
1.927412202902878402e-03
1.946561441112937274e-03
1.942039505922976694e-03
1.956973835718051058e-03
2.059925450207084063e-03
2.160978456176465556e-03
2.240234446414551828e-03
2.311307028444314904e-03
2.376087068987231543e-03
2.428612781751077199e-03
2.459343839534999798e-03
2.480915157809293614e-03
2.495963164272169132e-03
2.506122252995401922e-03
2.504622509124199148e-03
2.495679997231853298e-03
2.487595109776336022e-03
2.476472697922449395e-03
2.440885687916644065e-03
2.395635605477064445e-03
2.341510948741298836e-03
2.275478316916074162e-03
2.255003796145488293e-03
2.242843887148987525e-03
2.217225991663657192e-03
2.184122409645217200e-03
2.140571174859412507e-03
2.099500162410394832e-03
2.048213549770278030e-03
1.988982319022225553e-03
1.921545607115909826e-03
1.840363372577424883e-03
1.755503989848306023e-03
1.671468636307543720e-03
1.584260164363526791e-03
1.530271466716831563e-03
1.488350084479700408e-03
1.434148888870556693e-03
1.377965797707769724e-03
1.401768422196497665e-03
1.471274967892594043e-03
1.534825470453887730e-03
1.559163557827619728e-03
1.576359337157856588e-03
1.588644687993634452e-03
1.602469355706709342e-03
1.611559439652188175e-03
1.604183838306377785e-03
1.617398466738667606e-03
1.631820430593983184e-03
1.646637705122272477e-03
1.633090167512757374e-03
1.595691199289955842e-03
1.557572191066447509e-03
1.645869494729085281e-03
1.743067948545229395e-03
1.841269791168831382e-03
1.939632498003107663e-03
2.029298234215409780e-03
2.121687492547125187e-03
2.213660421843344217e-03
2.294399771093552642e-03
2.351367767049056257e-03
2.399778198228702530e-03
2.427482850842599404e-03
2.445391173754918324e-03
2.445030557340077682e-03
2.429614981869748780e-03
2.414898297166595542e-03
2.375538797351611775e-03
2.315386843645544923e-03
2.240668915477084244e-03
2.163667385603113003e-03
2.107635686260017627e-03
2.045309251614890744e-03
1.981759011901534917e-03
1.939506534948981509e-03
1.893144184769129934e-03
1.842654115209729770e-03
1.788612602618977476e-03
1.726334819414310218e-03
1.664001769579981360e-03
1.604971782074748887e-03
1.560984111338481473e-03
1.521238003543839978e-03
1.490917514138545563e-03
1.450974728396087210e-03
1.417103381042589261e-03
1.372692752178050757e-03
1.324816109987830837e-03
1.279594357073782218e-03
1.239717202904389026e-03
1.290668460010135909e-03
1.356980779767785750e-03
1.401973781104931538e-03
1.436734272725503914e-03
1.462469722641440706e-03
1.485071476344551611e-03
1.497471858096594000e-03
1.531808065912854122e-03
1.558221259704506423e-03
1.565570135562327492e-03
1.565658064240332825e-03
1.538236230520073633e-03
1.492186051152394333e-03
1.448144856191352359e-03
1.411517834974534980e-03
1.477215732622244593e-03
1.558678497193488610e-03
1.630075927256946500e-03
1.704500660618696317e-03
1.770480875079361027e-03
1.853569247453640267e-03
1.920771351246158831e-03
1.991609736571475775e-03
2.052249472856454426e-03
2.117635307217091700e-03
2.165006721300266612e-03
2.200219477642928467e-03
2.229384728403671634e-03
2.248680635711708398e-03
2.262778247887120564e-03
2.258610610289507603e-03
2.235788482305461899e-03
2.191171520612295032e-03
2.134346155186789273e-03
2.065075451790521210e-03
1.984314093169708970e-03
1.885494207609278439e-03
1.845529379842308915e-03
1.837457747950882458e-03
1.818621611343801403e-03
1.779419095346929103e-03
1.740434682676067490e-03
1.689919388424804270e-03
1.635947393978182118e-03
1.573691668321719472e-03
1.505793475183536678e-03
1.434069344336708074e-03
1.359134870359463010e-03
1.289860030083911369e-03
1.219305678577781160e-03
1.149681002268060359e-03
1.087914582368315619e-03
1.068628068973120904e-03
1.081431839709129372e-03
1.099758929832966858e-03
1.115039881875667938e-03
1.217556527026764090e-03
1.303185778947835161e-03
1.396467415969354642e-03
1.474145986322256130e-03
1.520627419352299503e-03
1.575633989521429967e-03
1.599814735345206351e-03
1.600572129675043032e-03
1.594159344876749929e-03
1.593225057328007122e-03
1.581307063706516303e-03
1.534203924707766564e-03
1.460657233005951960e-03
1.438716467847156455e-03
1.476176446518095986e-03
1.518497859481632295e-03
1.563417623051593930e-03
1.601248396143034602e-03
1.644380600877820564e-03
1.683190460165601143e-03
1.722349683388135766e-03
1.764353741967039646e-03
1.799649676860498593e-03
1.844711838076829036e-03
1.878902539176163788e-03
1.912994347365581937e-03
1.936706881780464462e-03
1.956139988507826777e-03
1.963664500382600320e-03
1.962571235147536619e-03
1.957997548161366508e-03
1.974415187854128284e-03
1.978187997860619829e-03
1.971327185753518618e-03
1.948308416570093682e-03
1.907737740507203794e-03
1.856713108132956869e-03
1.785173018295976854e-03
1.718046560880037710e-03
1.630945458643506818e-03
1.546682331724030801e-03
1.534782786465099802e-03
1.518535775581059122e-03
1.492838637277532632e-03
1.458475481607074409e-03
1.413889103100196554e-03
1.364863738276184124e-03
1.312871032608992072e-03
1.261711518801278409e-03
1.207156233633016607e-03
1.182937790100452302e-03
1.113322993704868313e-03
1.050245056911869312e-03
1.033308634135671200e-03
1.007303901245426569e-03
9.783410673092907128e-04
9.985193241437151368e-04
1.082961462626375049e-03
1.159396068061813168e-03
1.224814438659599380e-03
1.271441099276515718e-03
1.302857858676204073e-03
1.352949357569521727e-03
1.417056498844188051e-03
1.459589818213286039e-03
1.488332089648380929e-03
1.502999982630953690e-03
1.513603332193608209e-03
1.514638817253000092e-03
1.577130928098968710e-03
1.625703596771943538e-03
1.663210121347347137e-03
1.703165810477136333e-03
1.733602067466893937e-03
1.756470296959661281e-03
1.775743719518829700e-03
1.792319820017956866e-03
1.809861200535139991e-03
1.816882644967043881e-03
1.889995658515969401e-03
1.894107215924839549e-03
1.897471335268907655e-03
1.900221627137987923e-03
1.901891866231297801e-03
1.901647532893485648e-03
1.886324089869856335e-03
1.857322990271942365e-03
1.824527952567350786e-03
1.785717901271161034e-03
1.747795239467414552e-03
1.746403312096189708e-03
1.755863926478667958e-03
1.749573415369021223e-03
1.728545921296842369e-03
1.706690046762132651e-03
1.673952834009312385e-03
1.633887261213551323e-03
1.592585240038524308e-03
1.535808859462028941e-03
1.476460512284311077e-03
1.407561437259480241e-03
1.333304016140735015e-03
1.256321818650651956e-03
1.224859944967571224e-03
1.194896453524912916e-03
1.163807061653643338e-03
1.133447360149170136e-03
1.096786887287981571e-03
1.073131963373386011e-03
1.066458670475528558e-03
1.113729098853349919e-03
1.143582175579610505e-03
1.166517367352792878e-03
1.180265868523738826e-03
1.185211869080771141e-03
1.174830470454690801e-03
1.153691529217987233e-03
1.154385074388614152e-03
1.189058975361700909e-03
1.238801334185135605e-03
1.277931878888527439e-03
1.313281503767915748e-03
1.320741139279713039e-03
1.320434510087065139e-03
1.296381529092088813e-03
1.312511210646349902e-03
1.397680380746418871e-03
1.476237195237872779e-03
1.551577422805872075e-03
1.633589057068562944e-03
1.701742175864467965e-03
1.757558220795679693e-03
1.809000395205373479e-03
1.852911610185831170e-03
1.889371481366253214e-03
1.917273947956016356e-03
1.941143515270304931e-03
1.949006377702233728e-03
1.950274905213628118e-03
1.953743591888990050e-03
1.943932517284446826e-03
1.924725740795191209e-03
1.896936382456332337e-03
1.857950462095636635e-03
1.808489647906003084e-03
1.751135129851949523e-03
1.733291783636764505e-03
1.709575000806151657e-03
1.672604552974882308e-03
1.627975893713023980e-03
1.573911187833620939e-03
1.516936820476072478e-03
1.484053664675105688e-03
1.443850975337113152e-03
1.402379099690959086e-03
1.359452733834837224e-03
1.315048841048188644e-03
1.269129809965102718e-03
1.224968920164742903e-03
1.176809807398204732e-03
1.134171376567433276e-03
1.113499950272434091e-03
1.096353542663991432e-03
1.082764906054273224e-03
1.071313323069478241e-03
1.058195190969168920e-03
1.044257954754213014e-03
1.025929704676270537e-03
1.018571382055244445e-03
1.086623691027882588e-03
1.138555958473924656e-03
1.171306081327622151e-03
1.206473516349254593e-03
1.242006477742058079e-03
1.262733137156690777e-03
1.287116654371506241e-03
1.309756902450803784e-03
1.327286533213928310e-03
1.338565778387618144e-03
1.332528731202570205e-03
1.309598308088133489e-03
1.290572110762860936e-03
1.254309124714442225e-03
1.206492627321337219e-03
1.209423535111803227e-03
1.252536313349983388e-03
1.298775308500060843e-03
1.339722865553394371e-03
1.389784395007281903e-03
1.434132186198699976e-03
1.482816464659197919e-03
1.528638410997096297e-03
1.573956097770695672e-03
1.618248526863014236e-03
1.664315466651078435e-03
1.712814877133039815e-03
1.746604371545917855e-03
1.778852406180170265e-03
1.809379780858849651e-03
1.843002640366492306e-03
1.859628201312996110e-03
1.868599942011328618e-03
1.853787627976027919e-03
1.829636648602417370e-03
1.797066553962251012e-03
1.770238580154154251e-03
1.730922096160991686e-03
1.681432429086388014e-03
1.628759643825666847e-03
1.565973180962743072e-03
1.491862438553759329e-03
1.465428008098124124e-03
1.457868939033324374e-03
1.440476186638756095e-03
1.417997597726178283e-03
1.385738800459418441e-03
1.350848786240282928e-03
1.314316331325199316e-03
1.271898723953696075e-03
1.224976425183571527e-03
1.176829380461014152e-03
1.127783386225073015e-03
1.082269873935254312e-03
1.029494111368434162e-03
9.833103067168613709e-04
9.369864418985185406e-04
8.896789946709893204e-04
8.480815630130533744e-04
8.102912459987121618e-04
8.053573601805030791e-04
8.104007420697834085e-04
8.835542110554039930e-04
9.425818966743437777e-04
1.014388682063910307e-03
1.080527513516782445e-03
1.129062965441240962e-03
1.177519555162376275e-03
1.222524479424141886e-03
1.245653855617395722e-03
1.268407476154448377e-03
1.298266337008219251e-03
1.326619164033177034e-03
1.337582421967326018e-03
1.336301219498792214e-03
1.322301264127412335e-03
1.291418683700112924e-03
1.302102785040393229e-03
1.338001503753460941e-03
1.377897758578411347e-03
1.403358986822339505e-03
1.428675897202053013e-03
1.449188950713747870e-03
1.466671181848372418e-03
1.482255877693350321e-03
1.502526832680567415e-03
1.518400109258188913e-03
1.536886965826850249e-03
1.555416502162010328e-03
1.575333014154217670e-03
1.582459158544630151e-03
1.596350778790389668e-03
1.608660746646201067e-03
1.610889481482941088e-03
1.610973046111657814e-03
1.602071205917848795e-03
1.583408018354798275e-03
1.565304937109213146e-03
1.545278165555774574e-03
1.532478088083821799e-03
1.534899504478798304e-03
1.538927949180285415e-03
1.533887364024266731e-03
1.518494779435608510e-03
1.494592515788845111e-03
1.455500054240999042e-03
1.412611058968116229e-03
1.362410519146733945e-03
1.307866884962594067e-03
1.252390830960958823e-03
1.195177608431463590e-03
1.165576605993701165e-03
1.144577648170663764e-03
1.124374919343446022e-03
1.101580437481181063e-03
1.078517217865532229e-03
1.053553843927662603e-03
1.024692609600114102e-03
9.913575378752148559e-04
9.566849603923621714e-04
9.239928479427006458e-04
8.926420735832496511e-04
8.582457663424691852e-04
8.278136416230985617e-04
8.354852679688107298e-04
8.358188446491998658e-04
8.365666756334766418e-04
8.562835031240001449e-04
8.821702635649075752e-04
9.374719625384053678e-04
9.827254652841344029e-04
1.017927102273358253e-03
1.040057447193015738e-03
1.057112861695325146e-03
1.080864446310558780e-03
1.104776607395135946e-03
1.125222529089198176e-03
1.142201861055514023e-03
1.145942095844065811e-03
1.191375397335686648e-03
1.247000358454652957e-03
1.298316927759030071e-03
1.350175834200550984e-03
1.400952423798451640e-03
1.441363590548166984e-03
1.475359475172993706e-03
1.497264666499270591e-03
1.526753154132448609e-03
1.546041309633205962e-03
1.562878146455864981e-03
1.568610838739714630e-03
1.571640064333468256e-03
1.569915173644020889e-03
1.566599470231661018e-03
1.567683037518169398e-03
1.568832369587352948e-03
1.568335166976825290e-03
1.556854012976227608e-03
1.538399539621232437e-03
1.514691522102068477e-03
1.489258717548125333e-03
1.459778258878330348e-03
1.420845034910411808e-03
1.379314087400745903e-03
1.341224197306284394e-03
1.324372789090505487e-03
1.308933933599765176e-03
1.293022067464982827e-03
1.275649126969535807e-03
1.257284245041179194e-03
1.233155625278148371e-03
1.205956100639643536e-03
1.180372891950914882e-03
1.152869513827342596e-03
1.121989749279544979e-03
1.087211851195479806e-03
1.056227193676373410e-03
1.016481196812663024e-03
9.872504510378410369e-04
9.528214990165706499e-04
9.204016473414455835e-04
9.006198591869074566e-04
8.741611299553642134e-04
8.537109521377095334e-04
8.342935654506444809e-04
8.102212482051507347e-04
7.958900408573110763e-04
8.260538116490190319e-04
8.553163348201109351e-04
8.839891391790311026e-04
9.090060882143424781e-04
9.222165264637649518e-04
9.315792286248569809e-04
9.341451561203917286e-04
9.470088604868198701e-04
9.466109831892666193e-04
9.565029291974391779e-04
9.751786073272650235e-04
9.785368629874890978e-04
9.845188955847072876e-04
9.884059792853727711e-04
9.910310680116551918e-04
9.778052674445369963e-04
9.959127522459476634e-04
1.042236636394439087e-03
1.089989640052885234e-03
1.140983716792748348e-03
1.188679857784091798e-03
1.237845386986125007e-03
1.287660549412122934e-03
1.337930341466231354e-03
1.382771548926686744e-03
1.420700748818726211e-03
1.457378367980682876e-03
1.482947387261457362e-03
1.511976800797010245e-03
1.529725811187626627e-03
1.538288379564045627e-03
1.540827978942976850e-03
1.543850978891370129e-03
1.548895172084091554e-03
1.546530838502230276e-03
1.537339110059016134e-03
1.520883526286653797e-03
1.504937926903343604e-03
1.480134515788655847e-03
1.444739232433822629e-03
1.408178210659888352e-03
1.369869195047807020e-03
1.326599363644959118e-03
1.283166572537242089e-03
1.237691668438789527e-03
1.198692380925042711e-03
1.175967156522683688e-03
1.155076725765591394e-03
1.131752644368738681e-03
1.106199338896801665e-03
