# game: leduc_poker 
# eval_every: 1 
# num_iterations: 250 
# num_players: 2 
# bootstrap: False 
# truncate_negative: False 
# buffer_size: -1 
# num_hidden_layers: 2 
# num_hidden_units: 30 
# num_hidden_factors: 0 
# use_skip_connections: True 
# num_epochs: 200 
# batch_size: 100 
# step_size: 0.01 
# 
2.274851316176466298e+00
1.644053901003703189e+00
1.251423683519641727e+00
1.050175008026488888e+00
8.897362347166530849e-01
7.933126273323051203e-01
7.446633390162975541e-01
6.801084172771489911e-01
6.281371525608890893e-01
5.827716195440578728e-01
5.728670533463900982e-01
5.585628218755402941e-01
5.529226325367413430e-01
5.371501127017599408e-01
5.221587247082365435e-01
5.025070872207948458e-01
4.920036915460402893e-01
4.776218331155236974e-01
4.632393167591777328e-01
4.488712753427632207e-01
4.325750914737233055e-01
4.237154404775950733e-01
4.114054126259715227e-01
4.012675766088066864e-01
3.927282877784908921e-01
3.856251558306050820e-01
3.851767774117833554e-01
3.789485517891030830e-01
3.743123575704622175e-01
3.664617879578603854e-01
3.596038870964850531e-01
3.511962949035542514e-01
3.434926197664552316e-01
3.437176374925929867e-01
3.381761869556139111e-01
3.278302193072935022e-01
3.243026207128890115e-01
3.217965206420076996e-01
3.170707608503580688e-01
3.131046052496622156e-01
3.061549648447323690e-01
3.034474573821279164e-01
3.001779771473617187e-01
2.981955133347369835e-01
2.942496705192308992e-01
2.910296958053688599e-01
2.872968737499778102e-01
2.840187406953365579e-01
2.837951417578826740e-01
2.841479064748652084e-01
2.847830587395640545e-01
2.832155502009712222e-01
2.820968256589100887e-01
2.818101498578302611e-01
2.816653189676398550e-01
2.798761343502493837e-01
2.770490346851567365e-01
2.751596897603794112e-01
2.735621812178453682e-01
2.731202190171711508e-01
2.719411895210287478e-01
2.725015865368622947e-01
2.737766259487568465e-01
2.750793795558726385e-01
2.758781090409866965e-01
2.769693470679622238e-01
2.753374752052960561e-01
2.731490665180001942e-01
2.707411761054298593e-01
2.676535816120929057e-01
2.641770936512463086e-01
2.622921763210281920e-01
2.604365562398496814e-01
2.623820254257885898e-01
2.623507372630300427e-01
2.599134967306287458e-01
2.573325753140933703e-01
2.553231677680791734e-01
2.534148634324665528e-01
2.512179873300223187e-01
2.497926087173223952e-01
2.469992644742579624e-01
2.449187494055959924e-01
2.423594065364170769e-01
2.396109656183473824e-01
2.371622340566215681e-01
2.354283741740635649e-01
2.333268067022975789e-01
2.313902031821939431e-01
2.294547781036322398e-01
2.291982332204147710e-01
2.316688819026260227e-01
2.343338660587694078e-01
2.365738849689444367e-01
2.388608024691661891e-01
2.391628665509465679e-01
2.396280451196864947e-01
2.407664785677154917e-01
2.400067159383307835e-01
2.406515704510441278e-01
2.406020488444715610e-01
2.407177729096258989e-01
2.412033209904438369e-01
2.418128589367443404e-01
2.430707906012180841e-01
2.426600935822003646e-01
2.420774546654307358e-01
2.427503318546154754e-01
2.427257382795458829e-01
2.426521619532792107e-01
2.425308709178618516e-01
2.431682726243912795e-01
2.440851539701292539e-01
2.436121960335411174e-01
2.439228815092954750e-01
2.432685269712609732e-01
2.420132645247997094e-01
2.404330004331243775e-01
2.401286481961797670e-01
2.380652093794914936e-01
2.361352420733265622e-01
2.341156888411051740e-01
2.327855738017642895e-01
2.309264169989282411e-01
2.296437382698444107e-01
2.284971999649060836e-01
2.271244991667856206e-01
2.270923503978117264e-01
2.264846013548685866e-01
2.251227379018770347e-01
2.235826598694692358e-01
2.225802139427398574e-01
2.217153517241014504e-01
2.211454446179886291e-01
2.198738359522062202e-01
2.192494152419569020e-01
2.185709245559765701e-01
2.177592664516192766e-01
2.179861504877869116e-01
2.178421483915133350e-01
2.174302008616751380e-01
2.169951840906773344e-01
2.180328640186373623e-01
2.179628030231638147e-01
2.174714492376051689e-01
2.176781985238537831e-01
2.175582172456146934e-01
2.185546575339705200e-01
2.194105595300134270e-01
2.195673025250010069e-01
2.202462813746650927e-01
2.204618063476517786e-01
2.205683036648264927e-01
2.214927422249098887e-01
2.219356192917549264e-01
2.230149679159287301e-01
2.247218092661272260e-01
2.258863581841997759e-01
2.260692043731666878e-01
2.269498639601829348e-01
2.278239889699987253e-01
2.281782338458520631e-01
2.288392628281061270e-01
2.297482461784914054e-01
2.300429277165603192e-01
2.308600453343090386e-01
2.322050905802872101e-01
2.326083265899139829e-01
2.329284124894430152e-01
2.338991137200174819e-01
2.347136636783190289e-01
2.362994395798583835e-01
2.373605861930505878e-01
2.379709491178271796e-01
2.385878222355400924e-01
2.389705603551459667e-01
2.389481389689185331e-01
2.398839019768554959e-01
2.403504439637380585e-01
2.407566415987850705e-01
2.411197193801757899e-01
2.424120719245033140e-01
2.426085866971907645e-01
2.425294298144715921e-01
2.419365081833675102e-01
2.416165777488817890e-01
2.410284950074710608e-01
2.400801620644902601e-01
2.393220526508465507e-01
2.377338181688454233e-01
2.357218031502364419e-01
2.341666305745200849e-01
2.327731627450945751e-01
2.308797677691715733e-01
2.292428682340487134e-01
2.271644117169975552e-01
2.251872788468766151e-01
2.230306965482236059e-01
2.220436789045186488e-01
2.201385711416586621e-01
2.191939096817391019e-01
2.175928021487547603e-01
2.166515902498499235e-01
2.170635458615489122e-01
2.169670167221123824e-01
2.169750536597347124e-01
2.171530908964299234e-01
2.172290821919017623e-01
2.166206510693201581e-01
2.163787472295689573e-01
2.158822524950717026e-01
2.160835408493719800e-01
2.154460880325629324e-01
2.151470458278048059e-01
2.149465416892256120e-01
2.149162398056589651e-01
2.147739435948529119e-01
2.151870331163366901e-01
2.155455678109019502e-01
2.157306053031524673e-01
2.163551493690155092e-01
2.163911030683374204e-01
2.163330039072024757e-01
2.163455119954022510e-01
2.163970352606242042e-01
2.165357567350554291e-01
2.168785570430432907e-01
2.169954782650311553e-01
2.166246569666908095e-01
2.167238292238686803e-01
2.168966549170734393e-01
2.164962985746570201e-01
2.162798512055906786e-01
2.161024707036034997e-01
2.162553841367237106e-01
2.161181256961834385e-01
2.159560822003019631e-01
2.157620734887468195e-01
2.157577992876107686e-01
2.161944476638201773e-01
2.159925661562102639e-01
2.162706528541472883e-01
2.162051842431109150e-01
2.165430086939721110e-01
2.167761526975764963e-01
2.174002735242555329e-01
2.174722685386852594e-01
2.175389925085324805e-01
2.173582033669211599e-01
2.176770463470764083e-01
