# game: leduc_poker 
# eval_every: 1 
# num_iterations: 250 
# num_players: 2 
# bootstrap: False 
# truncate_negative: False 
# buffer_size: -1 
# num_hidden_layers: 1 
# num_hidden_units: 13 
# num_hidden_factors: 0 
# use_skip_connections: True 
# num_epochs: 200 
# batch_size: 100 
# step_size: 0.01 
# 
2.775827466637822205e+00
2.292570465520796574e+00
1.887626923727322659e+00
1.621101351011060565e+00
1.443234652870067469e+00
1.302275881193279083e+00
1.179225611953877983e+00
1.110159142002530297e+00
1.066787799315637830e+00
1.078353636329140830e+00
1.066022067902329784e+00
1.046810717324879292e+00
1.033156356949368915e+00
1.048746842718530026e+00
1.049308939429914211e+00
1.053388273585398327e+00
1.032050437534226095e+00
1.022798353621899414e+00
1.007315869086209403e+00
1.003974034711113017e+00
9.903686834407328110e-01
9.776750149727525541e-01
9.688317425546535411e-01
9.660697229061608882e-01
9.608966500698412627e-01
9.517360056187329498e-01
9.428889204337485008e-01
9.384511866463178809e-01
9.351885681877190049e-01
9.301013328319704954e-01
9.212498773217857595e-01
9.161349363165320892e-01
9.057151313278795079e-01
9.041322671321669890e-01
9.052322033242377053e-01
9.023028514758265617e-01
9.024194069406350494e-01
8.993990477377500348e-01
8.981192191921062440e-01
8.947929633167518437e-01
8.921822369541103637e-01
8.866204955352641193e-01
8.802461657740885403e-01
8.818006299569352002e-01
8.816744014999842172e-01
8.805806873838007975e-01
8.787265886523636382e-01
8.762070713511567188e-01
8.755740971546992490e-01
8.759350223914411648e-01
8.761401439085246823e-01
8.760740340638565327e-01
8.744960432507787873e-01
8.768729849721261793e-01
8.762766217065618424e-01
8.735469107040173542e-01
8.744531057840281285e-01
8.715974913440632799e-01
8.696538405485123580e-01
8.670474078584999855e-01
8.661345889265259501e-01
8.657229771493091253e-01
8.663453286681035426e-01
8.664313196317169341e-01
8.648111957393100901e-01
8.635464627765986334e-01
8.612136343333188782e-01
8.587383003047837082e-01
8.572326795474140004e-01
8.554413611568261189e-01
8.533611520705447484e-01
8.525818962311746407e-01
8.519049771528737214e-01
8.501999772966771785e-01
8.485554848546110751e-01
8.478987711706982289e-01
8.485273542450180173e-01
8.482978129224082453e-01
8.495542042469665933e-01
8.484155649518928533e-01
8.487346680273775146e-01
8.517234481408342273e-01
8.523247668013627099e-01
8.528576477567084702e-01
8.530927042978974084e-01
8.536388963945813479e-01
8.538202133480106149e-01
8.559632287284131280e-01
8.577255946498099082e-01
8.573041434170393105e-01
8.576712337199177139e-01
8.587202354702991869e-01
8.599087250878676425e-01
8.617128526657287235e-01
8.632611992377303700e-01
8.645191796872299106e-01
8.647554951414541113e-01
8.658292935587743600e-01
8.658139138332237028e-01
8.657154483630762343e-01
8.665665943445159947e-01
8.670726491739698671e-01
8.695180265459376834e-01
8.698880993147328766e-01
8.739901571080840315e-01
8.742348955072685168e-01
8.752958264441635938e-01
8.769306180979181686e-01
8.781510727329775445e-01
8.796693531745001238e-01
8.814447871349250230e-01
8.827506886946572262e-01
8.826408277889548071e-01
8.843545614975796276e-01
8.854583906783047853e-01
8.882273976308787677e-01
8.913207497841946214e-01
8.924294068312177419e-01
8.938569323014611268e-01
8.951313809865124593e-01
8.964314344662773770e-01
8.985305069692081092e-01
8.993734784372057200e-01
9.022245259068411016e-01
9.037369520319030736e-01
9.052150909803284851e-01
9.064016047330598624e-01
9.084966893602305360e-01
9.105264899439556858e-01
9.125098908500383077e-01
9.135718070779220712e-01
9.162509681394093164e-01
9.179381247225733009e-01
9.192166622707352852e-01
9.199858725062695086e-01
9.214532814005778061e-01
9.236711256288168137e-01
9.255558880640686326e-01
9.263356018263172453e-01
9.269474978191188930e-01
9.282340958212638160e-01
9.304340124916231636e-01
9.322882320644563237e-01
9.346448569787527694e-01
9.359061151902883235e-01
9.368358376746019900e-01
9.377021553678668297e-01
9.381722216698867856e-01
9.390991805149941918e-01
9.405647885681182041e-01
9.426750492024817962e-01
9.435181274685850994e-01
9.452402927145135969e-01
9.469376371161386530e-01
9.477693834120319849e-01
9.492349002389590673e-01
9.504574816985016383e-01
9.518621959521598175e-01
9.530505650121370298e-01
9.542755933846158722e-01
9.557521285724472904e-01
9.570223768488732574e-01
9.589160529962764690e-01
9.606648954066807633e-01
9.612505607806530739e-01
9.623027506124270936e-01
9.622257603697452755e-01
9.636056370578932606e-01
9.645688823890008479e-01
9.658212257742575524e-01
9.665757407951811597e-01
9.669197674442411294e-01
9.673432992860746538e-01
9.683565387591288598e-01
9.702878927947099497e-01
9.715819733052624141e-01
9.723487734380809044e-01
9.738929352714439380e-01
9.741968834164109747e-01
9.751959233590861142e-01
9.754363214785961578e-01
9.761386957729384362e-01
9.769472691571319256e-01
9.780822293685028646e-01
9.786767960677571487e-01
9.785312005318123063e-01
9.797674297905369922e-01
9.807921761522377935e-01
9.820172404457140347e-01
9.834946007868435869e-01
9.835003952210745748e-01
9.831504828140293917e-01
9.847353689842368585e-01
9.864171827358065858e-01
9.872055537416744020e-01
9.878071519992281946e-01
9.888001009481444115e-01
9.881405750104033103e-01
9.887306150161251361e-01
9.899868711462083137e-01
9.917543588093786777e-01
9.925636393858285889e-01
9.939271704112351280e-01
9.947932408726403164e-01
9.963151583779789044e-01
9.972991666159314317e-01
9.981309834476981280e-01
9.991438270391996834e-01
1.000479427761904905e+00
1.000537291569438381e+00
1.001869057671322061e+00
1.001425723965654546e+00
1.002578021437488642e+00
1.003741575667530306e+00
1.004275763099412799e+00
1.004017418139300233e+00
1.003637153596667275e+00
1.002448012653854192e+00
1.003057913463864192e+00
1.002374130974294841e+00
1.002030966017058544e+00
1.002284160648365452e+00
1.002479709752168269e+00
1.002223882345073758e+00
1.003144459948467571e+00
1.003645052627884615e+00
1.004244140131903551e+00
1.004950702649266780e+00
1.005924162399221444e+00
1.005996922536198657e+00
1.007006394459571075e+00
1.006800012206293671e+00
1.007194761241134273e+00
1.007526470242802397e+00
1.007681634396806691e+00
1.007396782126528390e+00
1.006678378512128713e+00
1.006809178799258575e+00
1.007017293413819070e+00
1.006891998313262482e+00
1.006358514436410667e+00
1.006268091488301319e+00
1.005793460961988295e+00
1.005805637907284389e+00
1.005726518169928418e+00
1.005659995882155044e+00
1.005811877492769568e+00
1.005475499794030503e+00
1.005224026315291841e+00
1.005459853816774718e+00
