# game: leduc_poker 
# eval_every: 1 
# num_iterations: 1000 
# num_players: 2 
# bootstrap: False 
# truncate_negative: False 
# buffer_size: 20000 
# num_hidden_layers: 2 
# num_hidden_units: 50 
# num_hidden_factors: 0 
# use_skip_connections: True 
# num_epochs: 200 
# batch_size: 5000 
# step_size: 0.01 
# 
2.277220287682200528e+00
1.949469391933293272e+00
1.569448151222220700e+00
1.305785604005293976e+00
1.253822231843168655e+00
1.255088387034347885e+00
1.149642526936662801e+00
1.053302337870395178e+00
9.549001061789654798e-01
8.859625034103784103e-01
8.621139265593124046e-01
9.036972103347341578e-01
8.652271328284103502e-01
8.171155656306047232e-01
7.826511053981635158e-01
7.742886624929863348e-01
7.762809471018823348e-01
7.474323792301047487e-01
7.423418465608881966e-01
7.166287139418490160e-01
7.002359968118589961e-01
6.966906228575585613e-01
6.819784207022339118e-01
7.061593367458844916e-01
7.130967143287864074e-01
7.326987634206297839e-01
7.381437644490214112e-01
7.399155577503220282e-01
7.286398083249721047e-01
7.276221759128793654e-01
7.168361320456588803e-01
7.100658179046366314e-01
7.292918522228739597e-01
7.142516304512102066e-01
6.993284884527902756e-01
6.835710230644431729e-01
6.751071131808907833e-01
6.790005423188418821e-01
6.684553251676177421e-01
6.603989084784523955e-01
6.633982688593380583e-01
6.473216950529357971e-01
6.324511890767903211e-01
6.362202485432780774e-01
6.275822510602551141e-01
6.273853859348423878e-01
6.299739235633459167e-01
6.337209020455856212e-01
6.258697202020488959e-01
6.249588314839229497e-01
6.281492920190839824e-01
6.251266242895385794e-01
6.411329525861809708e-01
6.348186827392487963e-01
6.392004245172743238e-01
6.384068445584135665e-01
6.394535130729159800e-01
6.469354187691309654e-01
6.502968758428069318e-01
6.455356515204115908e-01
6.511679022071222844e-01
6.488001224818045198e-01
6.490157909638916145e-01
6.437061311312397560e-01
6.420991759856631287e-01
6.472248960447816168e-01
6.481955326756398961e-01
6.491822237901307968e-01
6.480153520106748388e-01
6.513125222957578675e-01
6.524029129649002723e-01
6.484748005514111568e-01
6.451361291100141671e-01
6.477668965493810216e-01
6.424619633822015174e-01
6.380876635959882304e-01
6.379619063096242382e-01
6.415446517030670703e-01
6.456696942938066064e-01
6.415483117990551376e-01
6.376050815519158643e-01
6.397419383524776126e-01
6.412459748385371805e-01
6.424631814463774848e-01
6.416572691530642025e-01
6.464911698001188922e-01
6.515148643012275143e-01
6.500700021848645482e-01
6.543563889735376504e-01
6.541251060699342368e-01
6.518324649081799205e-01
6.500347078891239860e-01
6.513575696105933233e-01
6.540196420044984693e-01
6.525346068922585063e-01
6.499626933317584898e-01
6.472934354704203974e-01
6.432453265236370843e-01
6.410718745550503250e-01
6.378654587075959226e-01
6.350498726573549080e-01
6.363411321769634199e-01
6.392717505405161038e-01
6.390078059910245800e-01
6.363758851262271143e-01
6.388422175026402527e-01
6.401474782103231398e-01
6.390304596770262080e-01
6.370632513300718003e-01
6.351093774453213658e-01
6.375546784863217464e-01
6.383881536364561793e-01
6.415947022722054971e-01
6.420345500586163157e-01
6.406145158836875630e-01
6.388789066523222759e-01
6.407111650120792534e-01
6.405304563344159652e-01
6.377483763272028261e-01
6.351136318998268360e-01
6.400784237175074498e-01
6.425913269062886179e-01
6.493643453730819637e-01
6.526197774061668344e-01
6.525184096996005101e-01
6.618425432988647161e-01
6.610925304457109242e-01
6.605793330880995740e-01
6.607632686715030346e-01
6.627942554517034512e-01
6.692086468881081052e-01
6.733770776687705295e-01
6.769828303973104422e-01
6.806541468436830833e-01
6.810397373661258857e-01
6.814888428626980632e-01
6.823482415251547195e-01
6.800374614790564154e-01
6.800034784926274334e-01
6.823684303245081129e-01
6.844111574661289055e-01
6.879260587367701518e-01
6.914815500575473006e-01
6.987929767144658300e-01
7.045533495456526296e-01
7.061288094425520745e-01
7.100264840420116297e-01
7.124451157723576955e-01
7.147877156050093106e-01
7.127049688615514356e-01
7.107947343263558704e-01
7.087264901882320833e-01
7.106052941627907238e-01
7.110259603225128622e-01
7.112624731857386529e-01
7.103046193952469167e-01
7.087428531102429874e-01
7.090047036122684165e-01
7.090832315354800297e-01
7.067068822641444648e-01
7.063506198725624241e-01
7.072936226401347337e-01
7.076278500890944567e-01
7.056415969298270863e-01
7.061985299817603590e-01
7.104660496984671614e-01
7.093431580383785517e-01
7.064677979318422230e-01
7.061107438757530108e-01
7.045070730257727565e-01
7.020947414726037561e-01
6.997733558166028267e-01
6.990458163473320941e-01
7.001289282499094657e-01
7.008340853440170326e-01
7.015966980856358504e-01
7.014740764378682991e-01
7.043565688244022294e-01
7.028826418635752971e-01
7.017793340868273555e-01
6.998657984393115150e-01
6.989746803741037073e-01
7.009353542495967426e-01
7.024596940393311728e-01
7.036437203162348997e-01
7.036220399850089402e-01
7.010713169016428159e-01
7.009007945250992355e-01
7.019084954608798554e-01
7.017524367877923108e-01
7.006158834078443087e-01
6.981029186019223065e-01
6.968440625745494499e-01
6.954353780408816244e-01
6.961399572631088439e-01
6.934807365936175305e-01
6.916866895703647211e-01
6.906637329892475474e-01
6.906324956947296201e-01
6.930471932541152347e-01
6.925088955695575255e-01
6.921493545254318036e-01
6.922776775445811381e-01
6.921490287871499003e-01
6.931594354309750239e-01
6.916005642647711227e-01
6.894506173767858126e-01
6.879334174414496461e-01
6.862319153060130184e-01
6.874022196309463872e-01
6.895109952939515452e-01
6.900235024852215959e-01
6.889344938423994646e-01
6.887342409728819392e-01
6.870194541330950644e-01
6.894263075043616240e-01
6.892048798866634574e-01
6.916639044672214798e-01
6.908320972518874337e-01
6.903000736285446193e-01
6.912886301156835334e-01
6.912762135774227490e-01
6.891444346897701578e-01
6.897430667464303777e-01
6.880364353873981154e-01
6.861155803883645099e-01
6.849119723306561491e-01
6.830738629878934098e-01
6.819950417224686090e-01
6.812457606210347016e-01
6.794724405170012860e-01
6.802967718306923706e-01
6.810804414537139362e-01
6.797232395685660622e-01
6.791500610398343296e-01
6.787869823356754706e-01
6.769619777035305042e-01
6.770027328861435434e-01
6.751717387408237014e-01
6.746807536370331704e-01
6.734668657850728657e-01
6.729645982668870374e-01
6.709646089743056541e-01
6.719014770794224933e-01
6.704631398549918408e-01
6.687845477557148310e-01
6.670062108329593009e-01
6.652718481346638901e-01
6.652199630506192563e-01
6.648490389746253282e-01
6.636774477530484884e-01
6.641789840618883556e-01
6.649335153833779710e-01
6.631578065576804182e-01
6.616392613176653725e-01
6.620769120003215935e-01
6.609159080335186287e-01
6.603160791427447052e-01
6.610976106690484855e-01
6.602994621079597559e-01
6.588988926861440998e-01
6.594799017641401750e-01
6.586442279538839983e-01
6.573381974799893390e-01
6.554301090216174686e-01
6.546302408654895988e-01
6.556913575435562302e-01
6.544581862816341022e-01
6.560336739801090333e-01
6.546358000205829697e-01
6.529180214995689013e-01
6.544636153961780334e-01
6.566027208058941023e-01
6.565234539160395011e-01
6.559732623318331735e-01
6.560222672056457149e-01
6.559218847178663880e-01
6.547995390227545620e-01
6.536758061324364766e-01
6.522628525981123415e-01
6.520593625705339846e-01
6.522580496590109078e-01
6.508599967029471411e-01
6.516306798294766445e-01
6.500861916264757401e-01
6.509067137757345023e-01
6.495186637155316856e-01
6.494974325719240493e-01
6.502844956018718481e-01
6.488185371466864693e-01
6.479031898343414753e-01
6.481013356851057505e-01
6.485042448118065739e-01
6.489421252340248358e-01
6.491788633215934690e-01
6.478284558828865114e-01
6.461912148334995054e-01
6.458572308835056619e-01
6.482298179061153354e-01
6.468704229890867019e-01
6.475945410276889858e-01
6.463839828728886738e-01
6.464034726250613705e-01
6.458164565093054144e-01
6.445029464293656751e-01
6.436333044923074898e-01
6.446587635423086660e-01
6.453332521677065392e-01
6.450688722865255409e-01
6.453046704716318693e-01
6.441605183616210262e-01
6.449319553858096077e-01
6.435039099263613060e-01
6.436600995108529011e-01
6.428326737030363169e-01
6.414962153579919502e-01
6.422056853053890180e-01
6.426500479969479152e-01
6.415293325049225004e-01
6.421494123047550850e-01
6.422894581218343557e-01
6.407840284582309032e-01
6.412727367411548141e-01
6.398129819301042742e-01
6.387866022049812909e-01
6.374438260670425294e-01
6.367708233994907596e-01
6.360194401198996372e-01
6.359428060388405690e-01
6.380285797764356781e-01
6.378210060981723828e-01
6.365021726835109472e-01
6.382444786886127819e-01
6.404503335731676072e-01
6.427566245530429434e-01
6.433194817296056245e-01
6.418650734441172512e-01
6.402614336284560004e-01
6.401868049714569686e-01
6.408549891471262416e-01
6.401785902220948898e-01
6.413394673972145910e-01
6.400253463903167184e-01
6.387991886467287994e-01
6.374570922091019609e-01
6.368828714996123130e-01
6.365275933117436891e-01
6.359214619872769481e-01
6.373477189899877660e-01
6.364018464254478369e-01
6.352899785281527212e-01
6.361393146423959255e-01
6.364668159618034338e-01
6.366274136887968282e-01
6.362455254851508979e-01
6.361661732554292348e-01
6.348601291137612179e-01
6.336301015013670046e-01
6.342388469373186899e-01
6.333364701397810048e-01
6.322498764616574229e-01
6.310804153748792444e-01
6.301530127478567334e-01
6.305977723108782129e-01
6.293951029232638383e-01
6.286583244913999113e-01
6.273480627663826636e-01
6.272716242344343884e-01
6.272514180046592225e-01
6.281953519150088594e-01
6.297353816298223439e-01
6.285494404398159762e-01
6.273432177621186545e-01
6.273952338581360033e-01
6.262490906315061334e-01
6.264072129600434247e-01
6.252058854295465817e-01
6.239643952021538542e-01
6.224616346606872685e-01
6.225017676976924985e-01
6.212805172138495813e-01
6.218333965888003245e-01
6.206882398998104788e-01
6.195178086627757263e-01
6.182090294449819057e-01
6.182141683316269010e-01
6.170495664970063743e-01
6.162067656011909200e-01
6.165166435082024554e-01
6.167485332710707091e-01
6.175692129240715200e-01
6.167529247735092923e-01
6.171428713325306514e-01
6.160623434851963953e-01
6.162429283916246447e-01
6.172565886318330808e-01
6.161534857022563649e-01
6.165374704696323649e-01
6.168419991461531193e-01
6.158818852273517663e-01
6.151609130487133426e-01
6.146735408551460278e-01
6.137447807380685960e-01
6.126945515629106387e-01
6.115955221188357216e-01
6.110843838678200468e-01
6.108719284288262052e-01
6.107978281670498610e-01
6.099840753171924534e-01
6.101202273828916223e-01
6.098060249208514527e-01
6.092053930954313135e-01
6.082398689079312470e-01
6.089926629792494772e-01
6.104184384927966445e-01
6.101745547412484871e-01
6.096856945377644443e-01
6.100977737434277737e-01
6.102629880852252775e-01
6.106744357664932732e-01
6.097270150224181062e-01
6.095499291703236899e-01
6.098227037683129348e-01
6.102330330070160347e-01
6.095177269811185017e-01
6.091547378175978800e-01
6.095133647104563623e-01
6.097425125131767931e-01
6.097208554749732334e-01
6.087074543771805457e-01
6.085759592808409613e-01
6.092131926376869178e-01
6.084840444781650648e-01
6.077171483905350335e-01
6.075687020181794740e-01
6.075647399522949854e-01
6.080715351770650257e-01
6.079470985111369297e-01
6.084684970980670515e-01
6.085737192904978610e-01
6.078463574462421581e-01
6.080585609412987314e-01
6.073918063026564340e-01
6.065876396466280962e-01
6.077748591242543297e-01
6.069980749453023350e-01
6.067881037294405866e-01
6.062300557345828844e-01
6.066171519736948126e-01
6.067394057013719699e-01
6.061041324300886490e-01
6.064723067508812626e-01
6.066374800161660197e-01
6.059949724608799659e-01
6.063300012442559561e-01
6.060088748556156091e-01
6.052727248142921734e-01
6.051261129719704979e-01
6.065198857927480702e-01
6.059619383011556337e-01
6.052126950537131123e-01
6.055779393815903244e-01
6.060197243368770081e-01
6.056405916549090218e-01
6.050224542185336229e-01
6.045087245783200558e-01
6.037861511852522511e-01
6.030638505340563116e-01
6.030324676256793026e-01
6.033220539278678629e-01
6.026885764593875594e-01
6.019899319938823989e-01
6.015130615853088170e-01
6.010847056284240875e-01
6.006079634942754764e-01
6.005955547096748504e-01
6.009246523990574573e-01
6.002682610296572463e-01
6.008208301860087364e-01
6.012019421249996665e-01
6.004397954998053066e-01
6.003438308572087712e-01
6.008314222696383711e-01
6.007886095084523648e-01
6.015682694662413121e-01
6.018073176587674933e-01
6.022559390539148350e-01
6.016984356075005813e-01
6.020435546354228062e-01
6.020638283906938337e-01
6.024628029535966656e-01
6.036587250871070509e-01
6.040238515895279825e-01
6.044025346575648827e-01
6.048790857888006745e-01
6.050398322338004231e-01
6.058004160932035642e-01
6.063723896724484419e-01
6.058211999229041744e-01
6.057701643199842056e-01
6.063506048445544971e-01
6.061769989488422494e-01
6.059395672746576977e-01
6.066038580527194357e-01
6.072665532476635430e-01
6.074493842914570063e-01
6.080297083020241855e-01
6.081038455482140614e-01
6.075529771879393248e-01
6.067133872293462016e-01
6.071422417598421051e-01
6.071940478265215324e-01
6.076107695095667172e-01
6.081859637279154462e-01
6.075010907581231967e-01
6.070881563396388625e-01
6.072937809113237995e-01
6.078390177270882599e-01
6.084198892161373218e-01
6.078191520335938236e-01
6.074931462057273635e-01
6.067009798850049318e-01
6.066265418783269858e-01
6.065457927159025875e-01
6.064240969744287835e-01
6.069998398409834905e-01
6.062263748973077959e-01
6.055747498591443900e-01
6.062386654524586360e-01
6.064607809294556562e-01
6.065282240739811037e-01
6.069164442629233491e-01
6.063177466226267187e-01
6.063301811338510650e-01
6.057724946940574728e-01
6.060176731129373051e-01
6.062623395934184645e-01
6.054374794665552395e-01
6.048852845992267468e-01
6.059149220765861488e-01
6.057814142980149086e-01
6.053200066593418249e-01
6.046190768064105825e-01
6.040409754747242399e-01
6.045537295997225335e-01
6.052543763445213942e-01
6.045875589897482527e-01
6.044373555643405282e-01
6.050466844887364415e-01
6.045473508473275803e-01
6.040348643457880140e-01
6.050828503848959539e-01
6.053184408621589130e-01
6.046940409902913371e-01
6.041472924972248748e-01
6.043833817686583565e-01
6.049437848871276335e-01
6.045654525218364661e-01
6.039661205877404626e-01
6.033627916035069205e-01
6.028839537871840681e-01
6.026192928824578576e-01
6.020627307965864539e-01
6.021281756303518140e-01
6.017055310149874714e-01
6.014839430095659800e-01
6.013898770599664934e-01
6.011994606434138966e-01
6.006400799400839485e-01
6.000656596051826552e-01
6.002246869375988947e-01
6.005285419931862823e-01
6.009324444343997484e-01
6.008087918978057829e-01
6.015697115192072397e-01
6.022654573695220837e-01
6.016984354653192035e-01
6.010208840375371731e-01
6.015301988841553760e-01
6.020288397402639990e-01
6.015074137489415662e-01
6.011095350047379604e-01
6.016784650021990144e-01
6.023234766202975043e-01
6.019504372308661644e-01
6.014757984553995573e-01
6.007649627156760319e-01
6.017901947083796887e-01
6.012683329855045278e-01
6.007951957726100911e-01
6.004433679086299547e-01
6.003703266366189339e-01
5.997529688836914508e-01
6.007115365767122794e-01
6.006928778039252181e-01
6.000862887581660532e-01
5.998275357922520090e-01
6.005880818986291114e-01
6.003309624977906100e-01
6.005585325279907405e-01
6.001220986446618166e-01
6.004639140447510792e-01
6.001293494368837855e-01
5.997076218450239082e-01
5.991386409784960065e-01
5.992372866461787018e-01
5.997020909520310861e-01
5.998203210247587958e-01
6.002975814435267399e-01
6.002718557153139400e-01
6.005109244523396672e-01
6.000591888782667027e-01
6.006169455915187916e-01
6.003864582814653073e-01
6.007419577009160960e-01
6.008499348386373562e-01
6.015814283429573583e-01
6.016621878425701953e-01
6.012150255729802328e-01
6.006909357161149821e-01
6.007886212679350857e-01
6.005201764290526434e-01
6.001507663066343312e-01
6.002985558024001023e-01
6.010247831437499633e-01
6.012185300340381344e-01
6.018505763692421073e-01
6.015737748991827338e-01
6.014839842953563220e-01
6.015992652416763953e-01
6.012834037906310547e-01
6.020444338481800717e-01
6.018150171268750181e-01
6.019997923874775836e-01
6.021697101849217137e-01
6.023469945090593747e-01
6.027150207545417526e-01
6.032766568647819350e-01
6.034140924685240659e-01
6.036326845339156089e-01
6.043784919842264403e-01
6.046767621011346350e-01
6.051074483329538234e-01
6.048380450378776363e-01
6.045515882756955506e-01
6.048718316769771119e-01
6.046547925375588273e-01
6.042340834042463360e-01
6.039651364814321299e-01
6.041757505815420481e-01
6.044894638438307322e-01
6.041457690824679760e-01
6.043119143338199217e-01
6.043484810603121371e-01
6.044095449133306541e-01
6.040727361604624202e-01
6.046102796346617403e-01
6.043459062183269559e-01
6.040449200910835703e-01
6.037986998658515514e-01
6.035055664844136691e-01
6.037018101906297396e-01
6.034692078412378091e-01
6.033975507122584236e-01
6.033155080781821278e-01
6.032074100140593087e-01
6.036488183028363430e-01
6.044321169620479051e-01
6.052381424983530600e-01
6.051117139911886822e-01
6.049785956424338362e-01
6.050845576867758258e-01
6.051673143879048311e-01
6.049123088279806382e-01
6.049806708351305184e-01
6.058030493858572729e-01
6.060074380207811640e-01
6.060667938695513124e-01
6.063610781280717177e-01
6.064294087576169723e-01
6.063664940360480315e-01
6.061653652198663034e-01
6.062811537722052613e-01
6.062264221590101254e-01
6.061191551036720915e-01
6.059944714910118213e-01
6.061391584553796896e-01
6.061265460408330474e-01
6.062901830089925115e-01
6.069956587198428455e-01
6.077312015196578709e-01
6.077001771118487605e-01
6.077739771555450421e-01
6.075925982020270455e-01
6.075004434669374342e-01
6.074351279380298951e-01
6.074124841869399383e-01
6.074780610413703652e-01
6.074807178949968023e-01
6.073732289153936925e-01
6.076212486259671142e-01
6.073226658123216382e-01
6.074985666464189915e-01
6.076668353512311160e-01
6.077777721235597674e-01
6.077655290215296935e-01
6.078091578139999118e-01
6.080588021258348519e-01
6.079212854015171308e-01
6.080519679393121546e-01
6.082249175176505096e-01
6.081078886698827457e-01
6.081248712898874587e-01
6.083412492073800859e-01
6.085897942995088794e-01
6.087701318003011508e-01
6.090839753469436957e-01
6.095918410336980120e-01
6.095304225494804218e-01
6.097309820049815476e-01
6.102047191057368147e-01
6.103463431863132005e-01
6.106774496186897494e-01
6.106470059261879246e-01
6.104820277176394860e-01
6.105920933348385482e-01
6.107616004572066215e-01
6.105614718223082438e-01
6.110427104558739941e-01
6.112025293110661117e-01
6.115370079600402908e-01
6.113681702191046119e-01
6.114464292925760880e-01
6.113572638329085596e-01
6.112316920504492490e-01
6.113548779072790484e-01
6.112188072532845906e-01
6.111474494805678725e-01
6.111825558101554590e-01
6.112073725995701423e-01
6.114423687530700091e-01
6.114863154913194876e-01
6.114728145532568604e-01
6.117247751372886233e-01
6.115328000354609550e-01
6.116573239633134040e-01
6.118129224177607517e-01
6.119348716306749481e-01
6.123899041978368984e-01
6.121249699717163928e-01
6.120380830795648652e-01
6.120086824415625903e-01
6.118355531142167791e-01
6.125318210190082713e-01
6.131840693312636814e-01
6.134713212919478131e-01
6.135212590575350733e-01
6.142468796561640909e-01
6.143892842932251463e-01
6.146465164616662369e-01
6.143636555728699822e-01
6.141307403925747588e-01
6.140355680955792428e-01
6.139735950551206134e-01
6.137509374740963697e-01
6.139361436550844209e-01
6.140362414066975472e-01
6.145100918364740927e-01
6.146626848756095995e-01
6.152700815541964907e-01
6.153146255556577460e-01
6.150778578406614905e-01
6.152909218712918626e-01
6.154320474411361097e-01
6.157005678504432478e-01
6.157821418762486898e-01
6.158516520930749083e-01
6.156516251607196955e-01
6.154976264520674034e-01
6.159369724012891956e-01
6.162248252274672433e-01
6.162352590988554590e-01
6.168955929147014183e-01
6.167285413284009365e-01
6.168572388593562827e-01
6.169764033122981939e-01
6.174432594441408018e-01
6.180561469483876191e-01
6.187154059141881657e-01
6.186106497847575492e-01
6.186570728757921911e-01
6.187797597143189776e-01
6.185355025541550145e-01
6.184671113487336669e-01
6.190101339560341032e-01
6.192101327755612505e-01
6.190318820732513272e-01
6.192827985145811232e-01
6.191135625725997516e-01
6.189416912801429804e-01
6.189349813682785140e-01
6.187823992491736647e-01
6.189035373123326078e-01
6.188977675463442907e-01
6.194312364266247872e-01
6.195771435000392291e-01
6.195167763355629020e-01
6.197030968393001382e-01
6.195543458393211189e-01
6.198555398396921046e-01
6.199805789154957392e-01
6.197039790840638274e-01
6.198285451799636636e-01
6.195907878935946744e-01
6.202024388064716343e-01
6.203945427922165079e-01
6.206947896787179397e-01
6.209162773960082982e-01
6.206280604615561636e-01
6.206112284410180147e-01
6.206339357945389601e-01
6.204931401143713998e-01
6.203290447974607602e-01
6.201714416203661928e-01
6.207685427456235416e-01
6.213222819240721284e-01
6.213789651543749626e-01
6.213630107754736231e-01
6.219310268558128074e-01
6.220867126579419093e-01
6.219408601721387875e-01
6.225248436455071976e-01
6.230209366731356280e-01
6.236595003927345449e-01
6.236849919544904530e-01
6.233727084879674418e-01
6.232021690762303834e-01
6.232831686881133981e-01
6.234461263300226097e-01
6.241093133646082869e-01
6.238873052320255130e-01
6.240269656390287079e-01
6.244022465439107439e-01
6.244412433890144110e-01
6.244792123565485742e-01
6.246697135517085275e-01
6.247522669681331298e-01
6.246269520173284295e-01
6.251704666761672691e-01
6.250066770497626489e-01
6.250198681860422711e-01
6.247673787623468922e-01
6.245904422657034827e-01
6.249508039574905860e-01
6.249465258798690970e-01
6.249196894415609549e-01
6.248217125968890118e-01
6.245757431328791132e-01
6.246200443526779278e-01
6.246556300492499547e-01
6.247797233271649153e-01
6.252911741236675258e-01
6.258089872837684364e-01
6.255720532936679401e-01
6.257879492576613467e-01
6.256828289420031108e-01
6.258856898113437373e-01
6.259625422619541357e-01
6.261819982851573041e-01
6.262674422387168871e-01
6.266101263303889279e-01
6.267381123981314861e-01
6.268965725942492462e-01
6.270426169748226641e-01
6.270571081030693605e-01
6.272705178704380824e-01
6.274579827544992661e-01
6.271726585752577243e-01
6.272975261033697514e-01
6.270054585808017000e-01
6.270979776238847503e-01
6.268871569189504722e-01
6.270457256154836623e-01
6.272162592757070110e-01
6.275684523074154253e-01
6.273136439677522436e-01
6.270321813233932229e-01
6.275902934996483440e-01
6.274866136434161801e-01
6.274706032082573159e-01
6.274961636923559460e-01
6.277541464337608179e-01
6.277332967534041686e-01
6.279003195123344927e-01
6.276984691348964640e-01
6.274517899476824700e-01
6.275763023663289975e-01
6.278063973316940771e-01
6.276044553879268628e-01
6.277012785615025958e-01
6.282173839942736260e-01
6.279279668190567154e-01
6.280666490762539800e-01
6.278141943714046214e-01
6.278790070767108489e-01
6.281851469620230999e-01
6.280214998555780914e-01
6.280681904068298183e-01
6.281479872338835424e-01
6.281071659715053990e-01
6.279557112895227666e-01
6.277472262510264134e-01
6.281847471068564559e-01
6.284971382526836070e-01
6.286776153069000284e-01
6.288461927818089769e-01
6.285272191037944989e-01
6.284926362780346443e-01
6.285637224220461672e-01
6.286907119707774161e-01
6.284498546132548658e-01
6.284443992353127006e-01
6.289243513833321364e-01
6.289792501410742531e-01
6.287544307089699691e-01
6.288643352568954459e-01
6.291457284916840420e-01
6.290081122085630083e-01
6.287104253611928151e-01
6.284555040168546824e-01
6.286625123299443008e-01
6.290655806907258230e-01
6.291009268566400969e-01
6.294524142363118191e-01
6.291638372842353055e-01
6.290968282977836834e-01
6.292999259804983314e-01
6.289740930882254943e-01
6.286395419832739861e-01
6.288746696504303735e-01
6.286025591269430723e-01
6.285127207022336293e-01
6.285073060772135012e-01
6.283579130992245076e-01
6.280680680844227259e-01
6.279477116986470486e-01
6.277464729141393196e-01
6.281018181237214559e-01
6.285672168693707818e-01
6.286041149174703691e-01
6.288341860600497046e-01
6.285513261304477295e-01
6.285348361870350953e-01
6.284634574052621048e-01
6.286890864312802973e-01
6.287739422078835183e-01
6.289099556796273749e-01
6.289143309791169756e-01
6.286304457642188925e-01
6.286112938706053255e-01
6.287494633202304062e-01
6.290497330499031925e-01
6.290607681998141576e-01
6.291225727024845060e-01
6.292103994126511113e-01
6.292786247345398820e-01
6.292976516096810968e-01
6.289920856802586613e-01
6.292732416844679655e-01
6.294381291578489135e-01
6.291626257876090644e-01
6.292147465069656276e-01
6.295360616053851111e-01
6.295998289010009685e-01
6.298705178001166027e-01
6.298338694671163918e-01
6.300348549932878184e-01
6.300700383874140442e-01
6.297388597468884797e-01
6.299777687260317283e-01
6.302259064756454698e-01
6.302285222360597405e-01
6.302558775260932444e-01
6.305158914271704607e-01
6.305791985496889129e-01
6.304540733816839104e-01
6.302040318544060993e-01
6.303934010057331561e-01
6.304127172505724630e-01
6.303649289725065108e-01
6.306992315378778802e-01
6.305031042059479063e-01
6.306785028338123267e-01
6.306373043185912186e-01
6.304887968289875078e-01
6.304775775418197670e-01
6.304333914726929500e-01
6.305601857690071865e-01
6.307491623040708539e-01
6.304324948504034243e-01
