# game: leduc_poker 
# eval_every: 1 
# num_iterations: 1000 
# num_players: 2 
# bootstrap: False 
# truncate_negative: False 
# buffer_size: -1 
# num_hidden_layers: 1 
# num_hidden_units: 20 
# num_hidden_factors: 0 
# use_skip_connections: True 
# num_epochs: 200 
# batch_size: 100 
# step_size: 0.01 
# 
2.552228597604588423e+00
2.192703204356173607e+00
1.770947906349490175e+00
1.512958344957136436e+00
1.320400901122462667e+00
1.205097698903551562e+00
1.115312591998718794e+00
1.066563149986262005e+00
1.018916867128835779e+00
9.645521334815816417e-01
9.279628363961263116e-01
8.848883141831765942e-01
8.502823988206542616e-01
8.649398355704236430e-01
8.506849680725839802e-01
8.369379681551869510e-01
8.389001016661208343e-01
8.358076999062757917e-01
8.316469624147719841e-01
8.184134208137585631e-01
7.964660622045727223e-01
7.779143168576712064e-01
7.467116611271160664e-01
7.136858880516985248e-01
6.831344893127642148e-01
6.557147900864351842e-01
6.356097744223256907e-01
6.269919629059472754e-01
6.215707650047086474e-01
6.181785909663837231e-01
6.000403642357234890e-01
5.932991753480376662e-01
5.806750145387531425e-01
5.746070244862219178e-01
5.695136659186730288e-01
5.633036374132779356e-01
5.580176869834336806e-01
5.523713142353425809e-01
5.490279429741518058e-01
5.443239816413132370e-01
5.372027632079047210e-01
5.296182994968750002e-01
5.227288103463377800e-01
5.141280749586574217e-01
5.117037803071144975e-01
5.083979607274613510e-01
5.039832607923000474e-01
5.030040282870702484e-01
4.982846628565598124e-01
4.945898955852825463e-01
4.887735804591910593e-01
4.831211884435246962e-01
4.766786867615146472e-01
4.703113910918115814e-01
4.636934265513407150e-01
4.571403758045337051e-01
4.511815737202959919e-01
4.469355298662278653e-01
4.440542222053814325e-01
4.390742893549121062e-01
4.340451215859852385e-01
4.314226939112662529e-01
4.268871469013144626e-01
4.222626522105970004e-01
4.203631533542713794e-01
4.154921453768511963e-01
4.108198222516497022e-01
4.064680895150207807e-01
4.031664101608989359e-01
4.004163419318479411e-01
3.992293562172868349e-01
3.971825888198382559e-01
3.955696889074476474e-01
3.947528255536025821e-01
3.951450572269247785e-01
3.960736036311691133e-01
3.962452242698150107e-01
3.974340795910580870e-01
3.988404655416853961e-01
4.001511328533359779e-01
4.021540339094233918e-01
4.049863216425038104e-01
4.089048270649420780e-01
4.114206431891075377e-01
4.151670427465584678e-01
4.193209678761186665e-01
4.218990088149906503e-01
4.258599679756762679e-01
4.288857736113098618e-01
4.324115950731243219e-01
4.352883083728485425e-01
4.362782658975946082e-01
4.403791855048712622e-01
4.448915391510214201e-01
4.481861430525759249e-01
4.505633543245351480e-01
4.524409392334004520e-01
4.558917594182142485e-01
4.588566713577655332e-01
4.614323897825676757e-01
4.632732550002952587e-01
4.654894070758150426e-01
4.661321506734770748e-01
4.689950090442436270e-01
4.681190034100018993e-01
4.673177331830741243e-01
4.656468763442186409e-01
4.653581322586238800e-01
4.658616829600594755e-01
4.647836010421038111e-01
4.634429852780675985e-01
4.623507490047520374e-01
4.615485864717016606e-01
4.602070026327673702e-01
4.590395568077020316e-01
4.578842730268896655e-01
4.574563411112891886e-01
4.574869543646598036e-01
4.574676858969022875e-01
4.579691908714831339e-01
4.586378258889903248e-01
4.592015149696598297e-01
4.593493332918295313e-01
4.590751592705536455e-01
4.596927409522603702e-01
4.597634572982131074e-01
4.598557726911890464e-01
4.599420173134588508e-01
4.602143607166767625e-01
4.604782245701045662e-01
4.611072962362361416e-01
4.616235947273604756e-01
4.619369260774692232e-01
4.626639490191890025e-01
4.633572882948663318e-01
4.639610558242538985e-01
4.644864885215814199e-01
4.643418626228225099e-01
4.647500030267553428e-01
4.652362407866956762e-01
4.654779504310582183e-01
4.655445846863381920e-01
4.655847650997210763e-01
4.656160278856841250e-01
4.656874606145500195e-01
4.662117738633895225e-01
4.664206658793917382e-01
4.666427647237041398e-01
4.673161556661046268e-01
4.674318980739666785e-01
4.685816587529250676e-01
4.686297944596574117e-01
4.682380769588804781e-01
4.673930228280032684e-01
4.671340242265522025e-01
4.670995269818094542e-01
4.669845840372339740e-01
4.670287180532892712e-01
4.676891263392813913e-01
4.686119823936844009e-01
4.692573976500447053e-01
4.694000851586384027e-01
4.693448132889170288e-01
4.695106798819969063e-01
4.691595605826071047e-01
4.683487906054439875e-01
4.688818860221218854e-01
4.686070621207916176e-01
4.685469002575670117e-01
4.676964214695302213e-01
4.674326500647794647e-01
4.671002129326981556e-01
4.666566133768321745e-01
4.655179871237219436e-01
4.649575429437018959e-01
4.641266067292575959e-01
4.638958094670849186e-01
4.627825295071503753e-01
4.617561547947108824e-01
4.608023234866929774e-01
4.606628036211002364e-01
4.602168702724563909e-01
4.596291000762362522e-01
4.591230308260028647e-01
4.592703483612666782e-01
4.585476298367405779e-01
4.589272699484343576e-01
4.592412099979951146e-01
4.590369613738805032e-01
4.583855686121842132e-01
4.576212235650602422e-01
4.577230673194314647e-01
4.572560468438464643e-01
4.569551534475138621e-01
4.572466872777051217e-01
4.574255836148859999e-01
4.581989258659808772e-01
4.583925963520641966e-01
4.589915572276146438e-01
4.591994356774294905e-01
4.593843561597846792e-01
4.603384459238711313e-01
4.611669187694391603e-01
4.622220598810353742e-01
4.624607829222791011e-01
4.631818656515434007e-01
4.634460790759923343e-01
4.635060458804366457e-01
4.637165784225868448e-01
4.638068167730720615e-01
4.639409488846975016e-01
4.637386073908645323e-01
4.638143728319373271e-01
4.635182949592512314e-01
4.636104017480435768e-01
4.640672927475944509e-01
4.645212122161124779e-01
4.651000199105880251e-01
4.657584222815162600e-01
4.662088515166584735e-01
4.668182887366027489e-01
4.675531191557449340e-01
4.683090708903069888e-01
4.690113354217225750e-01
4.695474116351760485e-01
4.700730462332691761e-01
4.704940859607876780e-01
4.711386517671265484e-01
4.718262687646402331e-01
4.723289980371683794e-01
4.728253603655692139e-01
4.731817029545618003e-01
4.734186117806782335e-01
4.738730108468125479e-01
4.742308325837319982e-01
4.747148231463512169e-01
4.752088291255748276e-01
4.756708011528956170e-01
4.761244178179167563e-01
4.769278165920173840e-01
4.777980034272573673e-01
4.786545097220916145e-01
4.791299976416744100e-01
4.798949198731131682e-01
4.805969734204987298e-01
4.815158825714624946e-01
4.821392710796159609e-01
4.833783142527651178e-01
4.838944483141963682e-01
4.846162799145355971e-01
4.852510774466383681e-01
4.860057404717962881e-01
4.865263319388055674e-01
4.869236664266748393e-01
4.877686943179777024e-01
4.878062724728913224e-01
4.883382467442437536e-01
4.891608353153954480e-01
4.899567613492160634e-01
4.906405778583519672e-01
4.913238955972980548e-01
4.921956854290887584e-01
4.930391543916987640e-01
4.934207324792913574e-01
4.941293931949684581e-01
4.949506897866727817e-01
4.957515745196864332e-01
4.961675581510731625e-01
4.970817656207017765e-01
4.974678543710758793e-01
4.980128585794373341e-01
4.988561684648344929e-01
4.993461923898868116e-01
4.999217631483315327e-01
5.004111135248485720e-01
5.006047937236491885e-01
5.010404208698112649e-01
5.015882536090432442e-01
5.020431473264208577e-01
5.028162058730256678e-01
5.033950639598342436e-01
5.040462236321130440e-01
5.045244217989892643e-01
5.051105045588671905e-01
5.054429434581442226e-01
5.057150847213528477e-01
5.059940902168196253e-01
5.061077856671919450e-01
5.066294411314480328e-01
5.067940806141113530e-01
5.067161930750462284e-01
5.068290861992370555e-01
5.069218530512358267e-01
5.069795176996698682e-01
5.070842268787882912e-01
5.068017921197458531e-01
5.071058767614911034e-01
5.068974124710879936e-01
5.068517195347812532e-01
5.067935057697140477e-01
5.072291522620226978e-01
5.073942561842594845e-01
5.072221161466012873e-01
5.074161428241994454e-01
5.074402468283693013e-01
5.074964496900834510e-01
5.077033508871983125e-01
5.076267298423633445e-01
5.075592010531181364e-01
5.069133086297492596e-01
5.066767071899147545e-01
5.060060623106825695e-01
5.053963106975731812e-01
5.045842454483701056e-01
5.038946268059383282e-01
5.033602791491820216e-01
5.026010412223078649e-01
5.019242743761168635e-01
5.013741218742968631e-01
5.009674811138322692e-01
5.007739477183371646e-01
5.005103904797352232e-01
4.996056807794951871e-01
4.987958567359864759e-01
4.983610836189216742e-01
4.980832750812413945e-01
4.978078597816613104e-01
4.980883271854853467e-01
4.976860952722623743e-01
4.975208033128124541e-01
4.975812985734783256e-01
4.976375057984944172e-01
4.972074098870510328e-01
4.970563492484012524e-01
4.969414856267468372e-01
4.971520896680529655e-01
4.969964781670616061e-01
4.970451428835060415e-01
4.968773588147329390e-01
4.967712978053978601e-01
4.966968666329121818e-01
4.967949198152039614e-01
4.966220239546967896e-01
4.964457390814430715e-01
4.963882883647278144e-01
4.963464035647033867e-01
4.960647926293364485e-01
4.958266635400879752e-01
4.956086207542552691e-01
4.955259988065331411e-01
4.953209264780137344e-01
4.950934823373420723e-01
4.948876486229207838e-01
4.946082928768167353e-01
4.939102246671357443e-01
4.935451600139485473e-01
4.931291203159893222e-01
4.928993099380957199e-01
4.919508907680917864e-01
4.915013999874949802e-01
4.906762827005722860e-01
4.903882536003582593e-01
4.895516690161553774e-01
4.888378849729622111e-01
4.883195529806130808e-01
4.872901025600363534e-01
4.862564605451445976e-01
4.860132443848262929e-01
4.849836765153067164e-01
4.842497616007206407e-01
4.830074905850222367e-01
4.818527624904722639e-01
4.809037548490566194e-01
4.798711488875533338e-01
4.788068653379610184e-01
4.780073303057514877e-01
4.772029898895777666e-01
4.762011312272135255e-01
4.752475745630951875e-01
4.746036284493320156e-01
4.738313631774878631e-01
4.726987607465023000e-01
4.715482930681034190e-01
4.705357077552011491e-01
4.695916200057875245e-01
4.686727332351228181e-01
4.678228615714951077e-01
4.668019605349283396e-01
4.661112799678643892e-01
4.654130467642113578e-01
4.644812304868417563e-01
4.636670674964497030e-01
4.628006137917983764e-01
4.621819947935775219e-01
4.614176622796740679e-01
4.607627830259710677e-01
4.602027697268842310e-01
4.597328205564952253e-01
4.591246058614819603e-01
4.587406049412763309e-01
4.582601981764099497e-01
4.579632066003324620e-01
4.574337285132393793e-01
4.569177217871945307e-01
4.563308509700088056e-01
4.558343711792400277e-01
4.557624089388020994e-01
4.555388080137144913e-01
4.552129201146012383e-01
4.548556129363693357e-01
4.546041159904023465e-01
4.544646877930352824e-01
4.540608840079467523e-01
4.541153475938610740e-01
4.538491630972956159e-01
4.534949696372754802e-01
4.531687949430497353e-01
4.528872763099855980e-01
4.528347850648259953e-01
4.524750685058817612e-01
4.522523727954336770e-01
4.518345705461036532e-01
4.518295325057642975e-01
4.513074470492119961e-01
4.511041807963361294e-01
4.509670500893407930e-01
4.508561501406056493e-01
4.506389163273391563e-01
4.504455423705737704e-01
4.503437178171230126e-01
4.501186376064235661e-01
4.501466464489901620e-01
4.502063479463955797e-01
4.501041854290969146e-01
4.501047401956641547e-01
4.500217493077250941e-01
4.498315465655568501e-01
4.497212934052073896e-01
4.497574960545875911e-01
4.497577560814973174e-01
4.497598222588656824e-01
4.496920801904714660e-01
4.496231995956161409e-01
4.497085677124960101e-01
4.497015026483834887e-01
4.496044532224575674e-01
4.493525370723625567e-01
4.491742969629468063e-01
4.492026581953278974e-01
4.491444545535652200e-01
4.489938844451876188e-01
4.487960368015789236e-01
4.487790216588005143e-01
4.489608352079350606e-01
4.487730892048783504e-01
4.488730057020125508e-01
4.488216159885187739e-01
4.487484245719034481e-01
4.486137678436759035e-01
4.485332727719908430e-01
4.483640734583524967e-01
4.483015829835443333e-01
4.481486866104489319e-01
4.482330819972361047e-01
4.481994972938751487e-01
4.480317643048706833e-01
4.480838894514793669e-01
4.479997388724891172e-01
4.479462188832844527e-01
4.479428587749079149e-01
4.478736083548857105e-01
4.479761774894848170e-01
4.477217823607022029e-01
4.476532240054274525e-01
4.474950699419490419e-01
4.473259942636154118e-01
4.473135686480640416e-01
4.471616139918039856e-01
4.469720333707861148e-01
4.468350785153101246e-01
4.468301850725294733e-01
4.467331665596726564e-01
4.466160544388141362e-01
4.466026427733394977e-01
4.466028097033213351e-01
4.465452317875814869e-01
4.463218251189160490e-01
4.462940222315278094e-01
4.463424636591791783e-01
4.465850802613975379e-01
4.469699571060491983e-01
4.471068147764843403e-01
4.472416656378904731e-01
4.476187704272683865e-01
4.477709833704736075e-01
4.478308727446569382e-01
4.481364615186190781e-01
4.483156970953995346e-01
4.485576159598839707e-01
4.488843031832224217e-01
4.494238209332255263e-01
4.495710104262131135e-01
4.499144855745493832e-01
4.502053269457868545e-01
4.502795810425907486e-01
4.505445454955947504e-01
4.507901235476747814e-01
4.510427140406639834e-01
4.511906123423168324e-01
4.513572022138595541e-01
4.516363923470395059e-01
4.519242526943941241e-01
4.521366346633171607e-01
4.524400317077866274e-01
4.529335792131490290e-01
4.532720317302416091e-01
4.537058330383427762e-01
4.541135336864694505e-01
4.544345814298066388e-01
4.549292591869875113e-01
4.554001256744343862e-01
4.559524919655988939e-01
4.561428457551519600e-01
4.566472590534553788e-01
4.568936009670277465e-01
4.573518473009908214e-01
4.577779498508091072e-01
4.580668714766126803e-01
4.583443182390535275e-01
4.587073811619806207e-01
4.590322831066141473e-01
4.593154926930628212e-01
4.596813800483211532e-01
4.599673257883176158e-01
4.603189295593636543e-01
4.604879498337196564e-01
4.610596186866458002e-01
4.611585349711010418e-01
4.616930166303949701e-01
4.621270596766345884e-01
4.625111121576683249e-01
4.628538816850705229e-01
4.631410930271502302e-01
4.637713705623371374e-01
4.641291376430088933e-01
4.645885214123851581e-01
4.650960053837122077e-01
4.654390949603303684e-01
4.658005603084679480e-01
4.662019356718583585e-01
4.668549849679232144e-01
4.672137311059982312e-01
4.676056792441721788e-01
4.680149368322913395e-01
4.682220618338095997e-01
4.684911669560155589e-01
4.687862979482277925e-01
4.691138021864821872e-01
4.694281821970481827e-01
4.698760925619059892e-01
4.702543236133844839e-01
4.707082066236414342e-01
4.709115525416723846e-01
4.713302727719200780e-01
4.714399889117382725e-01
4.718241881168416807e-01
4.720318945827707280e-01
4.721258501730404289e-01
4.722921358587449103e-01
4.725245887839965020e-01
4.727099051328886858e-01
4.729984918058055543e-01
4.731305428099354948e-01
4.733118107687681597e-01
4.735260423817109210e-01
4.738733026928244052e-01
4.741217688896469107e-01
4.744583760303023312e-01
4.745835781718802382e-01
4.747875092963027566e-01
4.752114590033005292e-01
4.754850411799800836e-01
4.756421520083327636e-01
4.760908732707356261e-01
4.763392462236262226e-01
4.766879737310746323e-01
4.769071012274354038e-01
4.770462532783455445e-01
4.773217064146875188e-01
4.774944754610925823e-01
4.776823570298985855e-01
4.780659019857463332e-01
4.783313835808049586e-01
4.786614019234322615e-01
4.788183907739411160e-01
4.791685617184730517e-01
4.795583417332787146e-01
4.798073840389651679e-01
4.801755630385161622e-01
4.805323869250941460e-01
4.808435379123575659e-01
4.811459301853221460e-01
4.814047981137432597e-01
4.816121007415496424e-01
4.821019840522953737e-01
4.824709499255033784e-01
4.828719270404682185e-01
4.831206380806578604e-01
4.834868875736827443e-01
4.838512896332914370e-01
4.841380946476082081e-01
4.843629732629124440e-01
4.845929086000703712e-01
4.849528656640281765e-01
4.853355054402152535e-01
4.856583164947997910e-01
4.859494333218171702e-01
4.863277038306422217e-01
4.867580039708686579e-01
4.871768767714469428e-01
4.877054444339569694e-01
4.880544290370540939e-01
4.882828932825941104e-01
4.886643815120096379e-01
4.887958016428577412e-01
4.889123535495398798e-01
4.891008737489147551e-01
4.896544326382488710e-01
4.900950642809113189e-01
4.901784177231053308e-01
4.905277194921862094e-01
4.907782689333161641e-01
4.912392798077958034e-01
4.915017796606555578e-01
4.918695605469342036e-01
4.920767410263636732e-01
4.924013192919155513e-01
4.926523929672966817e-01
4.928587919068787571e-01
4.930446549720560179e-01
4.933738578143331832e-01
4.936018231515243437e-01
4.939075966947912844e-01
4.942585244525480315e-01
4.944701283413407422e-01
4.947045716541290661e-01
4.949848378755752898e-01
4.952186476309270446e-01
4.954649768865439508e-01
4.956722853744853774e-01
4.957305862545869912e-01
4.959350577325520870e-01
4.963256191608151902e-01
4.965628254513798634e-01
4.968527285816921601e-01
4.971837188610616076e-01
4.973854520185324590e-01
4.975407660426464651e-01
4.976532395227070138e-01
4.979570046559909646e-01
4.981624455893101100e-01
4.983464878861221248e-01
4.985465106554508030e-01
4.987718825098298447e-01
4.990297289666648095e-01
4.992404068335616341e-01
4.994194362128209219e-01
4.995170966890794539e-01
4.997748192650670607e-01
4.998890913577476169e-01
5.001080919795465318e-01
5.002594205018986440e-01
5.003326601995685685e-01
5.004102459082606646e-01
5.004075945778075907e-01
5.006125267817598257e-01
5.006413814619300462e-01
5.006387605672993901e-01
5.008013630073713252e-01
5.007196917179801421e-01
5.006856194633475532e-01
5.007344647487892431e-01
5.006862030739409608e-01
5.007142286784584950e-01
5.007560658145639998e-01
5.007788284360954467e-01
5.007681052110128928e-01
5.007720265216875077e-01
5.008058071568364245e-01
5.007370320516356665e-01
5.009579691658498923e-01
5.009649558635074218e-01
5.009730324663954626e-01
5.009166177013522070e-01
5.007141617032576653e-01
5.006105934666962298e-01
5.005819463958065541e-01
5.006411494965758990e-01
5.006230336367178957e-01
5.005315030446517710e-01
5.004208222506900672e-01
5.003550693510390168e-01
5.003350572535375518e-01
5.003715126790759804e-01
5.007589420019351589e-01
5.006799645737789461e-01
5.007023969405782760e-01
5.007230968201596966e-01
5.007885544151587931e-01
5.008004674548399704e-01
5.008224623008967757e-01
5.007636104648963693e-01
5.007234739301706927e-01
5.008006541493967845e-01
5.008272722578278602e-01
5.008204871795515212e-01
5.006610428696098847e-01
5.005144564300914034e-01
5.003807309682644089e-01
5.003000434685076492e-01
5.001016273445050286e-01
4.999575766490415019e-01
4.998995046015550781e-01
4.999231967985654501e-01
4.999235948281586794e-01
5.001038878091190742e-01
4.998785590483134644e-01
4.997849292270687416e-01
4.997176001187264571e-01
4.997818718301862417e-01
4.997675381754090318e-01
4.997400943843509635e-01
4.995957447374171911e-01
4.995297082846924530e-01
4.992957141407423638e-01
4.991886912398971199e-01
4.990552582088695899e-01
4.990541116203066618e-01
4.989699468501924140e-01
4.988723716650007578e-01
4.988225160102937039e-01
4.986359548446060441e-01
4.985969413713161602e-01
4.985141217001405334e-01
4.983601604102847471e-01
4.982413055944374669e-01
4.982397498402020286e-01
4.980604519999897728e-01
4.980394399953874673e-01
4.978916912632921354e-01
4.978015103204224689e-01
4.976577888487461743e-01
4.975765011853483522e-01
4.974887558576984170e-01
4.972771774513032317e-01
4.972036131091705502e-01
4.971029627589646505e-01
4.969865614735051729e-01
4.969093381312862934e-01
4.969925512881840923e-01
4.968583178963608127e-01
4.966131872581480144e-01
4.964926369653976934e-01
4.962979198147909887e-01
4.962757456916708221e-01
4.961893532375345472e-01
4.959413404036109307e-01
4.957351823480577457e-01
4.957171468446971985e-01
4.955889583469622606e-01
4.953854261768604328e-01
4.951223942108569642e-01
4.949515992148321164e-01
4.947999226767977321e-01
4.947026790525863582e-01
4.947588543086097745e-01
4.946489428564160296e-01
4.945483584074991112e-01
4.944420575047464572e-01
4.942128962028488615e-01
4.941301161858615010e-01
4.939739948242118928e-01
4.937192112661660803e-01
4.936179687402317273e-01
4.933136964283956205e-01
4.932584907377331462e-01
4.932166188048208721e-01
4.932014205459640532e-01
4.931411205330453740e-01
4.929441618969128136e-01
4.928626858795097654e-01
4.926967871961742129e-01
4.924414453535036484e-01
4.924864079655686400e-01
4.923552842155737852e-01
4.921136787726239636e-01
4.919576591579515323e-01
4.919056822049123756e-01
4.917047098753846157e-01
4.916851828139812697e-01
4.916610075185398609e-01
4.914305339322279642e-01
4.915117457611212215e-01
4.913807950956130544e-01
4.913079219868105030e-01
4.910604412916080852e-01
4.910223383937062369e-01
4.909185247457333867e-01
4.908427326703440619e-01
4.906424433918549766e-01
4.905899502947154156e-01
4.904642798902628664e-01
4.903911086827517085e-01
4.902925756312165317e-01
4.900873657400947048e-01
4.899155395387192469e-01
4.898481790348890308e-01
4.895948652478738228e-01
4.894199015487066262e-01
4.893987396034338300e-01
4.891598366961711353e-01
4.889764626634586775e-01
4.889405670179054475e-01
4.888652820741532512e-01
4.887252845303411419e-01
4.885102138014868478e-01
4.883008803422470012e-01
4.881838125188738831e-01
4.880107273607081630e-01
4.877771034352768043e-01
4.875732058285554005e-01
4.874140867205762895e-01
4.871505250183291724e-01
4.869948824854762326e-01
4.868279820046608197e-01
4.865705239930261938e-01
4.863316125573781123e-01
4.861789099871099973e-01
4.858925731849534912e-01
4.856415305302044239e-01
4.855374547343952463e-01
4.853183913048984000e-01
4.852453243158904028e-01
4.850143283894757795e-01
4.847087651032325750e-01
4.845612872216337741e-01
4.843421169618886135e-01
4.841171629889772787e-01
4.838949036987525987e-01
4.836893324453647169e-01
4.835450489609318669e-01
4.833691592057987041e-01
4.831562752616911371e-01
4.828858021918589483e-01
4.825696517695984289e-01
4.823263315026140585e-01
4.820348235997575781e-01
4.818466719459293945e-01
4.815029314944485606e-01
4.812491270377280417e-01
4.810237529719126326e-01
4.808110296396388428e-01
4.804888399128481868e-01
4.802144554188695347e-01
4.799261996188368684e-01
4.796699657775881365e-01
4.793459034119502693e-01
4.790979422815516142e-01
4.788545021641579247e-01
4.785517152892974080e-01
4.783368538510780477e-01
4.781322926781735871e-01
4.779522243649828028e-01
4.777661228606675525e-01
4.775448943592985329e-01
4.773673486855938286e-01
4.771071144336759273e-01
4.768401325872719254e-01
4.767322829380730154e-01
4.764762931677595237e-01
4.763758995544505881e-01
4.761541495918918399e-01
4.761280269510327345e-01
4.759803745292234822e-01
4.757518675892701276e-01
4.754464387322920316e-01
4.753271149422836350e-01
4.750693256139907339e-01
4.749304543012409230e-01
4.747586234898827362e-01
4.745601148153282822e-01
4.744374818032243146e-01
4.743427532035342509e-01
4.742158799453342621e-01
4.741716290872729500e-01
4.740192232152704577e-01
4.738379640124437131e-01
4.738127212056484350e-01
4.737197722145765066e-01
4.735977663478457833e-01
4.734261782647765093e-01
4.732428907268925178e-01
4.730773347522637673e-01
4.728468072262427269e-01
4.726716253080811558e-01
4.725126249604406636e-01
4.723727600355523970e-01
4.722435331821348004e-01
4.721176394217087013e-01
4.719558928626457206e-01
4.718383340290812078e-01
4.716811711342107083e-01
4.714803480637552169e-01
4.713962823473469843e-01
4.712044194200733505e-01
4.711606037867281938e-01
4.709645819557447544e-01
4.708438266317015453e-01
4.706397895174655455e-01
4.704901150928097464e-01
4.703998882787899793e-01
4.702183375224074924e-01
4.699908452826391803e-01
4.699576525288147177e-01
4.698857783869923033e-01
4.699440061532653701e-01
4.697262337270589061e-01
4.695486974728417251e-01
4.694402117583273970e-01
4.692635565458399549e-01
4.690103844568255242e-01
4.688045010849614114e-01
4.687766917730480376e-01
4.686440468706025708e-01
4.684585514519228333e-01
4.682993635070705762e-01
4.681305083168495473e-01
4.679579986042216588e-01
4.679121015315249044e-01
4.678568831480127699e-01
4.676856084939302605e-01
4.674824603703515158e-01
4.674553215934570405e-01
4.674838076240249718e-01
4.675410318831886292e-01
4.675713831256433917e-01
4.675889113582052392e-01
4.676323205499982039e-01
4.677059169039285980e-01
4.676807501874299944e-01
4.677514440063568757e-01
4.677036799525339239e-01
4.676613729031404709e-01
4.676188632420942293e-01
4.674629470857043501e-01
4.673974846967270946e-01
4.674119539067789209e-01
4.673912064122860976e-01
4.673791025021229451e-01
4.673595371035666468e-01
4.672640224227891936e-01
4.672174687986352382e-01
4.671425849511079420e-01
4.671069597805994622e-01
4.670979513995610066e-01
4.670378838893496920e-01
4.671008219103253145e-01
4.670887199281581470e-01
4.670003969024032475e-01
4.669598444131836112e-01
4.669421047333281449e-01
4.669624930518737616e-01
4.669923677496258252e-01
4.669916175483235232e-01
4.669758845146102511e-01
4.669359820581945875e-01
4.668933178470745515e-01
4.667832241777537527e-01
4.668047119096488395e-01
4.667497709684143570e-01
4.668820690540679830e-01
4.668854774938467900e-01
4.668238192219991145e-01
4.669013005384194948e-01
4.668690745972329248e-01
4.668338802312709257e-01
4.668473335049075912e-01
4.667674332006364057e-01
4.667444875634875201e-01
4.668449309658396773e-01
4.668588215296570199e-01
4.668459987535528710e-01
4.668063079280080907e-01
4.669502370161994209e-01
4.669914718418385902e-01
4.669707220384431978e-01
4.669024700188376675e-01
4.668563704562643801e-01
4.668467328628638779e-01
4.668493493043148757e-01
