# game: leduc_poker 
# eval_every: 1 
# num_iterations: 1000 
# num_players: 2 
# bootstrap: False 
# truncate_negative: False 
# buffer_size: -1 
# num_hidden_layers: 3 
# num_hidden_units: 20 
# num_hidden_factors: 0 
# use_skip_connections: True 
# num_epochs: 200 
# batch_size: 100 
# step_size: 0.01 
# 
2.403444936941107724e+00
1.887743198516537602e+00
1.499973713966551880e+00
1.179998318346465069e+00
9.930821983927711205e-01
8.571161642296909466e-01
7.599123914589165363e-01
6.814007520050425759e-01
6.218367446548803690e-01
5.866371911449579368e-01
5.741757800752884666e-01
5.530810728823678524e-01
5.299355353880946806e-01
5.122723853545672057e-01
5.089739069289433981e-01
4.975626015726016815e-01
4.890522671713561920e-01
4.902765122599174186e-01
4.842114467362012564e-01
4.800656827354815026e-01
4.760570577456193497e-01
4.746847798555863251e-01
4.762579077996947352e-01
4.765693509668551542e-01
4.771691548220034496e-01
4.754081335192300584e-01
4.781789168013013125e-01
4.702234002405599189e-01
4.640333822078654968e-01
4.561089578345882689e-01
4.472269605776246770e-01
4.399939888731916326e-01
4.259665450461320169e-01
4.160975622763821713e-01
4.094060301520011658e-01
4.049712647097627460e-01
3.986983231097291913e-01
3.936272625040945217e-01
3.929450690666238533e-01
3.882746187121231540e-01
3.851023349974377341e-01
3.834273074668406167e-01
3.833243350009107875e-01
3.815536304328546180e-01
3.800136696592267826e-01
3.805438754803811552e-01
3.809114629886809489e-01
3.815940674696358115e-01
3.805798816985128119e-01
3.816767009170194958e-01
3.845416323021058069e-01
3.834220359115084742e-01
3.824384428404155045e-01
3.811845606792733099e-01
3.798557925568338822e-01
3.787653640827119972e-01
3.767457006236041295e-01
3.740424330464655611e-01
3.741784012506692569e-01
3.705939253290058688e-01
3.679268511645526485e-01
3.669725945848458792e-01
3.653441744851217976e-01
3.641664653325111800e-01
3.629340979238543374e-01
3.611779332157381561e-01
3.595883223415448637e-01
3.568301411999512673e-01
3.558109713265341645e-01
3.556924586366388974e-01
3.548358341826238216e-01
3.527515213780975101e-01
3.517599450680392037e-01
3.507731012778955715e-01
3.493932753458143248e-01
3.480857216674309029e-01
3.470827805834001412e-01
3.460437330380372045e-01
3.460326133709875629e-01
3.475074542771140473e-01
3.477176392964750895e-01
3.480807667169630304e-01
3.467578815735547493e-01
3.471655740010006208e-01
3.466101887561470196e-01
3.450301263226339676e-01
3.453799082749828830e-01
3.461974133752170890e-01
3.474088754952666114e-01
3.488784854614199737e-01
3.504918890928061526e-01
3.507392688699076944e-01
3.528597570678430051e-01
3.513663202070081981e-01
3.503497214527299120e-01
3.499574749274206864e-01
3.491829088664941128e-01
3.486253091792836933e-01
3.479389323104212228e-01
3.469752729654130841e-01
3.446236975540272196e-01
3.426223715449875362e-01
3.414604025631794992e-01
3.411170103554753696e-01
3.408424111519779420e-01
3.407211297696674523e-01
3.397183028046657505e-01
3.396327917555719278e-01
3.383339539494363835e-01
3.379488981383335644e-01
3.395948260898875581e-01
3.412736788970562873e-01
3.420610807560964250e-01
3.434088523668660797e-01
3.456791834178297718e-01
3.466952667060099191e-01
3.480250942422173921e-01
3.485657143569785843e-01
3.494330346084166261e-01
3.503543834847339666e-01
3.506020741626202364e-01
3.516541694996111467e-01
3.538162917532935436e-01
3.537587884192648913e-01
3.543400517451115728e-01
3.548323067972801725e-01
3.552843704982088235e-01
3.568278086059473164e-01
3.577557605023034548e-01
3.577135124964558877e-01
3.586362096292693424e-01
3.588934296455913442e-01
3.600012281876683873e-01
3.604983987971842607e-01
3.609568033816794586e-01
3.614237422963309521e-01
3.614159817311912715e-01
3.619514496777041512e-01
3.624570828478119178e-01
3.630640490311657365e-01
3.637279230813252329e-01
3.640667381111510892e-01
3.643300978624160469e-01
3.648723776138687591e-01
3.653302980087652641e-01
3.648961139971843570e-01
3.639966728333448032e-01
3.636774732470589577e-01
3.630503138397780383e-01
3.623597401861349820e-01
3.617590525678225366e-01
3.619792681712269422e-01
3.628420255065439859e-01
3.634474262054918636e-01
3.640449977331210452e-01
3.644387848696767906e-01
3.649226107744006908e-01
3.651501517778427131e-01
3.657436380265661757e-01
3.666253914417755277e-01
3.671403768707528492e-01
3.680711439636735749e-01
3.690163194455303719e-01
3.695652874768429186e-01
3.698314639930944114e-01
3.706714656271807851e-01
3.714809451365812532e-01
3.715469371149391908e-01
3.715801361889908838e-01
3.719116524199492790e-01
3.726870018271108975e-01
3.731407936624245858e-01
3.730044407386627903e-01
3.729641260184067275e-01
3.726803292524504263e-01
3.728519529058921256e-01
3.720591089747536939e-01
3.719289041548008434e-01
3.717689589650838289e-01
3.714222929921083827e-01
3.704328485265270254e-01
3.703286889190505748e-01
3.711407356434864857e-01
3.708256110309354758e-01
3.709061315948575244e-01
3.709572464380959667e-01
3.705295498824129341e-01
3.695594135292869509e-01
3.691801816263679537e-01
3.683123370767345528e-01
3.681734070639372525e-01
3.683953788544110375e-01
3.675180297391483220e-01
3.673923724669151958e-01
3.668695360202977040e-01
3.661016345513206094e-01
3.651026176209836716e-01
3.638455372689863854e-01
3.629901400794582345e-01
3.623627405410219104e-01
3.612048844206330322e-01
3.608222072685622894e-01
3.597829392164791362e-01
3.592454265812294878e-01
3.595445153467827781e-01
3.592364355054175062e-01
3.587388645494309358e-01
3.583025256012769000e-01
3.580521405249275091e-01
3.575188074213808687e-01
3.573286608780662510e-01
3.566545473348490813e-01
3.559870264042712118e-01
3.556793305026248464e-01
3.557510037294766558e-01
3.558024822560140743e-01
3.559727115188403013e-01
3.553655994834661880e-01
3.544738518087487411e-01
3.538361475886895313e-01
3.531574895274331438e-01
3.526010781323350995e-01
3.522078154733467303e-01
3.520101310089381319e-01
3.515124543847688021e-01
3.512728775288278538e-01
3.522249525568559858e-01
3.520762617078361245e-01
3.515068768190663384e-01
3.509590758169008340e-01
3.512140850202252196e-01
3.512691054882102204e-01
3.510847875480115898e-01
3.512674772877255047e-01
3.511991219277865728e-01
3.517038920627607590e-01
3.517579023775159741e-01
3.511809058591893740e-01
3.513562850691417383e-01
3.506826968107025211e-01
3.508401040836594542e-01
3.510817725413162282e-01
3.512496229185897434e-01
3.514903754070344277e-01
3.515985899069997700e-01
3.520432141279973837e-01
3.520054076812795252e-01
3.520499393523123244e-01
3.522496803714166846e-01
3.527812615363126736e-01
3.531647563791660005e-01
3.535866289350789726e-01
3.537654412101924883e-01
3.546806262149724831e-01
3.549551483647753747e-01
3.556380545358956979e-01
3.562101116179700044e-01
3.559823283726067933e-01
3.566395114065373795e-01
3.569613640542278477e-01
3.575318406449666808e-01
3.581127160140117338e-01
3.587308208197694803e-01
3.585984364681577552e-01
3.586398359078256104e-01
3.588084115351768411e-01
3.590149767259281921e-01
3.593160802918171637e-01
3.592839084138671479e-01
3.592212818096208182e-01
3.587669429871041538e-01
3.591193033207620289e-01
3.584116700438386149e-01
3.581391463588682322e-01
3.579988595882511171e-01
3.578941430785772537e-01
3.575904435538126425e-01
3.572658254634569763e-01
3.572211441589291381e-01
3.570918463819948152e-01
3.571799698038052862e-01
3.567024725701867238e-01
3.565058449972269283e-01
3.566544775599500561e-01
3.565001151773242727e-01
3.562858026474538531e-01
3.565192548719779975e-01
3.565789217810787504e-01
3.567109768222627708e-01
3.562865959433223484e-01
3.559636678184299186e-01
3.559619308317665820e-01
3.557014519412169395e-01
3.558616240151816212e-01
3.560655622822398447e-01
3.556898420297265329e-01
3.553623575301214643e-01
3.554364557710073536e-01
3.551062436080582030e-01
3.549571508552803456e-01
3.547822539833330735e-01
3.544655653378274707e-01
3.545409035712926982e-01
3.544504610203630390e-01
3.543772586990440732e-01
3.542729919025260354e-01
3.540203296801580635e-01
3.539261224807568329e-01
3.535713063004709555e-01
3.534616445960262476e-01
3.538968601266011538e-01
3.539264471476176177e-01
3.539514696382530246e-01
3.541153348710815996e-01
3.539990242327739067e-01
3.536830086209601376e-01
3.537707587915098761e-01
3.530203185003596977e-01
3.526051490770617525e-01
3.522711254606561981e-01
3.519101064273842949e-01
3.519106032928563388e-01
3.514741401867004789e-01
3.511276342009252982e-01
3.507214744189348088e-01
3.508247059301181636e-01
3.503200699747323621e-01
3.502411446311188836e-01
3.495054363398606423e-01
3.490115487441941555e-01
3.487228670844798595e-01
3.483971719149540069e-01
3.483300330675556666e-01
3.481902967646777758e-01
3.481354344386029531e-01
3.478822523343422235e-01
3.477223222928089719e-01
3.481547783779942451e-01
3.479919073446715028e-01
3.480814717792570789e-01
3.481078095190481836e-01
3.480108486744771246e-01
3.484835079220930387e-01
3.491927169623874061e-01
3.489189920370708853e-01
3.486559123876645794e-01
3.490114076854199388e-01
3.492800245259107816e-01
3.491188463323794955e-01
3.492993940917358819e-01
3.495005808323904395e-01
3.496261546445188495e-01
3.500245188220794113e-01
3.507480478046215433e-01
3.514682190272545581e-01
3.517619890219502721e-01
3.524361838762811172e-01
3.524204926836089213e-01
3.526818471769994634e-01
3.528648681363952821e-01
3.531269361339374746e-01
3.534063137466593174e-01
3.537708653377064638e-01
3.542683111360466208e-01
3.542305632720995634e-01
3.546595790644869739e-01
3.549076137993210089e-01
3.550019000005258940e-01
3.551621490020296368e-01
3.558009123183820677e-01
3.559091526580632214e-01
3.561425983339452372e-01
3.562430751778860594e-01
3.561017237021862347e-01
3.562614179479751675e-01
3.562048820647925051e-01
3.561605253155648576e-01
3.561346619999326002e-01
3.560852695850906802e-01
3.561242423688812941e-01
3.562420565310646658e-01
3.565159740617182549e-01
3.565169787332111984e-01
3.566691002284386736e-01
3.567681573952298235e-01
3.571279364694788794e-01
3.576738838214945648e-01
3.582238431798808742e-01
3.587550016476352965e-01
3.591132821561671129e-01
3.595582906219941255e-01
3.599455408345284546e-01
3.603030911098814570e-01
3.604973549010187517e-01
3.609304268853281705e-01
3.610260305844225637e-01
3.614064666361539446e-01
3.614532267025994394e-01
3.620719943337793456e-01
3.625451624992149791e-01
3.631574420043665596e-01
3.636322220490603163e-01
3.643076131531625128e-01
3.647199255812330621e-01
3.651818934403542327e-01
3.656474550547610947e-01
3.660687054158791032e-01
3.667618497353871687e-01
3.670353322431274545e-01
3.678766467759073677e-01
3.688036062006190829e-01
3.695079444707651817e-01
3.702713657471747299e-01
3.709493429575836387e-01
3.718133179315067371e-01
3.722936483988300571e-01
3.726016145213225661e-01
3.730777021541943905e-01
3.737246103468001013e-01
3.741486594309930691e-01
3.747382462908451783e-01
3.754189940355282529e-01
3.757655562236505986e-01
3.764348532087101740e-01
3.769955311854206181e-01
3.774238904473941614e-01
3.782443652197970962e-01
3.784171419380281121e-01
3.788178186387988200e-01
3.792554315001884779e-01
3.793600176070246466e-01
3.794959776895070469e-01
3.800713319997937045e-01
3.805792482028260149e-01
3.808572602142326624e-01
3.811078559604467175e-01
3.814173138081115022e-01
3.818711986314647922e-01
3.824050188201012501e-01
3.827932173623022072e-01
3.834078390410415871e-01
3.840841807710948519e-01
3.843765137327664339e-01
3.844142022153230198e-01
3.848098912824755580e-01
3.849465794891900328e-01
3.854202736992878298e-01
3.857796995258812034e-01
3.859921510396188138e-01
3.861409006798766086e-01
3.868932583885430487e-01
3.872454355819781591e-01
3.879223784216871973e-01
3.884446110472473679e-01
3.889476699927558179e-01
3.894916517062367856e-01
3.900650790942282731e-01
3.903539459804995504e-01
3.907064968433567320e-01
3.914981380466410199e-01
3.920704429375124755e-01
3.926437581636091911e-01
3.931646097093879355e-01
3.937336587977082747e-01
3.942297295993968387e-01
3.946127085059213391e-01
3.950354622904699853e-01
3.952978577319042897e-01
3.960464991908954069e-01
3.966602349769984270e-01
3.974357977894266702e-01
3.977687930593367116e-01
3.983372658019000978e-01
3.990995102661428762e-01
3.994044333882242337e-01
3.995113938133744158e-01
3.998909432745209047e-01
4.002063132067780193e-01
4.005907394868033489e-01
4.011105246190446172e-01
4.019799104450054728e-01
4.023933895500844682e-01
4.027315865432638531e-01
4.031114184161337377e-01
4.032876852981576721e-01
4.039285542497653703e-01
4.043948152916003180e-01
4.050402674352023835e-01
4.057825179484564337e-01
4.058618881556619318e-01
4.062102599848601558e-01
4.065955728767650657e-01
4.066931299959279933e-01
4.069022567222466691e-01
4.073428407569288923e-01
4.077822236719321203e-01
4.083501660044435155e-01
4.088835606192698924e-01
4.093158896392262713e-01
4.097727573025539693e-01
4.099754988793167798e-01
4.100361099382675567e-01
4.107041140865727025e-01
4.113039388235464333e-01
4.116581685124082735e-01
4.120657448169315895e-01
4.119887181141794197e-01
4.118684365993308116e-01
4.123858732957033091e-01
4.128791106501174535e-01
4.131916052045606635e-01
4.134647022056776589e-01
4.137465617202950030e-01
4.139678670113319248e-01
4.147394185266120026e-01
4.149763556065304004e-01
4.152880013290325967e-01
4.154588099855007766e-01
4.158449062665189322e-01
4.161442964838524272e-01
4.163638742821683114e-01
4.165859457930559673e-01
4.167293787809390748e-01
4.169605892997945151e-01
4.170603089745503755e-01
4.175334844310227833e-01
4.175844124858769657e-01
4.177162247635950454e-01
4.178482265774045579e-01
4.181260463138280481e-01
4.183663816289465709e-01
4.182688906984141086e-01
4.183396548785367486e-01
4.181970219645650966e-01
4.182219572600931468e-01
4.180024308925236465e-01
4.180274333968686529e-01
4.179643097018339026e-01
4.184061534810020744e-01
4.185315774940037148e-01
4.184599256886837315e-01
4.186242627232513724e-01
4.187691679571770020e-01
4.189131306622209117e-01
4.191862065224282174e-01
4.192573850551566395e-01
4.194224904353727190e-01
4.194821735701707022e-01
4.195395289368195613e-01
4.199189685318784893e-01
4.198388685527397746e-01
4.199527884147189472e-01
4.199363244289192609e-01
4.201810023606852851e-01
4.203504137725647682e-01
4.205369028658191288e-01
4.204832492644471342e-01
4.210025734526298136e-01
4.209964238799736580e-01
4.210240540062624715e-01
4.209171721100218866e-01
4.208718626352482284e-01
4.208437629220507792e-01
4.206899922840445782e-01
4.208727525524751378e-01
4.206970905613781064e-01
4.207131455368892103e-01
4.210646175757877807e-01
4.209899376684206329e-01
4.211311772484736538e-01
4.210228478117979956e-01
4.210513753339801268e-01
4.212206743571981216e-01
4.208862660971984249e-01
4.208745601670148551e-01
4.209171949773832799e-01
4.211846164245794943e-01
4.212466506883704165e-01
4.213437952274823317e-01
4.213322516727049938e-01
4.209728265414005577e-01
4.210635915664244777e-01
4.209508198484788188e-01
4.208185637538937041e-01
4.208285636815739528e-01
4.209105337179652739e-01
4.209149358996808754e-01
4.207385361120084544e-01
4.205748159926846474e-01
4.202769727802434518e-01
4.201756198720512647e-01
4.201955749973161902e-01
4.203046460471756562e-01
4.201642908846201507e-01
4.199801113861429402e-01
4.198765962864178802e-01
4.199047733161570539e-01
4.197065188241221323e-01
4.197744683941497801e-01
4.197408554717510509e-01
4.199766467382786139e-01
4.202540856719991780e-01
4.203762586098025444e-01
4.204827978787827325e-01
4.204755763195460183e-01
4.207446867096589771e-01
4.206713038889078882e-01
4.208229428442404885e-01
4.208629531888548048e-01
4.207880321064930706e-01
4.206094171093009981e-01
4.207339688627829144e-01
4.207027249203286190e-01
4.207629836762328823e-01
4.210019880353939037e-01
4.209191206474944824e-01
4.207605027042800039e-01
4.209117582490896625e-01
4.206583368028404823e-01
4.207887773266138498e-01
4.207124887336839425e-01
4.207835924348723999e-01
4.208214356643114051e-01
4.207475579908019903e-01
4.206883842217493674e-01
4.207924093261737886e-01
4.210281807594628001e-01
4.209225278220167787e-01
4.212032336165910107e-01
4.214045239021295131e-01
4.213379074366395138e-01
4.213645647351650370e-01
4.214330774372644361e-01
4.216865165975146601e-01
4.216339868645883060e-01
4.215542051109048560e-01
4.216048927952102399e-01
4.217502509740105321e-01
4.218808313400299603e-01
4.221610201893433167e-01
4.225070630189151633e-01
4.227726370336810646e-01
4.227682053944474272e-01
4.227563158857953751e-01
4.227213091678229673e-01
4.229396298946226374e-01
4.226036142139161789e-01
4.226986359261674098e-01
4.227161354465598375e-01
4.228563090100549982e-01
4.229701813880267225e-01
4.231387169056952668e-01
4.230671491801528683e-01
4.231527464572046870e-01
4.232857708387069984e-01
4.229804341119439703e-01
4.230131239054747971e-01
4.228490838663836460e-01
4.228370105909875498e-01
4.229327174023584934e-01
4.229187043147273339e-01
4.228871299809118245e-01
4.229408780441578641e-01
4.228785075124403270e-01
4.233290707241515460e-01
4.233462451862958220e-01
4.233664871907704130e-01
4.234599941257345956e-01
4.235743024010561464e-01
4.236218155247886141e-01
4.239124286122767371e-01
4.239548938701327430e-01
4.242521087722596063e-01
4.243145107487014123e-01
4.244864374854200317e-01
4.248142435627727531e-01
4.246998506934753226e-01
4.247093770529148937e-01
4.246066077821148976e-01
4.245544046447259356e-01
4.247341644973435248e-01
4.249533176684251456e-01
4.251189887791045896e-01
4.251035605725852484e-01
4.249389419437705762e-01
4.248900257466234343e-01
4.248841978104475059e-01
4.249375425626172875e-01
4.249636292601461918e-01
4.250692684143222433e-01
4.249967891256472008e-01
4.248543038697191188e-01
4.248076086260526574e-01
4.251624685701507755e-01
4.249315306433818495e-01
4.250069761431305437e-01
4.249193104660269893e-01
4.251168192865578122e-01
4.252304299748940752e-01
4.252113550061702441e-01
4.254050727516218711e-01
4.254522518588594870e-01
4.254564039093274852e-01
4.255055051376692710e-01
4.256319068090199664e-01
4.257590685553404031e-01
4.260155621916955071e-01
4.259308691546944692e-01
4.257957742264253942e-01
4.258969217670920404e-01
4.257843465415573347e-01
4.258422625739706202e-01
4.258661295809377245e-01
4.259427923265653448e-01
4.258918415000850777e-01
4.260815066963578035e-01
4.261090176584277356e-01
4.262855862573177168e-01
4.263452452162275197e-01
4.263759654092155182e-01
4.262755686749346573e-01
4.265005166836857153e-01
4.264886286138974136e-01
4.266229568000289296e-01
4.266021650258204900e-01
4.267281541173856274e-01
4.268072636151926114e-01
4.269766289884263655e-01
4.270167064149212321e-01
4.270239641675911968e-01
4.272143988409281001e-01
4.273241136797529816e-01
4.273652203286855134e-01
4.274617508173078617e-01
4.276201747203352554e-01
4.275321186498854953e-01
4.275091855074634739e-01
4.275915054841449847e-01
4.277975436321571068e-01
4.276980033145576510e-01
4.276865130610797427e-01
4.277464612780789710e-01
4.276638006489253407e-01
4.276309884355808388e-01
4.275435114159183425e-01
4.276207132917554388e-01
4.276849845629764335e-01
4.276874433106315765e-01
4.275920466146341248e-01
4.274957526027410304e-01
4.275338000924003290e-01
4.278073014609039548e-01
4.278729489592434376e-01
4.276609512171249405e-01
4.277018133849160852e-01
4.277459419847473576e-01
4.277774907893449052e-01
4.276536340713169571e-01
4.276983145834009070e-01
4.275362673659158785e-01
4.272765979773860412e-01
4.272555077610036833e-01
4.269017171492853757e-01
4.266525612637428466e-01
4.266325144452670637e-01
4.263562075115150951e-01
4.265442115839306880e-01
4.263430683710380809e-01
4.262823442125361906e-01
4.261767946389831696e-01
4.261659264810876424e-01
4.261200029756113672e-01
4.263037475737000981e-01
4.263361600830761766e-01
4.263819797589761817e-01
4.263739641843894423e-01
4.265525557833561021e-01
4.263660959492451830e-01
4.265028475988986156e-01
4.263928332831909418e-01
4.261564136294248573e-01
4.263558513088028801e-01
4.263068439555659506e-01
4.260850773828978033e-01
4.263315246476852560e-01
4.264749804409863065e-01
4.262749545902824733e-01
4.263396508290268616e-01
4.263493453987932669e-01
4.265840735228317859e-01
4.264919480291995413e-01
4.264611440211446558e-01
4.263298859741279645e-01
4.262668075475606888e-01
4.261481005315095882e-01
4.259094805424682439e-01
4.259121856349654123e-01
4.257554319899054529e-01
4.256239003327456083e-01
4.254140712333400742e-01
4.251818344833124819e-01
4.250063199054567864e-01
4.247360667483002228e-01
4.244123713911290841e-01
4.243221692107808640e-01
4.240967458722959549e-01
4.240831258680622939e-01
4.239535108492449300e-01
4.239625440666705547e-01
4.238839979943025971e-01
4.237417385972768180e-01
4.235826912308832126e-01
4.234694158887387649e-01
4.233277281486680366e-01
4.230686736854825103e-01
4.229073082067192901e-01
4.228655670305226377e-01
4.226592741665977648e-01
4.224044425697723315e-01
4.221582408201657310e-01
4.219631213792082169e-01
4.216528414599677310e-01
4.213749381364994551e-01
4.211890777777719808e-01
4.211497317357913994e-01
4.210367758997526355e-01
4.210167288715236378e-01
4.205353905098391798e-01
4.203384566456052074e-01
4.202015294762206365e-01
4.201223653541751313e-01
4.200787927159421731e-01
4.197841660756124194e-01
4.196062830463144766e-01
4.193663299464830407e-01
4.192528006044391464e-01
4.191904803490159592e-01
4.190411570931169560e-01
4.187965306646802555e-01
4.186216323148644891e-01
4.182939374878416050e-01
4.179222049414340612e-01
4.178583576544349087e-01
4.176867274322562662e-01
4.176469802503330886e-01
4.176774410932163617e-01
4.174778613316839637e-01
4.170610516188094641e-01
4.169639854849690463e-01
4.166738262413854921e-01
4.166021813659598894e-01
4.163874995036608295e-01
4.165316892658612602e-01
4.163772330178611703e-01
4.162727793251871922e-01
4.160701234625131528e-01
4.159579848631522192e-01
4.156970685103319463e-01
4.156416350645181779e-01
4.155398881239528164e-01
4.154145590799880328e-01
4.150554043491790912e-01
4.147927225616545588e-01
4.146087469435059125e-01
4.143759751216279930e-01
4.141487617061694881e-01
4.138917426446853121e-01
4.137118794932865828e-01
4.135160947946912025e-01
4.133405327235656901e-01
4.131140989056359403e-01
4.128877835956370479e-01
4.126793980183827704e-01
4.126364223134830200e-01
4.123252968929299600e-01
4.122670337785560579e-01
4.121437550311044529e-01
4.119498359319719860e-01
4.118859853409878036e-01
4.116404809329885506e-01
4.112846980929135698e-01
4.110881782123091410e-01
4.108390483784648550e-01
4.105364307632400900e-01
4.103143057710346708e-01
4.100715823834547025e-01
4.097971374858589422e-01
4.093172523839332944e-01
4.089797169109087860e-01
4.086311462882254997e-01
4.082881841603169804e-01
4.079909601075388803e-01
4.077865114377422495e-01
4.079821085957630045e-01
4.078076455259221911e-01
4.077781277423114248e-01
4.075854425358418354e-01
4.074306748077835549e-01
4.072993828421855311e-01
4.071204083421751663e-01
4.069206729109408061e-01
4.069387204001456704e-01
4.068419286710179272e-01
4.066999727901698947e-01
4.065440279458135131e-01
4.063963273256574471e-01
4.062545105234907084e-01
4.061752562827798396e-01
4.060805024432799226e-01
4.060663830417438613e-01
4.059983538826852367e-01
4.058036763991276219e-01
4.055728432267583505e-01
4.053183019940673204e-01
4.052024081523566967e-01
4.050233090114287449e-01
4.049174935396104846e-01
4.046552273273376632e-01
4.045821571694819263e-01
4.044205682872258900e-01
4.041443920408249180e-01
4.039746002630224542e-01
4.039509710081293781e-01
4.037008663659272245e-01
4.033375022884506667e-01
4.031180653675581205e-01
4.028056797683978174e-01
4.027967668866846984e-01
4.025259153947137181e-01
4.022025049661815954e-01
4.020485450889033641e-01
4.016506831093815677e-01
4.013994765621589078e-01
4.009393396967116940e-01
4.007491561867144725e-01
4.004502632119044669e-01
4.002565598096796684e-01
4.000042044743354896e-01
3.999246004782770481e-01
3.996444301085467776e-01
3.993740201978245308e-01
3.990871021635194471e-01
3.988327703438063199e-01
3.986168954333998427e-01
3.985054737192599283e-01
3.981447762088563547e-01
3.980523927427771502e-01
3.980237924375509273e-01
3.979243286787125800e-01
3.978332971519071837e-01
3.976289861900069167e-01
3.973653405397408189e-01
3.971551266779000389e-01
3.970966470633187639e-01
3.969470254747176075e-01
3.967409173576806891e-01
3.966130168201456030e-01
3.964139391014583347e-01
3.962141014860215971e-01
3.961650189381002440e-01
3.960580912924493990e-01
3.958809785636806522e-01
3.958385838986586691e-01
3.956735353072287076e-01
3.955256263481715662e-01
3.954610229738305671e-01
3.953447587454909096e-01
3.952350486991737522e-01
3.949955667462321518e-01
3.950015620567076113e-01
3.948982361265637175e-01
3.947794326644620821e-01
3.945567047723660403e-01
3.943774117184973838e-01
3.942238509178003225e-01
3.940527311571257463e-01
3.938214211259963848e-01
3.937316882110033500e-01
3.937476680984855482e-01
3.939403185433811849e-01
3.938540045668846856e-01
3.938643023853029557e-01
3.935920945823210282e-01
3.935724159244124998e-01
3.934902355206555957e-01
3.934878279811501178e-01
3.934093869362039753e-01
3.931851450911650891e-01
3.932222326321799244e-01
3.932961484857602219e-01
3.931500711105427870e-01
3.930946582031764613e-01
3.929986543702682633e-01
3.929219743850968505e-01
3.928316912847699682e-01
3.930897926361562877e-01
3.932498742841792350e-01
3.934179392079026893e-01
3.932867971297437371e-01
3.932819095418249034e-01
