# game: leduc_poker 
# eval_every: 1 
# num_iterations: 1000 
# num_players: 2 
# bootstrap: False 
# truncate_negative: False 
# buffer_size: -1 
# num_hidden_layers: 4 
# num_hidden_units: 20 
# num_hidden_factors: 0 
# use_skip_connections: True 
# num_epochs: 200 
# batch_size: 100 
# step_size: 0.01 
# 
2.359953999199462693e+00
2.166352074249544568e+00
1.795955837411998379e+00
1.464237326052789445e+00
1.210572949858933933e+00
1.062620955698309944e+00
9.736865058708324971e-01
9.097522260036505770e-01
8.485954745601345106e-01
8.006761363558897449e-01
7.712512690340671551e-01
7.385067716355080414e-01
7.070155678151327505e-01
6.808013509479022840e-01
6.571522037423829232e-01
6.390430470632640914e-01
6.248311864418740758e-01
6.039762311423302332e-01
5.870407607690055762e-01
5.693921148329827986e-01
5.551864547026914565e-01
5.425495748910624805e-01
5.323867567211310048e-01
5.202540685656429353e-01
5.139037505461432342e-01
5.078943183489809110e-01
5.036147505114068057e-01
4.971989220363108863e-01
4.944281763425878440e-01
4.914368765303498421e-01
4.882431669265649976e-01
4.839406838748473993e-01
4.814018128444395028e-01
4.699441703316905583e-01
4.609533648982210297e-01
4.555531709622302472e-01
4.490598329309613557e-01
4.491534268800911889e-01
4.518311630971819648e-01
4.554291553330905851e-01
4.550629374659898030e-01
4.533996883322624072e-01
4.526627855683655888e-01
4.474337019144216665e-01
4.409479534389408317e-01
4.303875615229624252e-01
4.176302157050919561e-01
4.062254475872573711e-01
4.002452504065929784e-01
3.888504185960099946e-01
3.859584518638052852e-01
3.803458579836060949e-01
3.761377943629973242e-01
3.734307778840391112e-01
3.709172208946258098e-01
3.661207048053578550e-01
3.653354743633412949e-01
3.607979374496257385e-01
3.561056754728207929e-01
3.579387480417840495e-01
3.527154005332371889e-01
3.479881899935263201e-01
3.437896815433335584e-01
3.403969957158912152e-01
3.364998863061094969e-01
3.315271034269469119e-01
3.289586669143182984e-01
3.238183328301397212e-01
3.189752142860523554e-01
3.153190837428199167e-01
3.139510696852814142e-01
3.127378718934364921e-01
3.118349755165044090e-01
3.116130777441651345e-01
3.106059047963493081e-01
3.091471205456516325e-01
3.068443221687152667e-01
3.065158446718597163e-01
3.055751510217762368e-01
3.035430509978687130e-01
3.030877530722089763e-01
3.020531416783949763e-01
3.015273736455739151e-01
3.012965379638412600e-01
3.016970220086517829e-01
3.006488373501222666e-01
3.019204925571111198e-01
3.023436713466215453e-01
3.035698857002550044e-01
3.035654020124669561e-01
3.041443626140615808e-01
3.035608791452714672e-01
3.038863993199901747e-01
3.032736409838306946e-01
3.032369935386032833e-01
3.032681858493893046e-01
3.022703865085728525e-01
3.012269430735586839e-01
3.011366887439385631e-01
3.020232266655217268e-01
3.030409513739458216e-01
3.034305422059768165e-01
3.026085307853007000e-01
3.028055406444758457e-01
3.017685267697368112e-01
3.022670537100168309e-01
3.042586600926869833e-01
3.052776137485611607e-01
3.034008285167006935e-01
3.024647315791894608e-01
3.005440810387078887e-01
2.986703645222934522e-01
2.955011702776085269e-01
2.935630413058407662e-01
2.919971640578067351e-01
2.910440161943594339e-01
2.899034512362001492e-01
2.897640603824283012e-01
2.893087457943148699e-01
2.884851468784827011e-01
2.881288426202320840e-01
2.875757907567220717e-01
2.874307674821658387e-01
2.862699026336151253e-01
2.850653446692734683e-01
2.830320836883248869e-01
2.818711754438660844e-01
2.819170127641068557e-01
2.816356861655585075e-01
2.813363799435427692e-01
2.818339492166892502e-01
2.812884655549855450e-01
2.808236165809250284e-01
2.828638401485556453e-01
2.830376880882569113e-01
2.840107744759464703e-01
2.834129235986799222e-01
2.835692658487624085e-01
2.835562979340811030e-01
2.842615213909464034e-01
2.838152087178207328e-01
2.835731209838585065e-01
2.821616915649284851e-01
2.815828116589124686e-01
2.800113115396050123e-01
2.793231216367328407e-01
2.779890612457960875e-01
2.761160047377942961e-01
2.745738867550873152e-01
2.734227787183440839e-01
2.725691957225901962e-01
2.716293641858968932e-01
2.695823665378083156e-01
2.684669734171473143e-01
2.666667712815080638e-01
2.654356761295111333e-01
2.644099950379004693e-01
2.655932876649018115e-01
2.650720136925014403e-01
2.649048937589142949e-01
2.641572321023371028e-01
2.631317375025473693e-01
2.636889401818106604e-01
2.623893715876232102e-01
2.622936521898265871e-01
2.610200215263496215e-01
2.611984910964996742e-01
2.603229340264303637e-01
2.589615510468483706e-01
2.578659164081674726e-01
2.575500708941079742e-01
2.564338842266639107e-01
2.561299002342236619e-01
2.553682776647169805e-01
2.557892936067587830e-01
2.551169816953925418e-01
2.556159621028578632e-01
2.547734463350097012e-01
2.540630071313744187e-01
2.530377440919444609e-01
2.528168707536215254e-01
2.523111869462236201e-01
2.532020270907449633e-01
2.524545785343741411e-01
2.526668639283683460e-01
2.532337069141575858e-01
2.534648595625642042e-01
2.538813198159047269e-01
2.538433851226812310e-01
2.537096650464063519e-01
2.535896130111747748e-01
2.534900608186921867e-01
2.534558458036874073e-01
2.535221108573881832e-01
2.533036333145736729e-01
2.526031018212005486e-01
2.528941332244491469e-01
2.530551233878985395e-01
2.525366509986568531e-01
2.526617741602444345e-01
2.527445620841024532e-01
2.525185129388536898e-01
2.522932514682649785e-01
2.522928767057766031e-01
2.524495606213920107e-01
2.523269319220619589e-01
2.528576590620033038e-01
2.523628573195418889e-01
2.514039605771789532e-01
2.516238428189879195e-01
2.509134126670874987e-01
2.505817402012850414e-01
2.511711737486550522e-01
2.504946447208163396e-01
2.501541614096096655e-01
2.494222589961726522e-01
2.495969807457998069e-01
2.499035500606595628e-01
2.491929729934967974e-01
2.483530020628462176e-01
2.476742466508542462e-01
2.470072285576399018e-01
2.461872256163717410e-01
2.454720804321623151e-01
2.446028891835828056e-01
2.446464472864091633e-01
2.437190252776293975e-01
2.430251179740965106e-01
2.420400124908934081e-01
2.411780192908762888e-01
2.410880895168407700e-01
2.406739624443715586e-01
2.399310780883661953e-01
2.391624898648861131e-01
2.387970877194444119e-01
2.379936297731558570e-01
2.385483046130767171e-01
2.377314896204163475e-01
2.370701700728733985e-01
2.362353016707641751e-01
2.369518372921459171e-01
2.360568594251148955e-01
2.351944279659305415e-01
2.343430831138153536e-01
2.342560273888925071e-01
2.347425343406489562e-01
2.336322859832684062e-01
2.326985265625440835e-01
2.317085674639116355e-01
2.313083658566668366e-01
2.303690624488409222e-01
2.296013695755929063e-01
2.289927355272187715e-01
2.283915648746110971e-01
2.278204683150906185e-01
2.283501062533180304e-01
2.280327932330264706e-01
2.275744788727816770e-01
2.274502813337981877e-01
2.272086331641690604e-01
2.270088517764176084e-01
2.267505458849585209e-01
2.264103197712823701e-01
2.261146823167138331e-01
2.256044062465622779e-01
2.254007660804010493e-01
2.253448396640656548e-01
2.253896944767692645e-01
2.250655137005754258e-01
2.246848864452310190e-01
2.251910224536465277e-01
2.247452392358078865e-01
2.251304437617115961e-01
2.248421203199734431e-01
2.247794065301348398e-01
2.250083736942516399e-01
2.253195661023586760e-01
2.253123544247213061e-01
2.253165481126805647e-01
2.254199944135836242e-01
2.255813338424807746e-01
2.256492618204675171e-01
2.257553913563838388e-01
2.258818764250139222e-01
2.274421285810338533e-01
2.293179107840778719e-01
2.303913820549631231e-01
2.306889314444447725e-01
2.307227435813871963e-01
2.308489427912573388e-01
2.310731379812743236e-01
2.311233499780342426e-01
2.312578887019637319e-01
2.314267281338631688e-01
2.317314307435328624e-01
2.320934023294683457e-01
2.326570821312889947e-01
2.333055214118676945e-01
2.345992643904092345e-01
2.347967550028528527e-01
2.350276393425170252e-01
2.353638329515839733e-01
2.359859567380552248e-01
2.363183586657988111e-01
2.366212963485322396e-01
2.369052430728102454e-01
2.371248307999445637e-01
2.373285628256333601e-01
2.373113226670228726e-01
2.374623975327547765e-01
2.375934093457592045e-01
2.379352436428348039e-01
2.380570522086440377e-01
2.383729081609660128e-01
2.382366544331021574e-01
2.383439577431218093e-01
2.379707176789680190e-01
2.379879118106329461e-01
2.380463592377001503e-01
2.387321045492802329e-01
2.392475528887289815e-01
2.389512159212447695e-01
2.386898770442353324e-01
2.384602623456130721e-01
2.381431960797077974e-01
2.381861740034904029e-01
2.384198005420752053e-01
2.386582774588116851e-01
2.391508406751164384e-01
2.391027116973558075e-01
2.389659534002001040e-01
2.385612487068924092e-01
2.385479015505741207e-01
2.385018690893044857e-01
2.383526918709251152e-01
2.383212526935773456e-01
2.383301065642800531e-01
2.385586756808975861e-01
2.384441114962091435e-01
2.388164041876463251e-01
2.392309462504039197e-01
2.392521258029259301e-01
2.394037740394888425e-01
2.395429231443998996e-01
2.398956481365829285e-01
2.401319188086437628e-01
2.402532648605733012e-01
2.402184968371139373e-01
2.404218335744070512e-01
2.406447172364049591e-01
2.409889393933961621e-01
2.412512074869401779e-01
2.415264730256818093e-01
2.418539592000558958e-01
2.421545289240606968e-01
2.423035450344866171e-01
2.423913911264786447e-01
2.425262176168324069e-01
2.426003891699334281e-01
2.426380258554923786e-01
2.428931560182987781e-01
2.428910099141387002e-01
2.428764873933680901e-01
2.432383943087718658e-01
2.433332747798535589e-01
2.429913941004988032e-01
2.430455508203048509e-01
2.429090755437114946e-01
2.426916983941710404e-01
2.425284651421728555e-01
2.423692894199810655e-01
2.420814251224650548e-01
2.420182591915095438e-01
2.421575606112099932e-01
2.422588500376496312e-01
2.421867641074889332e-01
2.423874526180953837e-01
2.427247570477844563e-01
2.426657545061108034e-01
2.426887613199827931e-01
2.428893990110221335e-01
2.431987612358615936e-01
2.433047528917907376e-01
2.433470431962019287e-01
2.438552552651912508e-01
2.443866765253061013e-01
2.447109292150869142e-01
2.448823228275432418e-01
2.450735726992465668e-01
2.457299627829696298e-01
2.456096169392049666e-01
2.457493121408902137e-01
2.460552758580540900e-01
2.462350561753962053e-01
2.470148669556536114e-01
2.473777529343886838e-01
2.481860147599149191e-01
2.481098746888873718e-01
2.483517817641015812e-01
2.486191273959443837e-01
2.491290895217092016e-01
2.489097826836836336e-01
2.485819228218343613e-01
2.482098282532256839e-01
2.485743678722274197e-01
2.491551039567103665e-01
2.495596599601263565e-01
2.497083303728050430e-01
2.495247017899616393e-01
2.496342069112280071e-01
2.496184248163149655e-01
2.497598937536800734e-01
2.498049675188219465e-01
2.494727201791410165e-01
2.492482005108467846e-01
2.488171243089937201e-01
2.484971531579946435e-01
2.482999043170509845e-01
2.476294204770637108e-01
2.472520684937828395e-01
2.466065815731103283e-01
2.459644811033588063e-01
2.455021671484655665e-01
2.447957206789351248e-01
2.440235556494338431e-01
2.431691192850142513e-01
2.422815619844215229e-01
2.416567344916355220e-01
2.408156956972540286e-01
2.399392857542446689e-01
2.392195889068875758e-01
2.381966090374440514e-01
2.369363177244864782e-01
2.359536058695818894e-01
2.350781303946470613e-01
2.342417606279318942e-01
2.332910905893327280e-01
2.326761600867471858e-01
2.318622639154387377e-01
2.315671949256905282e-01
2.310757930390399117e-01
2.306053136645738189e-01
2.299726009203010291e-01
2.295741204934385049e-01
2.293051413080057777e-01
2.290509636695445272e-01
2.288434976013829225e-01
2.284569093795685291e-01
2.282583876456336092e-01
2.279952977958653038e-01
2.278811943819119556e-01
2.278620655759132363e-01
2.277851120174146371e-01
2.278028419887149492e-01
2.276036979294911999e-01
2.275555070124659629e-01
2.275849564453775731e-01
2.275695887369723058e-01
2.277452808742815027e-01
2.279230400806565582e-01
2.279004170505104510e-01
2.279848740078975200e-01
2.279861925716385462e-01
2.279840218505038985e-01
2.282228974574432578e-01
2.282837213940377974e-01
2.282622725776180528e-01
2.282455700701526147e-01
2.283229795346116420e-01
2.282625578724941373e-01
2.283558642607206868e-01
2.283161825158932234e-01
2.282241938108868218e-01
2.282650745244320101e-01
2.282417848421169071e-01
2.281690082438858069e-01
2.282140634984783090e-01
2.280890956822105020e-01
2.277660627616330258e-01
2.275720680844853794e-01
2.274298335020493167e-01
2.273271823975340777e-01
2.272302008954879826e-01
2.269848300571508104e-01
2.269115764797522139e-01
2.267741290813836963e-01
2.266990510415288762e-01
2.264407007789844273e-01
2.261065910919245470e-01
2.256771518920692166e-01
2.253716581918633888e-01
2.253085977184933475e-01
2.250184251058459095e-01
2.246854999566340327e-01
2.246302306173656449e-01
2.242633115109867181e-01
2.239937404685301003e-01
2.237060203610072295e-01
2.236213211605804219e-01
2.235181976730903353e-01
2.233345536810544818e-01
2.232472538201108470e-01
2.230743194709418065e-01
2.228908000548793511e-01
2.226466034901713464e-01
2.223531093390051783e-01
2.222449918087273102e-01
2.221043352843326546e-01
2.217273491163941901e-01
2.215479904769568353e-01
2.214461266606037870e-01
2.210739853226910134e-01
2.207416448012135546e-01
2.204921826650964867e-01
2.203743172980841547e-01
2.202077310084878115e-01
2.200421081114877220e-01
2.196897239186812456e-01
2.196820029419067621e-01
2.193989294974005855e-01
2.191050019291435058e-01
2.188236402916855505e-01
2.186745076360528950e-01
2.183676653610244212e-01
2.179855831799089039e-01
2.178686568190131290e-01
2.176087505145513912e-01
2.173286993345168727e-01
2.171693589521883627e-01
2.169253092775373093e-01
2.166204276938837880e-01
2.163376856140613591e-01
2.161385118014591544e-01
2.157955296521541777e-01
2.154386688323784993e-01
2.151437523171785549e-01
2.149897170010091618e-01
2.148020956205250465e-01
2.146622185550482176e-01
2.143964333433188985e-01
2.142042721738216526e-01
2.137613385380875142e-01
2.135301118349992588e-01
2.134235384754516462e-01
2.131152409310299589e-01
2.129370281514267882e-01
2.127235552719314859e-01
2.125165313756933183e-01
2.122493335621592758e-01
2.122878887628531497e-01
2.124746017767765172e-01
2.125415152142445252e-01
2.123229984936353398e-01
2.121805963822248342e-01
2.120077261127250867e-01
2.119741303237271945e-01
2.118994820027807480e-01
2.117164626747019829e-01
2.118300174842599470e-01
2.117281767478307875e-01
2.115247488042586166e-01
2.114495980255701180e-01
2.113820385355242859e-01
2.114247480041652749e-01
2.113630693730713106e-01
2.111942733326478971e-01
2.112322755268208341e-01
2.112766304153604890e-01
2.112472998660673285e-01
2.110952059170103645e-01
2.110028219998936194e-01
2.108399863485924675e-01
2.107909587476067825e-01
2.107082320705268574e-01
2.107006617732024578e-01
2.107108741130179763e-01
2.107125414525145013e-01
2.106722090306323292e-01
2.106357632217174536e-01
2.106520125905554652e-01
2.104183293289954571e-01
2.102701307166678912e-01
2.103881974413954192e-01
2.104398955379956360e-01
2.105225961166953819e-01
2.106959088374095734e-01
2.108619737159478924e-01
2.111159410299195682e-01
2.111622010826503804e-01
2.114164774739819008e-01
2.115760024381178883e-01
2.117957897171668380e-01
2.120903088291315186e-01
2.122861734761797292e-01
2.125121092129869105e-01
2.129650292672339573e-01
2.133040637364822523e-01
2.135729507022146034e-01
2.137780657935199891e-01
2.140324711941275215e-01
2.142983679859591928e-01
2.145950668517214444e-01
2.148117462213626205e-01
2.150299419238003718e-01
2.151961502439274088e-01
2.154591811555268410e-01
2.157006983698877001e-01
2.157646840906403962e-01
2.159155169536323138e-01
2.160168500389846868e-01
2.160028929702335621e-01
2.160643406474605510e-01
2.162716862837312792e-01
2.163747024286157838e-01
2.165590518252075714e-01
2.167781936032900370e-01
2.169101648062823073e-01
2.169481956562590297e-01
2.168869619879672528e-01
2.169510177929558636e-01
2.170758088851734990e-01
2.172261240111080793e-01
2.171816248669291016e-01
2.171810246944940737e-01
2.171196642221778217e-01
2.172521538185346879e-01
2.173255881591955874e-01
2.172717383668804625e-01
2.172739755352788849e-01
2.171653402976886915e-01
2.170948902374508493e-01
2.170458235714141371e-01
2.170198640960713798e-01
2.170198753541878189e-01
2.170333125923914475e-01
2.170456918180613259e-01
2.173061495057627135e-01
2.170937856267003974e-01
2.169651656884491464e-01
2.170535468945188340e-01
2.171235740539593229e-01
2.170888929770658504e-01
2.170669420130957039e-01
2.169898566178645738e-01
2.169425528694020888e-01
2.169305740061192589e-01
2.167671324915579345e-01
2.167026060046776947e-01
2.166083071219498946e-01
2.164430869717573480e-01
2.163349880868040698e-01
2.162696926157089139e-01
2.160812862688007985e-01
2.158951606315749894e-01
2.157034239329002623e-01
2.157150293224493476e-01
2.156358161708581134e-01
2.157660010156975949e-01
2.157559491428444054e-01
2.156332271123674593e-01
2.157250620041542555e-01
2.159086064940705374e-01
2.158979136376744656e-01
2.159721035554672541e-01
2.160168659464962171e-01
2.161080885027778786e-01
2.162610113057080174e-01
2.162710976697760912e-01
2.164955850103685298e-01
2.165794359557920434e-01
2.166949046991968886e-01
2.167900900035883427e-01
2.171663191662505932e-01
2.172990310685239679e-01
2.172868354542222824e-01
2.175095201099186415e-01
2.176283484867313489e-01
2.177004434239441233e-01
2.178848385653714970e-01
2.179879935955468251e-01
2.180793755325811101e-01
2.182893935225713733e-01
2.186497513918364277e-01
2.192280213785839926e-01
2.194806323427163919e-01
2.198581637975649816e-01
2.201116461440979777e-01
2.204959746694781786e-01
2.206591211996060675e-01
2.207339297522288302e-01
2.209433869730205724e-01
2.212292628972057917e-01
2.214330442932555543e-01
2.214899221182103917e-01
2.215422917008735837e-01
2.217984597593879170e-01
2.221249632548841224e-01
2.224110050120601256e-01
2.226705061629047078e-01
2.228881427247182134e-01
2.230192773154674457e-01
2.231349306377408692e-01
2.232738995445416319e-01
2.237718936118537894e-01
2.238730519858864176e-01
2.240646374065147217e-01
2.241600790563354206e-01
2.243978605032766471e-01
2.247589541787765322e-01
2.249459905318352826e-01
2.250600219772831700e-01
2.250995172552486268e-01
2.251978192641044263e-01
2.252252675659010550e-01
2.253888863603738524e-01
2.254303906053398143e-01
2.254456339896788453e-01
2.255941717255844636e-01
2.256852144499822965e-01
2.258038531092616541e-01
2.257924868675673102e-01
2.259415750412249180e-01
2.262737960651477753e-01
2.264277662450299156e-01
2.264534006020643975e-01
2.263753413167951534e-01
2.262665273225781815e-01
2.265030567424058672e-01
2.266759715309333290e-01
2.266654421194961300e-01
2.266081439337354342e-01
2.264035328430284433e-01
2.264065736546624075e-01
2.263225177036816138e-01
2.263333271808836145e-01
2.262343962298083988e-01
2.262491028947308802e-01
2.262650693488102716e-01
2.259656130675280483e-01
2.257341673211776811e-01
2.254790588002291152e-01
2.253837873281219761e-01
2.252044976355656869e-01
2.249973708209700718e-01
2.248231349059213180e-01
2.245360440307218874e-01
2.243472215879538934e-01
2.240555641439324064e-01
2.241092589600188478e-01
2.237279706942175983e-01
2.235455223962833915e-01
2.236373254061464477e-01
2.235215043150114433e-01
2.235534630402719047e-01
2.234197362678193577e-01
2.233805421383884549e-01
2.231166038539761920e-01
2.229876115138180181e-01
2.227705509999398925e-01
2.225921855681784745e-01
2.224323301405250752e-01
2.222974248786733220e-01
2.221473498594567220e-01
2.220737823148236922e-01
2.220162265376667277e-01
2.219198229174921821e-01
2.218343859902818516e-01
2.216764414336628852e-01
2.216765737021441085e-01
2.214539048387693387e-01
2.211773934114432405e-01
2.208868024612369863e-01
2.207553230640668107e-01
2.205685946726565760e-01
2.204513049237205036e-01
2.202210220399484220e-01
2.200436999322686604e-01
2.200229412424323794e-01
2.200308709825118947e-01
2.199050925990871652e-01
2.199288776795431666e-01
2.198263245054543347e-01
2.198062133448008826e-01
2.197326403121230287e-01
2.196509036270476445e-01
2.197053176405651120e-01
2.195859181875561006e-01
2.194860170679922839e-01
2.194179287283021806e-01
2.193179691413914556e-01
2.191347109798412740e-01
2.191462734582061977e-01
2.190684305793061115e-01
2.191253608624833538e-01
2.192247959194044693e-01
2.191786876441821352e-01
2.190324763087818649e-01
2.191875638199347887e-01
2.193658652782662921e-01
2.194169610798470949e-01
2.194060771193538928e-01
2.193987181612322146e-01
2.194058672500544815e-01
2.194138452662626193e-01
2.195167996360421203e-01
2.195935718657694713e-01
2.197043094625042436e-01
2.198083243572672429e-01
2.198727066756319959e-01
2.200256627842362700e-01
2.201810636289340262e-01
2.202882461550123017e-01
2.204196943455013491e-01
2.204965822018750410e-01
2.206049798739926904e-01
2.207532700404674086e-01
2.209442079011232074e-01
2.211621237745880486e-01
2.212153759947714238e-01
2.210533658312456018e-01
2.212813096776229393e-01
2.213215908264110354e-01
2.213735095778696649e-01
2.215249117942575396e-01
2.217320590251954660e-01
2.217780690439104807e-01
2.219945750826670672e-01
2.220900064682247432e-01
2.222227848134267492e-01
2.224424193386468351e-01
2.224616424188131103e-01
2.225592100446927568e-01
2.226588139123726329e-01
2.226716011222945601e-01
2.227615109804154114e-01
2.229112590603420652e-01
2.230002961332958611e-01
2.229990723496174665e-01
2.230451300605191534e-01
2.232078852670330849e-01
2.232436222005911852e-01
2.234127143528536752e-01
2.236477601416986261e-01
2.236985129087935287e-01
2.239108201672615484e-01
2.240952051193778050e-01
2.242713319190311472e-01
2.245426273914845616e-01
2.246264398904421200e-01
2.248352960333146744e-01
2.249578797996169000e-01
2.251249263591681982e-01
2.252717394627636316e-01
2.254486919080121998e-01
2.256155424779404117e-01
2.257713283266075677e-01
2.258872987618972261e-01
2.260253220896674131e-01
2.261627066712342815e-01
2.263530918187896257e-01
2.263526902283843900e-01
2.264613605080615377e-01
2.267229692009787856e-01
2.268431976935988137e-01
2.269433938042926535e-01
2.269989109879864131e-01
2.273170576441183033e-01
2.271736859684828080e-01
2.271843803114793614e-01
2.274109798406722671e-01
2.277382971152177582e-01
2.277158529355572392e-01
2.276372042919809768e-01
2.277479186088729457e-01
2.277527241718997064e-01
2.277636263149319107e-01
2.277221613436407610e-01
2.277685083489406070e-01
2.279200165127697186e-01
2.280039306126142029e-01
2.281557406804893273e-01
2.283448498286242412e-01
2.284937689171079866e-01
2.284990485828423679e-01
2.282840058465073485e-01
2.282896661629404134e-01
2.282949438614325643e-01
2.281938513428574955e-01
2.281263683163105016e-01
2.280795904397999729e-01
2.280569520106101034e-01
2.281660971997117593e-01
2.281379060334281506e-01
2.282959810782157761e-01
2.284598643732270729e-01
2.284601278746415942e-01
2.285904710582060684e-01
2.285497983935518562e-01
2.285984863692267222e-01
2.285825749520859484e-01
2.285336975629123912e-01
2.285362117708008567e-01
2.285706349013413852e-01
2.284553871234273337e-01
2.283844488188297994e-01
2.281419893406626820e-01
2.280698346845276281e-01
2.278351688665219699e-01
2.277523129455665540e-01
2.274734190622639263e-01
2.272705262086152089e-01
2.272107416668983915e-01
2.271042326998702343e-01
2.269260597274009861e-01
2.267803289658983368e-01
2.267341891540661236e-01
2.266569516952110508e-01
2.266413378853099070e-01
2.265842694339072483e-01
2.265806929753805543e-01
2.265424734932164619e-01
2.264412059476299255e-01
2.265153254941391636e-01
2.264679177649769060e-01
2.264367308893796560e-01
2.263774902152737301e-01
2.264409697530212484e-01
2.263793527856034493e-01
2.263543711139219261e-01
2.262880082748885968e-01
2.262558467463509637e-01
2.262083022665168364e-01
2.261974687989217747e-01
2.261429850304433331e-01
2.260697499675697331e-01
2.261244014344452880e-01
2.261779676016738572e-01
2.261972177983673227e-01
2.262245180053257532e-01
2.261424534731153457e-01
2.261350743656971585e-01
2.261178334206359053e-01
2.260630749095300374e-01
2.260629575584081341e-01
2.260282036065585642e-01
2.259861490472597767e-01
2.259117633322029473e-01
2.258461915968809075e-01
2.258755696700388005e-01
2.258392722958917354e-01
2.258978176342409938e-01
2.258592180147312445e-01
2.258475923419121512e-01
2.258276558391996980e-01
2.258195732958772906e-01
2.258236624384644675e-01
2.257896821397956666e-01
2.258212060862217485e-01
2.257476489891471483e-01
2.257848418435972060e-01
2.257760562808901472e-01
2.257874061477686545e-01
2.257366078980078128e-01
2.257882518643324898e-01
2.258438395875391747e-01
2.257995740982970678e-01
2.257480435532722152e-01
2.258061779832384042e-01
2.258527236691249274e-01
2.258225865585360426e-01
2.258606704949425170e-01
2.258212049099774799e-01
2.257576271593390305e-01
2.258310265386745952e-01
2.258501592168252747e-01
2.260008193607908333e-01
2.260080931176636776e-01
2.261028992948231342e-01
2.261521125490811301e-01
2.261336990201545660e-01
2.261815694798822163e-01
2.261521864418447048e-01
2.261475492862575210e-01
2.261841892391211750e-01
2.261882595206806679e-01
2.261659073361866057e-01
2.261636892444573443e-01
2.261434466798650511e-01
2.261518214878267263e-01
2.260735197369652671e-01
2.260155683417776618e-01
2.260099038176955899e-01
2.259962985098901977e-01
2.259921429063790344e-01
2.259449511577948655e-01
2.259652874993571259e-01
2.260285357053169464e-01
2.259914145991936407e-01
2.259871407290833800e-01
2.260578870180907640e-01
