# game: leduc_poker 
# eval_every: 1 
# num_iterations: 1000 
# num_players: 2 
# bootstrap: False 
# truncate_negative: False 
# buffer_size: -1 
# num_hidden_layers: 1 
# num_hidden_units: 20 
# num_hidden_factors: 0 
# use_skip_connections: True 
# num_epochs: 200 
# batch_size: 5000 
# step_size: 0.01 
# 
2.474655365993029932e+00
1.877636141292849059e+00
1.797061278008795338e+00
1.670034773302659481e+00
1.549223445651685571e+00
1.423033763430718412e+00
1.339453132608214858e+00
1.273971907474547915e+00
1.206237074664273656e+00
1.162796294250687756e+00
1.132786558587654202e+00
1.106533403436618324e+00
1.083419689887975323e+00
1.063036024354092390e+00
1.044559563936256819e+00
1.029644935603720279e+00
1.017718884658992184e+00
1.004515526047976559e+00
9.934232304462167207e-01
9.835580770151522989e-01
9.731756472360857391e-01
9.634151619620813234e-01
9.522678095591219360e-01
9.449859559873068360e-01
9.398205023856104345e-01
9.351656586588316111e-01
9.353516422657107698e-01
9.360538908880841058e-01
9.406014769647655926e-01
9.482580105095652634e-01
9.564687369790698668e-01
9.624161788792972017e-01
9.698285178126677675e-01
9.786829453656085143e-01
9.844014919537993347e-01
9.902278113621157951e-01
9.941608901687040145e-01
1.000785794365940173e+00
1.005583438011033559e+00
1.009742266756158191e+00
1.014504072371912979e+00
1.020818736533443349e+00
1.021167846482325281e+00
1.021777734098857859e+00
1.019170462073364813e+00
1.023179581059050491e+00
1.025977214458429154e+00
1.030448898875749641e+00
1.033559270690023180e+00
1.038845606228482543e+00
1.045425012579843216e+00
1.048766829986766069e+00
1.053177758780539541e+00
1.057122317565728498e+00
1.061443618681602974e+00
1.065313402227981321e+00
1.067127105242521079e+00
1.067662051971159487e+00
1.067750265747866800e+00
1.068855103340677903e+00
1.069527033987913933e+00
1.070008435559864912e+00
1.069246291392308201e+00
1.067043677476710251e+00
1.065321333431246353e+00
1.064806856723232942e+00
1.065433243863858959e+00
1.066876925932344733e+00
1.068477767566352821e+00
1.070660477812926281e+00
1.075614496386854579e+00
1.079760516323938102e+00
1.084622732849306770e+00
1.090250716073553061e+00
1.097397603871810956e+00
1.104035756433299875e+00
1.109297123999332335e+00
1.113740201279540321e+00
1.118024121312743979e+00
1.121882721020224905e+00
1.123130650326693569e+00
1.122921630120071956e+00
1.121783921056853650e+00
1.122048580712000199e+00
1.122887449208115784e+00
1.124454906392051479e+00
1.125226696913316449e+00
1.126361691749892202e+00
1.126613601214722538e+00
1.127410923434279733e+00
1.127705037445071667e+00
1.130429682892883259e+00
1.134444458597439809e+00
1.138286766774681658e+00
1.141101597036576765e+00
1.144365726060312394e+00
1.148559907534865587e+00
1.153174924791597000e+00
1.157640887176005995e+00
1.161690007198167951e+00
1.165699210856116608e+00
1.168526068262567552e+00
1.172211650173282660e+00
1.175255156929871703e+00
1.178190707067098053e+00
1.180722090000505098e+00
1.183001715749266936e+00
1.186010563357863701e+00
1.188792999963299790e+00
1.190090354744195889e+00
1.190791883290612141e+00
1.189885737459546178e+00
1.188449118645699132e+00
1.186979247700260975e+00
1.184003009582053956e+00
1.181203680017364643e+00
1.178130313350955749e+00
1.174647134472092569e+00
1.171585003885816878e+00
1.169183526202933976e+00
1.165819025228470140e+00
1.161708030439436268e+00
1.160900849993698802e+00
1.159770244946136675e+00
1.159064866124071447e+00
1.158450244554171782e+00
1.157913654744404219e+00
1.157979385900147262e+00
1.158149262057392326e+00
1.158111711634055796e+00
1.158573483355734179e+00
1.158362559100477807e+00
1.158275589569477404e+00
1.157860724614516279e+00
1.157543751231245643e+00
1.157532838607057801e+00
1.157600441094056798e+00
1.157683334793327745e+00
1.158105086058836442e+00
1.158182056050064856e+00
1.158434454242923461e+00
1.159070687882535200e+00
1.160323119622270083e+00
1.161750453285759210e+00
1.163204644964624279e+00
1.165276530380500386e+00
1.166664081468883563e+00
1.167572497085549443e+00
1.169320816495339255e+00
1.170708422527367398e+00
1.172214950490321428e+00
1.173683374838587756e+00
1.174702337584732303e+00
1.176344422343237328e+00
1.178164564253701085e+00
1.179871764174580839e+00
1.181762033110851373e+00
1.184267109831858011e+00
1.185900414246995993e+00
1.188036857485501585e+00
1.189992198518420974e+00
1.192159428908262431e+00
1.194176170198481657e+00
1.195623667954393454e+00
1.197640491016162212e+00
1.199168671004912756e+00
1.200693693574270249e+00
1.202158491376064342e+00
1.203342949802896467e+00
1.204781638193092697e+00
1.206287641954319367e+00
1.208086402434314088e+00
1.209562640252877630e+00
1.211268172821579947e+00
1.212905071403534318e+00
1.214535566240027897e+00
1.216294215841672299e+00
1.218578467773627771e+00
1.220732363966039902e+00
1.222836485052670064e+00
1.224958385865468458e+00
1.227109691751503417e+00
1.229134739598881199e+00
1.231226277322149176e+00
1.232800214599508726e+00
1.234390623345793303e+00
1.236082820966879048e+00
1.237254872201508427e+00
1.238453953985542366e+00
1.239474807857070981e+00
1.240683955124544324e+00
1.241975347270843466e+00
1.243285758147769648e+00
1.244918031859907792e+00
1.246580083022880814e+00
1.248215523868313470e+00
1.249014603241485499e+00
1.249908817414787432e+00
1.250713617918921994e+00
1.250911877470894495e+00
1.251115296584206948e+00
1.251515347542659251e+00
1.251186001448612028e+00
1.251249126730119787e+00
1.251552991905431123e+00
1.251829882246127346e+00
1.251795815231897091e+00
1.251634524273872451e+00
1.251690247862409677e+00
1.251261737680060993e+00
1.250668770406817121e+00
1.249574923507609014e+00
1.248930976989915287e+00
1.248642726517448676e+00
1.248416845266039577e+00
1.248358166084287291e+00
1.248202206571475070e+00
1.248628106834624996e+00
1.248234649013858721e+00
1.247693093666073061e+00
1.247286131206328363e+00
1.246824475044356451e+00
1.246424152715189138e+00
1.246088898436250592e+00
1.245800942639009534e+00
1.245709875341587836e+00
1.245660849583277718e+00
1.245620474436315961e+00
1.245921474187335232e+00
1.245990782932917096e+00
1.245948572935160259e+00
1.245807453288683586e+00
1.245360653942245044e+00
1.244954300621345711e+00
1.244741657176457128e+00
1.244579160760684644e+00
1.244740843583474144e+00
1.244359287484440912e+00
1.244541702529680327e+00
1.244226367058749450e+00
1.244222816990746328e+00
1.244249609508243815e+00
1.244259193564502430e+00
1.244477130517136487e+00
1.244605768163760340e+00
1.245121195479115261e+00
1.245798222645785547e+00
1.246866479839946695e+00
1.247490664468213994e+00
1.248134302733237444e+00
1.248877961546797088e+00
1.249671332181103267e+00
1.250171561058726954e+00
1.251024812273839437e+00
1.251755159134345430e+00
1.252186338087302175e+00
1.252765469562920675e+00
1.253479016479613239e+00
1.254040236565143296e+00
1.254440289326034907e+00
1.254900688346987092e+00
1.255402882961606181e+00
1.255619918042530259e+00
1.255984356546491432e+00
1.256404758352860807e+00
1.256634336143098718e+00
1.257088576549570957e+00
1.257344755096191369e+00
1.257513869060722378e+00
1.257601927132133923e+00
1.257472515562923610e+00
1.256981426646470501e+00
1.257053157969680868e+00
1.256892913829528169e+00
1.257003756840404662e+00
1.257093613317157299e+00
1.257168444898399073e+00
1.257265464655364706e+00
1.257369725821489315e+00
1.257174342878509155e+00
1.257239448280135674e+00
1.257376939977623120e+00
1.257532705967078002e+00
1.257647781083683025e+00
1.257888467063313254e+00
1.258106348038433353e+00
1.258281842891292079e+00
1.258389779396845709e+00
1.258179781664723773e+00
1.257979999175326880e+00
1.258003732383177642e+00
1.257871554408180437e+00
1.257573774407112932e+00
1.256566341577054269e+00
1.255379577301864780e+00
1.254551177281363561e+00
1.253116304625166100e+00
1.252705603809470380e+00
1.252186246884760656e+00
1.250916735071164076e+00
1.250369909732773621e+00
1.249411690839125955e+00
1.248912339159258700e+00
1.248098125566547090e+00
1.247230154732284380e+00
1.246387170888982432e+00
1.245494181835783865e+00
1.244557874824552490e+00
1.243674407450504837e+00
1.243030626128412308e+00
1.242744603128609571e+00
1.242665091036498248e+00
1.242563150507125957e+00
1.242600229282673219e+00
1.242557762517795927e+00
1.242738527321410436e+00
1.242836533473447691e+00
1.242916969922106318e+00
1.242712034213239836e+00
1.242389038552223379e+00
1.242048463150101867e+00
1.241430780961547242e+00
1.240836035914889335e+00
1.239995230091918366e+00
1.239085689939978252e+00
1.238105308299599860e+00
1.237083612947917466e+00
1.236070771484462538e+00
1.234868152813370479e+00
1.233745435687543912e+00
1.232518438021916740e+00
1.231500066241205227e+00
1.230149847143540587e+00
1.228693844233286203e+00
1.226771578992051026e+00
1.225188160355261457e+00
1.223342806039293240e+00
1.221330155517714289e+00
1.218708972651429301e+00
1.215768422211128907e+00
1.213277199735641521e+00
1.210074785938566766e+00
1.207065174249527750e+00
1.204008144942517955e+00
1.200938522729413815e+00
1.197978032354448441e+00
1.195257023951885156e+00
1.192468689603637833e+00
1.189731407623751736e+00
1.187034500536916060e+00
1.184249984388870303e+00
1.181561459223401611e+00
1.178786961486913976e+00
1.176489202162295911e+00
1.174168596791935082e+00
1.172168893020022473e+00
1.169976489178901957e+00
1.167833298806083331e+00
1.165798825530934613e+00
1.164004830820097203e+00
1.161860729490368671e+00
1.160205458217648866e+00
1.158654054963743407e+00
1.157092106671522291e+00
1.155525430171475465e+00
1.154173392917829055e+00
1.152734238170355585e+00
1.151305284654035255e+00
1.149475115877279574e+00
1.148437243928151830e+00
1.147250953400126061e+00
1.146106456488916736e+00
1.145165411781362996e+00
1.143988773427805139e+00
1.142371489789512307e+00
1.140302532257354562e+00
1.138490017549856903e+00
1.136659457274102891e+00
1.135257403269104737e+00
1.133903818407434372e+00
1.132564466553303228e+00
1.131278510955680883e+00
1.130035020401919166e+00
1.128920874104802685e+00
1.127920789965475512e+00
1.126860520269209687e+00
1.125803058269904344e+00
1.124738904308641541e+00
1.123604959312627161e+00
1.122580017110359041e+00
1.121561626091424291e+00
1.121181213408643629e+00
1.120786696921346248e+00
1.120464690634521254e+00
1.120105241350470404e+00
1.119741680887395008e+00
1.119339822548626184e+00
1.118911454532293570e+00
1.118390212763582969e+00
1.117994857790017171e+00
1.117435996039048307e+00
1.116812140733268066e+00
1.116256679524375128e+00
1.115541706022644020e+00
1.114955535390965480e+00
1.114405960466848144e+00
1.113992131242255823e+00
1.113440196344622102e+00
1.112903473157849543e+00
1.112323183741383836e+00
1.111746807489465860e+00
1.111145179325841337e+00
1.110496010343590800e+00
1.110020388582475093e+00
1.109540466113993151e+00
1.109166181208637969e+00
1.108771794240947184e+00
1.108453540098601753e+00
1.108146000459315328e+00
1.107759398490401059e+00
1.107545229662210584e+00
1.107278318589850263e+00
1.106865268322704488e+00
1.106485245399073225e+00
1.106085153074788829e+00
1.105701286438497633e+00
1.105425445780588323e+00
1.105406431289956526e+00
1.105316635644950196e+00
1.104946582923223675e+00
1.105031719808384327e+00
1.104896676610792383e+00
1.104972248600769591e+00
1.104863273711989446e+00
1.104713304278646557e+00
1.104407623217099399e+00
1.104076056412334861e+00
1.103781473366795662e+00
1.103372990162638567e+00
1.102780392788684560e+00
1.102466109035856956e+00
1.101729586577078424e+00
1.101154241406451462e+00
1.100493799549215446e+00
1.099803370453645401e+00
1.099174405775884100e+00
1.098810713359856361e+00
1.098367745677832463e+00
1.097951375469590651e+00
1.097485241886961838e+00
1.097165443500784043e+00
1.096826870045129354e+00
1.096448576258777452e+00
1.096092873884070062e+00
1.095752634166286432e+00
1.095400631963830751e+00
1.095071757620881936e+00
1.094710188257604466e+00
1.094477018575745753e+00
1.094252757417915944e+00
1.093972330480356581e+00
1.093737893593708987e+00
1.093542416869455192e+00
1.093262510571423762e+00
1.093019415185709331e+00
1.092726914789930559e+00
1.092563411633379333e+00
1.092373940458766679e+00
1.092079924976781413e+00
1.091786097178526482e+00
1.091683778463315768e+00
1.091478270077981705e+00
1.091497306337261275e+00
1.091545825268636971e+00
1.091493904432067730e+00
1.091475190381470117e+00
1.091491424904487362e+00
1.091310639402166771e+00
1.091308280803392261e+00
1.090735512381489691e+00
1.090212996250702782e+00
1.089833746807587822e+00
1.089410210919699695e+00
1.088863618610283135e+00
1.088319312995117638e+00
1.087795066182141612e+00
1.087217077632411932e+00
1.086714981761299992e+00
1.086246012671342687e+00
1.085946461697843368e+00
1.085594362217817466e+00
1.085191059006335612e+00
1.084825986156425781e+00
1.084506533644217452e+00
1.084196635227324235e+00
1.083828995543240303e+00
1.083390461840317398e+00
1.083063120765835663e+00
1.082573063596111718e+00
1.082305334932044394e+00
1.081845883791160201e+00
1.081521044231283035e+00
1.081150438554818072e+00
1.080743012261624170e+00
1.080333242058715726e+00
1.079883392889167792e+00
1.079492769199677182e+00
1.079005853488275823e+00
1.078594445127520007e+00
1.078148688377389197e+00
1.077657372125711666e+00
1.077163875148229755e+00
1.076698646519893776e+00
1.076207920518989392e+00
1.075672227378944967e+00
1.075130485544455894e+00
1.074647570251681117e+00
1.074214410885855564e+00
1.073737396997583193e+00
1.073237737770594391e+00
1.072815579995516355e+00
1.072487869752309031e+00
1.072026531252428860e+00
1.071668013762202332e+00
1.071157329148209936e+00
1.070564239402208795e+00
1.069999969178995425e+00
1.069550071264035118e+00
1.069176348300503232e+00
1.068802336756051297e+00
1.068416993783420033e+00
1.067914969287223181e+00
1.067617663918249749e+00
1.067254756420461526e+00
1.066851466140138038e+00
1.066447024100101615e+00
1.066165685013380715e+00
1.065870091723095436e+00
1.065510113143802284e+00
1.065223943946234098e+00
1.064894794620100171e+00
1.064589147788860934e+00
1.064265649480135689e+00
1.063945701811680689e+00
1.063622614743339190e+00
1.063292649242340904e+00
1.062984701809972954e+00
1.062638576006821989e+00
1.062306840505458760e+00
1.061967634335228672e+00
1.061700981684739364e+00
1.061204153041390930e+00
1.060836488671472067e+00
1.060453161423805302e+00
1.059899595106825521e+00
1.059521515075777742e+00
1.058936731067804393e+00
1.058403553802946817e+00
1.057862856225844528e+00
1.057246269918590276e+00
1.056492518752979226e+00
1.055732023198898029e+00
1.054988590979937024e+00
1.054172087614897002e+00
1.053438197900458118e+00
1.052629293248326103e+00
1.051844524107359069e+00
1.051031642616748751e+00
1.050211074825137647e+00
1.049339129741172050e+00
1.048506308202595605e+00
1.047691905917208288e+00
1.046906105241815155e+00
1.046125387427735420e+00
1.045332696350732782e+00
1.044492953179952055e+00
1.043697948892157168e+00
1.042901903976858335e+00
1.042122378084871182e+00
1.041312602972733092e+00
1.040475539554220896e+00
1.039669011671749743e+00
1.038964362239043648e+00
1.038250326913602084e+00
1.037492276912834521e+00
1.036694883146977331e+00
1.035943091722228981e+00
1.035118642979032444e+00
1.034318893723194410e+00
1.033489662314553970e+00
1.032688434093099961e+00
1.031957367463937292e+00
1.031099801016616802e+00
1.030368841696473581e+00
1.029654912842019820e+00
1.028807682910018118e+00
1.028049604709539544e+00
1.027269457716102785e+00
1.026733986511956687e+00
1.025979532754387913e+00
1.025389370441918135e+00
1.024818204408300737e+00
1.024312774113533830e+00
1.023861558015478179e+00
1.023348509184191624e+00
1.022848173964041152e+00
1.022315761302714732e+00
1.021739150878459679e+00
1.021221677528533878e+00
1.020789263255503343e+00
1.020336950768542472e+00
1.019835089100845416e+00
1.019442358102039758e+00
1.018957791763785536e+00
1.018457597668217751e+00
1.018003014177820242e+00
1.017558537672879515e+00
1.017094944086886166e+00
1.016633675820879823e+00
1.016172699908765242e+00
1.015668058639841664e+00
1.015237126805726309e+00
1.014783306738270330e+00
1.014356285253130929e+00
1.013868555888804313e+00
1.013385716613820042e+00
1.012838165009251945e+00
1.012376526756285200e+00
1.011825046370213421e+00
1.011307736419376546e+00
1.010812973882841970e+00
1.010092791890925268e+00
1.009591891091370597e+00
1.009157665309338814e+00
1.008755970310125427e+00
1.008164713738106455e+00
1.007627079568480521e+00
1.007326665893834239e+00
1.006948381481628463e+00
1.006502721753855578e+00
1.005903826066231410e+00
1.005415186742044442e+00
1.004774174626203997e+00
1.004155086106860217e+00
1.003870982474789786e+00
1.003573086527487890e+00
1.003174354160517368e+00
1.002682303860528368e+00
1.002150514032470907e+00
1.001587378710327325e+00
1.001045025467345306e+00
1.000511636759350731e+00
1.000120480471620610e+00
9.996315927535949220e-01
9.991815195909815595e-01
9.987559800320540138e-01
9.982590887427735815e-01
9.977330563534139163e-01
9.971432995258622256e-01
9.968641124001584863e-01
9.963085490995876592e-01
9.957474691000449685e-01
9.952573154108614872e-01
9.949840099556598316e-01
9.947563725627823761e-01
9.945487046683794130e-01
9.942700750268638199e-01
9.939483945879277194e-01
9.936475948260630187e-01
9.934864420020435016e-01
9.932833568043737404e-01
9.930870656750243608e-01
9.928858700871097120e-01
9.927089357373916068e-01
9.924840921158905038e-01
9.923524330019016793e-01
9.922157477680181303e-01
9.919834962845435200e-01
9.917653117707239119e-01
9.914688531888631307e-01
9.912675775938764033e-01
9.910915682353734768e-01
9.909577815690878699e-01
9.907561039917078816e-01
9.904790111697729937e-01
9.901557697865501773e-01
9.897663078226495159e-01
9.894581869375609351e-01
9.890605016479407929e-01
9.885948431141871051e-01
9.881862986955003425e-01
9.877305570779706390e-01
9.871939745455016180e-01
9.866124287145061622e-01
9.861427786680067031e-01
9.856584054466553946e-01
9.851913872138191586e-01
9.846535740594126729e-01
9.843513598522415364e-01
9.839181517322990178e-01
9.835575912562612988e-01
9.830061569178176750e-01
9.824900813915949938e-01
9.820096994565288284e-01
9.814259846225272810e-01
9.809635851591036459e-01
9.804772894481534884e-01
9.799384840666010010e-01
9.794343125331467226e-01
9.789512238339966865e-01
9.783796479056354745e-01
9.779033138852426532e-01
9.774436428817752098e-01
9.770892392083494471e-01
9.767854318937889690e-01
9.765697678635260059e-01
9.763272496340505979e-01
9.761148862616273458e-01
9.759952123012176628e-01
9.758677548173326777e-01
9.757573129878885920e-01
9.755665240865547538e-01
9.754422824650900159e-01
9.753179663957616263e-01
9.751908790550429806e-01
9.751069052154386352e-01
9.749246759230705273e-01
9.747386162757813999e-01
9.745080858641481658e-01
9.744199092767886761e-01
9.742631581350869041e-01
9.740902658193284491e-01
9.739192957251825433e-01
9.737476064220962346e-01
9.736456656062109083e-01
9.735855019689314549e-01
9.733706477236578891e-01
9.732601310923312266e-01
9.730122214461817132e-01
9.727218861708775144e-01
9.724336426438738856e-01
9.719195460388646568e-01
9.714494580073775865e-01
9.710557527914267517e-01
9.705304172469830792e-01
9.700931615988267476e-01
9.695588690559182599e-01
9.689958559086777612e-01
9.684719571842201891e-01
9.679191684315469058e-01
9.673326447217875934e-01
9.667443841623232226e-01
9.662333954079065368e-01
9.655854581503329204e-01
9.650399031818508444e-01
9.644917519336957401e-01
9.640386610219706665e-01
9.634600873653382802e-01
9.628301267378691630e-01
9.622674920168220458e-01
9.617204358480501147e-01
9.612268652598049412e-01
9.605845046709664548e-01
9.600053301795827831e-01
9.593668978976503947e-01
9.586913798559861810e-01
9.584028520749432456e-01
9.577494657623881746e-01
9.572442604383915032e-01
9.565700624996629209e-01
9.559192306332124911e-01
9.553292042764283121e-01
9.546657079959439685e-01
9.539880885829357116e-01
9.533802418797915346e-01
9.527182053615093071e-01
9.520599532469500303e-01
9.513797219152051454e-01
9.507191075917347245e-01
9.500214471460902699e-01
9.493162868136926225e-01
9.486699245182630413e-01
9.481282931764052346e-01
9.473857599630900461e-01
9.467223435436656898e-01
9.459895850791405492e-01
9.452405043331779666e-01
9.444790692487872175e-01
9.437527449632079346e-01
9.429904524890049267e-01
9.422202445151621752e-01
9.414330124017049606e-01
9.406660104038098158e-01
9.398991062770695182e-01
9.391127339004361474e-01
9.383280518684387062e-01
9.376997430446087911e-01
9.369450175393447822e-01
9.361835257878976524e-01
9.354467458361847010e-01
9.346747355158387949e-01
9.339039925193846070e-01
9.332057558716363443e-01
9.324377842755247059e-01
9.316633357424874973e-01
9.309896007919218341e-01
9.302255055821407881e-01
9.295802236435707355e-01
9.288486136205660326e-01
9.280789809422312908e-01
9.273330705043953959e-01
9.266838117424418542e-01
9.259375672943073177e-01
9.251930763446273298e-01
9.244507193406485968e-01
9.236948287424588955e-01
9.229625399687686471e-01
9.223245509842774581e-01
9.216819048490365596e-01
9.209986954322139097e-01
9.203620267003373989e-01
9.196768169515477931e-01
9.190578725526288295e-01
9.183501364436734704e-01
9.177049041021237974e-01
9.170379903646423969e-01
9.163660806944289305e-01
9.156881845396431796e-01
9.150166057203338310e-01
9.143592073546762400e-01
9.136300069073759467e-01
9.129840404787981090e-01
9.123234995449386320e-01
9.116124574707297201e-01
9.109032082263435193e-01
9.101725402271376719e-01
9.095386093230665159e-01
9.088443008619323527e-01
9.080451394704958101e-01
9.073336366506484785e-01
9.066393430024247690e-01
9.059681129534823407e-01
9.053327552748876572e-01
9.047049007846396096e-01
9.040462877969841493e-01
9.033902610494732865e-01
9.028044166233304413e-01
9.021354722069878651e-01
9.014652808525338568e-01
9.007147690210706159e-01
9.001070769617218748e-01
8.994826339344879074e-01
8.988221168639025649e-01
8.981970219906136865e-01
8.974625191439747907e-01
8.967976163901885123e-01
8.961547185857809961e-01
8.954229895799192818e-01
8.946904886155100378e-01
8.939387086709149610e-01
8.932096147310850665e-01
8.924138916218409268e-01
8.917031416461351778e-01
8.910519781822113794e-01
8.904176147512460338e-01
8.897790569345083167e-01
8.891665405033470915e-01
8.885377834335398406e-01
8.879051670371808092e-01
8.872521771802421853e-01
8.866440778577142634e-01
8.860228411301594997e-01
8.853969071735660057e-01
8.847467729880827969e-01
8.840885395538541358e-01
8.834367959884290578e-01
8.827197045370857031e-01
8.820635852863256687e-01
8.815044201900757992e-01
8.808938232895315856e-01
8.802441501564644000e-01
8.796378764114087812e-01
8.789930626394284463e-01
8.783643256182147585e-01
8.777057549028430827e-01
8.770781326508489961e-01
8.764969161401696685e-01
8.758285616809164953e-01
8.752748430225449905e-01
8.746375926404594825e-01
8.740173174231159470e-01
8.733717866174968147e-01
8.729330248952711369e-01
8.724230735927600566e-01
8.718527690754855897e-01
8.713592125298936786e-01
8.707898095948802819e-01
8.702501147934480485e-01
8.696809033287482560e-01
8.691461995058613610e-01
8.686388574408749896e-01
8.681485278453839882e-01
8.676578997406986238e-01
8.671686410815343526e-01
8.665595363228817405e-01
8.659669398435465570e-01
8.654015150804523770e-01
8.648522237093370091e-01
8.643048661257619614e-01
8.637421660601599660e-01
8.631967141011591682e-01
8.626520295477233535e-01
8.621078670883068895e-01
8.615652320390697616e-01
8.609877526239937406e-01
8.604260947823030303e-01
8.598654785047674665e-01
8.592676368241385365e-01
8.587064883508215285e-01
8.581286288139575724e-01
8.575331195942883511e-01
8.569405844110942194e-01
8.563497064883022203e-01
8.557758106450239488e-01
8.551851469614391021e-01
8.545934169986759699e-01
8.540039059514787922e-01
8.534325288587314429e-01
8.528443761357176189e-01
8.522762302740770624e-01
8.516921562735857432e-01
8.511081206906201402e-01
8.505594274771446361e-01
8.499322064517744746e-01
8.493283693716133786e-01
8.486990809833130367e-01
8.480599618531416972e-01
8.474277186696541619e-01
8.467993922915044713e-01
8.461704972221042453e-01
8.455412819199299435e-01
8.449098283056252212e-01
8.442989713095735427e-01
8.436143843113297347e-01
8.429130651358756054e-01
8.421951328330541386e-01
8.415036956317891725e-01
8.407100385262773479e-01
8.399323128656677184e-01
8.393191026137574173e-01
8.386036479729902515e-01
8.378045460284866408e-01
8.371471513970247802e-01
8.364782952132853167e-01
8.357886596127619416e-01
8.351040421682205395e-01
8.344235541276032730e-01
8.336448505180480417e-01
8.329729899835642826e-01
8.323043237971162744e-01
8.316404204204100870e-01
8.308923627535333978e-01
8.301238602531371136e-01
8.293563029946582343e-01
8.285950849596938061e-01
8.278293609375303452e-01
8.270347228068142265e-01
8.262639957878639141e-01
8.254672491351453534e-01
8.246856443303678397e-01
8.238912649870768767e-01
8.230850252709392967e-01
8.222476863111696233e-01
8.214322016885922118e-01
8.205769003590025479e-01
8.197471629464156972e-01
8.188884342617073209e-01
8.179928975792917223e-01
8.171033188659886370e-01
8.162013464632932314e-01
8.153166044924904377e-01
8.144117490906530588e-01
8.135467122764984405e-01
8.126874074095971068e-01
8.118123721243006852e-01
8.109427030821374505e-01
8.100702829435852959e-01
8.092300190775401081e-01
8.083792499935407161e-01
8.076371971830202945e-01
8.067929854077364737e-01
8.059061438725950710e-01
8.050709824021455852e-01
8.042076228656904746e-01
8.033661890164365271e-01
8.025171475918077002e-01
8.016150639021890623e-01
8.007675013713596579e-01
7.999449355629292269e-01
7.990881038151420590e-01
