# game: leduc_poker 
# eval_every: 1 
# num_iterations: 1000 
# num_players: 2 
# bootstrap: False 
# truncate_negative: False 
# buffer_size: -1 
# num_hidden_layers: 2 
# num_hidden_units: 20 
# num_hidden_factors: 0 
# use_skip_connections: True 
# num_epochs: 200 
# batch_size: 5000 
# step_size: 0.01 
# 
2.547251661204628981e+00
2.463634103103821360e+00
2.237565493789278825e+00
1.932939156018172344e+00
1.724391219756325366e+00
1.501235448796998551e+00
1.356546717276508440e+00
1.262901452447886541e+00
1.173499856697451049e+00
1.081357156964547706e+00
1.012918550252716932e+00
9.530418064828847236e-01
9.038548947030859981e-01
8.638979037183804888e-01
8.276598792361343770e-01
7.979534310814091480e-01
7.695481290679960784e-01
7.392202368899073450e-01
7.200494483857201589e-01
7.193000858732514491e-01
7.274715209438696872e-01
7.359876188040628264e-01
7.478525468000785104e-01
7.565022315296254796e-01
7.660146392099489443e-01
7.824961120972528938e-01
7.933085986324933669e-01
8.051664912549992836e-01
8.132299358774746079e-01
8.133774298595282115e-01
8.162795731661141030e-01
8.133071652745937907e-01
8.078308249849663891e-01
8.022121212179205152e-01
8.004287333851138886e-01
7.953802913901839577e-01
7.899567723232403527e-01
7.857302486287512933e-01
7.807882040684768210e-01
7.768280336845604372e-01
7.707116547642056670e-01
7.646971604531414002e-01
7.540747472617963520e-01
7.452311583397910333e-01
7.366686859147628663e-01
7.289636344876718743e-01
7.207364375435338921e-01
7.138258435192235130e-01
7.064188884035644822e-01
6.982152775500108932e-01
6.909801812010726296e-01
6.848394988941517436e-01
6.781627276518362724e-01
6.727292769652416515e-01
6.677001203510020133e-01
6.642935899153186163e-01
6.589237605064857117e-01
6.563441386443660264e-01
6.535358084747195928e-01
6.508634627105147619e-01
6.476997528050678632e-01
6.446485715293446273e-01
6.394662099925847443e-01
6.342961650588991862e-01
6.292757765743319798e-01
6.241795771532370196e-01
6.202032737331559797e-01
6.159307990716149650e-01
6.120098453437681219e-01
6.084744009816523969e-01
6.051302664516845509e-01
6.013376475609841787e-01
5.972884008340668682e-01
5.936136933279481109e-01
5.897247591006371525e-01
5.856479575617152822e-01
5.824750747927142092e-01
5.803319261864703371e-01
5.781204401245148006e-01
5.758544755068002452e-01
5.744516662057488343e-01
5.733449983567323605e-01
5.737363792198575396e-01
5.748600014383908885e-01
5.756153389070932658e-01
5.769208710948097174e-01
5.783537469597377356e-01
5.801583524359020805e-01
5.815645319404906255e-01
5.826695398620949096e-01
5.845044241509202987e-01
5.866286067592736408e-01
5.899270418105685421e-01
5.930040516213272994e-01
5.955171691781887544e-01
5.979283649146756030e-01
6.007040704051945790e-01
6.027339856653461947e-01
6.049927622718789255e-01
6.072145489011891994e-01
6.097160024975487591e-01
6.120164902106428606e-01
6.134826505882390313e-01
6.154113118063975207e-01
6.174588127685948225e-01
6.185485915827388936e-01
6.195784835720647976e-01
6.218150903836593413e-01
6.237435888341031909e-01
6.265633970245890749e-01
6.291392384450917863e-01
6.308816858081167656e-01
6.314522711068062399e-01
6.317211689680397591e-01
6.324100354191913853e-01
6.331941908674519892e-01
6.330344567659114130e-01
6.333964337524154997e-01
6.325899119899835998e-01
6.317675621850238343e-01
6.304281546095271693e-01
6.289875412198794313e-01
6.276039440860115004e-01
6.270057840753950895e-01
6.259123376256117144e-01
6.249018841720996864e-01
6.242055252925563513e-01
6.232775163163838394e-01
6.228194723013138479e-01
6.221879396775590321e-01
6.215699633522928647e-01
6.209007910903439065e-01
6.204125935448254747e-01
6.211490676493089946e-01
6.207763468677669483e-01
6.210296069113613315e-01
6.207224468676260098e-01
6.207927670827367850e-01
6.208157969061456338e-01
6.205724069829816614e-01
6.206590715293891503e-01
6.212794249556650161e-01
6.217004970495519922e-01
6.216110719473134649e-01
6.213617720261663813e-01
6.210271857973280740e-01
6.210823523272369640e-01
6.207244648754306482e-01
6.196971171235934328e-01
6.190626743396390186e-01
6.183097410682028006e-01
6.179293072402659570e-01
6.180890462301813493e-01
6.171751973118091428e-01
6.168146371164887620e-01
6.164213619212433048e-01
6.162497279967604769e-01
6.160764139579668619e-01
6.152690558317840397e-01
6.142225521796772503e-01
6.137699192904851886e-01
6.137300253045915310e-01
6.133830119626455524e-01
6.133904459032453182e-01
6.134618065011016030e-01
6.128912188882582601e-01
6.129027529985278111e-01
6.129215524398268222e-01
6.132840092137232801e-01
6.137079258133939508e-01
6.139706155972175505e-01
6.146733071908885293e-01
6.144409738368329377e-01
6.144594324432566257e-01
6.148358632411893288e-01
6.145164006697449999e-01
6.139980729400601467e-01
6.136208778269333086e-01
6.130897736489716587e-01
6.122189928929662184e-01
6.115384176519083059e-01
6.110040690083271553e-01
6.102540698225229487e-01
6.096455074322759682e-01
6.091130550191498072e-01
6.086712936685977349e-01
6.085368143641194383e-01
6.087131899144289093e-01
6.090041668662926622e-01
6.090261685084368271e-01
6.094359461023470814e-01
6.098799783478994208e-01
6.100402355285711176e-01
6.102570805485448835e-01
6.105908467662055639e-01
6.111578247249984663e-01
6.115535085386094583e-01
6.120873252513621132e-01
6.126550991312922356e-01
6.129878471191415601e-01
6.134605911838384440e-01
6.139371643095816733e-01
6.141387227395611603e-01
6.142393239377050840e-01
6.143705969303903114e-01
6.140540012206723297e-01
6.139016084072268509e-01
6.136127718402346609e-01
6.133863725156036839e-01
6.128757356888701047e-01
6.123650190794718284e-01
6.115785462045476573e-01
6.106575614783140704e-01
6.096018359428405642e-01
6.083140809929300508e-01
6.072536589455710399e-01
6.061433527653853348e-01
6.051744322639220908e-01
6.041676862703235784e-01
6.033478753442576004e-01
6.024633574838015315e-01
6.016604399229525946e-01
6.009183012745423769e-01
6.003949912452646309e-01
5.999360474255719389e-01
5.990637901228081930e-01
5.981024878583983684e-01
5.973270258748120121e-01
5.962918595265876975e-01
5.953464080452706142e-01
5.945878894601974718e-01
5.938305101973415656e-01
5.930921484834659196e-01
5.923250338136465398e-01
5.915786564974243600e-01
5.905613163244171071e-01
5.898876756099042939e-01
5.894148158414203031e-01
5.885933135326543164e-01
5.880047678382712695e-01
5.872271692600226078e-01
5.863586115590098125e-01
5.854553410366564181e-01
5.846033774008972950e-01
5.840492403044782455e-01
5.834365933118310643e-01
5.827189249416498962e-01
5.820092386055087941e-01
5.815740078454559869e-01
5.810956469586284756e-01
5.804921762844104105e-01
5.796856380721358004e-01
5.790904704715689189e-01
5.782436253014922034e-01
5.773974856577017700e-01
5.766208126329016581e-01
5.759967885584589276e-01
5.752802793650308999e-01
5.745050744063169290e-01
5.739878385923791182e-01
5.734161503405048599e-01
5.727904381148198887e-01
5.722608039720952222e-01
5.717960355193841826e-01
5.712908416363842168e-01
5.708614203578662449e-01
5.704681843292315202e-01
5.701935506172940427e-01
5.699103753247293236e-01
5.696616545541444143e-01
5.691833842750373407e-01
5.689599849064170822e-01
5.689574471353069374e-01
5.691160543533262395e-01
5.691767334737183326e-01
5.688920494094151792e-01
5.688043096886901129e-01
5.688680277205420133e-01
5.684944443302480943e-01
5.681877708134317473e-01
5.678624052637502029e-01
5.677412291485082196e-01
5.673617315441077391e-01
5.670853396373756183e-01
5.668773092366288235e-01
5.664768234332393515e-01
5.659525867019125078e-01
5.657838689870380300e-01
5.657006967960662713e-01
5.652670386421854154e-01
5.648392334902319067e-01
5.646209721513595348e-01
5.643551622482432251e-01
5.641739289708762595e-01
5.638129147158699173e-01
5.636817406250629325e-01
5.634888716991494073e-01
5.632717928317327871e-01
5.630376115968515061e-01
5.628834470703298898e-01
5.625651278628582830e-01
5.621677075745898922e-01
5.617956396023409127e-01
5.612981749126246811e-01
5.606271977544545759e-01
5.601194250033324495e-01
5.596014148769092866e-01
5.591269147037820630e-01
5.586750064461512011e-01
5.582305493584140965e-01
5.578446407374519911e-01
5.574361386410341401e-01
5.569835482869640586e-01
5.564371505112951644e-01
5.558538132956384326e-01
5.553301391848648461e-01
5.547828367532965377e-01
5.542353467867802141e-01
5.536670188045067498e-01
5.531749329429952455e-01
5.525777180681737955e-01
5.518537315136926580e-01
5.510776190509454331e-01
5.504222244907406303e-01
5.498050569401091714e-01
5.490382287790132043e-01
5.482162253607993918e-01
5.475058981178149153e-01
5.468290985875388088e-01
5.461303811920359408e-01
5.453608742912267049e-01
5.448527417048656396e-01
5.441900936015702239e-01
5.435156929664528569e-01
5.431634983132875849e-01
5.426583541360300300e-01
5.419206299414941475e-01
5.413198817648314787e-01
5.406321961327689163e-01
5.400692700414387870e-01
5.393513530834380676e-01
5.386478719928635694e-01
5.380422637979654921e-01
5.374218096803730083e-01
5.367537797911815511e-01
5.360415103903386491e-01
5.354177613532080660e-01
5.346749953787497400e-01
5.340729043073003668e-01
5.334015411630337322e-01
5.326421094372255638e-01
5.318690579117917316e-01
5.311371950931536023e-01
5.304105160912963024e-01
5.297165587804776310e-01
5.290258888927525938e-01
5.283587369611948414e-01
5.277366874261062435e-01
5.272157600866438365e-01
5.266442438433405204e-01
5.262302001718766054e-01
5.259027995406091449e-01
5.255613593510880532e-01
5.252087113506879179e-01
5.248808005105879415e-01
5.246366589658619795e-01
5.243114245994069389e-01
5.236805352843045824e-01
5.232738714066993424e-01
5.230099821120630654e-01
5.226836297252341890e-01
5.221971233112983057e-01
5.218621441215776091e-01
5.215599693398726977e-01
5.211718480786287078e-01
5.206842040931050075e-01
5.203384486074607018e-01
5.200569502906381425e-01
5.200552832509625079e-01
5.200046421543511599e-01
5.200247559220505522e-01
5.200024551537485440e-01
5.199640390216416774e-01
5.200431080198992806e-01
5.199167330867524583e-01
5.199292201182418305e-01
5.199089909407470511e-01
5.201162117390125683e-01
5.200815296453420444e-01
5.201511644997769412e-01
5.199319294675364134e-01
5.198445347105210557e-01
5.198559962419841973e-01
5.199867407714542367e-01
5.200493930519284325e-01
5.200265154376446652e-01
5.199690725100399868e-01
5.200604368983964276e-01
5.200328711314788910e-01
5.200489824660741167e-01
5.201308275064702169e-01
5.203777282468829979e-01
5.204620551479248736e-01
5.205078635186577429e-01
5.208693356897750038e-01
5.211166686711667939e-01
5.214229972146826597e-01
5.216647516659903561e-01
5.219986806747960451e-01
5.222464421882696550e-01
5.226158466951829062e-01
5.230282525328753263e-01
5.235428522051107647e-01
5.241357603991938507e-01
5.245898274287966734e-01
5.250743987344366204e-01
5.256284518943887818e-01
5.260449607553919771e-01
5.263882163074566911e-01
5.269397438375158504e-01
5.273994541218574028e-01
5.279627593771973881e-01
5.285258751957394585e-01
5.290057986945391200e-01
5.296455453776546252e-01
5.305054847286271302e-01
5.311181359431244031e-01
5.318442828025209401e-01
5.325365844810685534e-01
5.331786430921063857e-01
5.337227084320361747e-01
5.343441951450128569e-01
5.352000304679002118e-01
5.359123751294347926e-01
5.366147151081390732e-01
5.373070761833821374e-01
5.383286460693850195e-01
5.391618791584310566e-01
5.399299566079400758e-01
5.404940593440675789e-01
5.412908988950941858e-01
5.421189121356023710e-01
5.427989620447108976e-01
5.435716065150444365e-01
5.440601395643974714e-01
5.447539559595945269e-01
5.453120057509595053e-01
5.457941158656254288e-01
5.462574668497623964e-01
5.465047015393957874e-01
5.469293943693892546e-01
5.473645677486458361e-01
5.477197250719084698e-01
5.478128050665326265e-01
5.479520593750397683e-01
5.482568991724587892e-01
5.485972296669419102e-01
5.489874502898550723e-01
5.494475544109271858e-01
5.500513579015795518e-01
5.503732171518929128e-01
5.509005135915541196e-01
5.511179401388002219e-01
5.515978411482465038e-01
5.519349663785588778e-01
5.522397876413872586e-01
5.525938622202513084e-01
5.531845694880220821e-01
5.538248971572150570e-01
5.539503084769421548e-01
5.540039269880034922e-01
5.541479709434756762e-01
5.545738196802082465e-01
5.550880395862387573e-01
5.555919771475448243e-01
5.561781566937223920e-01
5.566499084676229669e-01
5.570224202863602869e-01
5.574344354036983029e-01
5.579958181935308348e-01
5.584396620607765538e-01
5.588821566800673546e-01
5.592362657770790779e-01
5.597382092669911380e-01
5.601788363723981812e-01
5.605646718649135440e-01
5.609983845324313378e-01
5.614834274409051806e-01
5.618044267946000758e-01
5.620947383928631691e-01
5.624935272147598697e-01
5.624332214995233503e-01
5.624058202761790248e-01
5.625313179484145998e-01
5.624539310113191304e-01
5.624113202975919990e-01
5.621997904493902798e-01
5.621302272152796098e-01
5.620249827346720517e-01
5.620240738427535465e-01
5.618501016777501800e-01
5.617733987666075901e-01
5.616167895245702812e-01
5.612224841382673635e-01
5.608098440040290011e-01
5.606054352960672116e-01
5.603709291623970579e-01
5.602611887226081056e-01
5.599878007739105268e-01
5.597172291132057609e-01
5.592418411262753963e-01
5.589847712330426877e-01
5.588285103181673819e-01
5.586067085108433750e-01
5.582457667803562007e-01
5.577013792425873362e-01
5.569909601061033833e-01
5.563968340377865029e-01
5.558771141227613066e-01
5.552056731844297044e-01
5.543298629178223802e-01
5.534388553542717304e-01
5.527742922810713333e-01
5.517964017823959733e-01
5.508267889818989627e-01
5.496594543004327260e-01
5.488603185303650989e-01
5.478439593764086180e-01
5.468212681526434249e-01
5.458469111894039827e-01
5.448828183461198460e-01
5.439582615330691429e-01
5.429700619585366983e-01
5.419097833821566734e-01
5.409059390473722750e-01
5.399038407695496700e-01
5.389570935539752528e-01
5.380713571885376023e-01
5.371571068618290479e-01
5.362198111197967743e-01
5.353175967671623958e-01
5.343929975167335256e-01
5.336167394437538736e-01
5.327803084160425140e-01
5.318106319688731265e-01
5.309549495645251582e-01
5.300895796056068754e-01
5.293099890886414638e-01
5.285507803523461501e-01
5.278559203155874791e-01
5.270792184970467531e-01
5.262845761743828454e-01
5.255085017615597209e-01
5.247577847844846488e-01
5.239719705878740363e-01
5.231878745785726315e-01
5.223321759312413715e-01
5.215020786336932446e-01
5.207511846059842409e-01
5.199561453845628067e-01
5.191704063106525879e-01
5.182431830999716382e-01
5.174431694334247211e-01
5.165014010249494580e-01
5.157644154270699666e-01
5.147822174434185660e-01
5.138159741932817326e-01
5.128394710582613314e-01
5.118697911467698924e-01
5.109362322255757149e-01
5.099687212841815809e-01
5.090158371520461245e-01
5.079933334371041775e-01
5.069746475831924393e-01
5.059473999178746295e-01
5.049765637878294022e-01
5.039518977974283276e-01
5.029764667945971768e-01
5.019876138607843874e-01
5.010862748257386423e-01
5.002354692019209681e-01
4.994679207675493671e-01
4.986737746419288020e-01
4.978715361972295694e-01
4.971199706810309205e-01
4.963752221830025624e-01
4.956070178723334108e-01
4.948704234863250395e-01
4.941408869886105837e-01
4.933672495873806518e-01
4.926040136851398410e-01
4.918751734345512272e-01
4.911268244297170016e-01
4.904262266101740986e-01
4.896593472635815680e-01
4.889061218986462398e-01
4.881179875966725756e-01
4.872898537548624454e-01
4.864866200613827685e-01
4.857177733250296336e-01
4.850119188510813029e-01
4.842339657965685218e-01
4.834692263617639263e-01
4.827412106919281021e-01
4.820225791940319082e-01
4.812754464222718243e-01
4.805685941296207186e-01
4.798703135845061030e-01
4.791342816286231487e-01
4.784225783377512031e-01
4.777909026611497634e-01
4.772058995509230739e-01
4.766055590742437897e-01
4.759985786452110013e-01
4.754368034846873647e-01
4.748421495382101898e-01
4.742756439727162099e-01
4.737233801674485267e-01
4.732060325464441108e-01
4.726844806218342687e-01
4.721270959771813880e-01
4.716350398734672211e-01
4.711390760099299357e-01
4.705797752427149372e-01
4.700824940574728217e-01
4.695261895564031285e-01
4.690438464807571428e-01
4.686603346249460511e-01
4.681979992416464564e-01
4.677071177613076891e-01
4.672345426537234392e-01
4.667180781179450788e-01
4.662751536494765259e-01
4.658005777222296029e-01
4.652725577795384648e-01
4.648167974372821587e-01
4.643441904176692225e-01
4.639901548244110829e-01
4.636195589174595399e-01
4.632647727817489347e-01
4.629614521802424276e-01
4.625995201331198348e-01
4.622631966192072839e-01
4.618801477274290246e-01
4.615614401007618328e-01
4.611955561937684522e-01
4.609083018879850391e-01
4.605609543552061647e-01
4.602483004421321633e-01
4.599141028842479439e-01
4.595795449010799949e-01
4.592737382125049450e-01
4.588918771341552461e-01
4.585480108712219338e-01
4.583139231929583834e-01
4.580456982649368514e-01
4.578492053229084036e-01
4.575546052515556683e-01
4.572829381232261792e-01
4.570314309166829125e-01
4.567521549548846371e-01
4.564423786998879629e-01
4.561372945437160986e-01
4.557897874159503870e-01
4.555420295513861184e-01
4.553304141541535399e-01
4.550626867971685474e-01
4.548425401161799164e-01
4.546322372205244822e-01
4.544658664200669773e-01
4.542748749252892848e-01
4.540708833774225184e-01
4.537879584814948353e-01
4.535719356562101234e-01
4.533826777974161448e-01
4.531140005450758901e-01
4.528464158056531019e-01
4.526533626114113695e-01
4.523780641205487063e-01
4.522315666677828583e-01
4.520446885367193079e-01
4.519092068759084091e-01
4.517084204872738318e-01
4.513446977009861749e-01
4.510764538135446644e-01
4.508668989719195608e-01
4.505264288465731792e-01
4.502885527266932142e-01
4.500739960806684481e-01
4.498695156545687857e-01
4.497254978522987612e-01
4.495538968707111227e-01
4.494003936222106810e-01
4.492144351614651976e-01
4.490016809542866638e-01
4.487805479949429910e-01
4.485554930988548961e-01
4.484169046513144519e-01
4.483388694898849391e-01
4.481290477654968352e-01
4.479401694725628769e-01
4.477549879945114109e-01
4.475600733978288837e-01
4.473512506326807747e-01
4.472338256861297379e-01
4.470808773831149718e-01
4.469255944341077313e-01
4.467728520691121030e-01
4.466194122075957673e-01
4.464362265247943107e-01
4.463184589796397872e-01
4.461053328815118846e-01
4.459581007371044015e-01
4.458240516881809001e-01
4.456526010100037016e-01
4.455796836128997906e-01
4.454445784820328935e-01
4.452897006527831159e-01
4.451783295414737940e-01
4.451198851632033326e-01
4.451050459901433887e-01
4.450545272292036891e-01
4.450421201946530014e-01
4.450343958476796757e-01
4.450473976338867876e-01
4.451656912582669934e-01
4.452094566731689684e-01
4.452430689322651181e-01
4.453271809194114805e-01
4.454431892958340966e-01
4.455502010988078299e-01
4.455610058685574026e-01
4.456870288969010385e-01
4.457584090722019887e-01
4.457769869161332665e-01
4.459724873911237175e-01
4.460869578294173188e-01
4.461171634832057920e-01
4.461457227620196364e-01
4.461457734490327787e-01
4.461965666543376563e-01
4.460949053219072091e-01
4.461238822977873775e-01
4.461073425229782341e-01
4.461194404324654861e-01
4.460815128557758524e-01
4.460912008212973845e-01
4.462162195814061150e-01
4.463162310714580139e-01
4.465030679817543757e-01
4.465524683615096357e-01
4.464838195671276266e-01
4.464533933906871255e-01
4.464327809035072980e-01
4.464515236690809741e-01
4.464549626739739430e-01
4.465193832630068860e-01
4.465545357265920945e-01
4.467096725122131629e-01
4.467384784184461610e-01
4.468563171596089401e-01
4.468306176270945285e-01
4.469568012342399199e-01
4.470118876576550937e-01
4.470639274265136853e-01
4.471032234865377486e-01
4.471044416161176205e-01
4.471340074230477080e-01
4.471744700211791601e-01
4.472365247207635286e-01
4.472594238574294501e-01
4.472630575642506656e-01
4.472675219827453308e-01
4.472138748111406659e-01
4.471660318711801474e-01
4.471198451487577441e-01
4.470777101831653333e-01
4.471253997796518220e-01
4.470210420049113287e-01
4.469699494125221051e-01
4.468904266410555493e-01
4.468615695807824917e-01
4.467884231302600151e-01
4.467495304594831795e-01
4.467399394384712896e-01
4.468259968878308119e-01
4.468998501642414412e-01
4.470265864991420091e-01
4.470708118046996526e-01
4.471535446905585687e-01
4.472928757161201418e-01
4.474044121304025512e-01
4.475006594937261939e-01
4.476072404153009776e-01
4.476912210406049919e-01
4.477180530296310246e-01
4.478404802620486458e-01
4.479134910172710149e-01
4.479539173323658363e-01
4.479857749343187923e-01
4.480849313750892571e-01
4.480393174787523081e-01
4.480543801187090169e-01
4.481084543661206787e-01
4.481462157369255350e-01
4.482281954556794901e-01
4.482320853745509481e-01
4.481982617387789136e-01
4.481867482213521825e-01
4.482158916660079484e-01
4.482286502691518182e-01
4.481159734567564112e-01
4.479871704289853929e-01
4.479060039091217749e-01
4.479502528312685472e-01
4.479715694717650853e-01
4.478724722190580154e-01
4.477574746781173287e-01
4.477137174062024161e-01
4.476274514372698410e-01
4.474808432677672143e-01
4.474033554172850979e-01
4.474236241436654882e-01
4.473957957419354425e-01
4.473122410358018608e-01
4.473004585836345415e-01
4.472489432388274677e-01
4.472420141982620390e-01
4.471981692029707300e-01
4.470566074036455007e-01
4.470636285977128144e-01
4.470711883697564559e-01
4.470919867243588475e-01
4.471223141396418188e-01
4.471231072991748157e-01
4.470957413344557319e-01
4.471504922583913744e-01
4.472902575124799718e-01
4.474008825974802872e-01
4.474281813285913012e-01
4.475139329578636249e-01
4.476024709587969053e-01
4.476782072673701762e-01
4.476619180362229056e-01
4.476215971249756231e-01
4.477394739621826658e-01
4.478069789393717137e-01
4.478696269990403156e-01
4.480104294284580901e-01
4.481677127634645652e-01
4.482625583843565797e-01
4.483725025371830264e-01
4.484604544572126095e-01
4.484912080444367621e-01
4.485176408516685087e-01
4.485523412180313363e-01
4.485375384097096685e-01
4.485309850418896516e-01
4.485625288795380694e-01
4.484924486057034199e-01
4.485171626980806181e-01
4.484056612341427162e-01
4.482791979670507909e-01
4.481483474186897520e-01
4.480345270411780212e-01
4.479325519241712517e-01
4.478662635141633652e-01
4.477417911204030210e-01
4.475651204573937725e-01
4.474277854503136975e-01
4.473985061242848893e-01
4.472770138847523835e-01
4.471118499072798680e-01
4.469257473185719309e-01
4.468140155828843607e-01
4.467121086802763874e-01
4.465576356019048676e-01
4.464257305024634803e-01
4.463858903998323968e-01
4.463662047243122100e-01
4.461982680255949241e-01
4.460162452538926070e-01
4.459773293862006049e-01
4.459069511449526568e-01
4.457943621773682308e-01
4.456237937211273703e-01
4.455327620024037705e-01
4.453918093132540612e-01
4.453740202688739602e-01
4.452936482327050638e-01
4.451575196235322274e-01
4.449817677823715290e-01
4.448102033628291152e-01
4.446519595201526287e-01
4.444720372389086571e-01
4.442705988482884005e-01
4.441074053345509531e-01
4.439347986295996140e-01
4.438534094505143246e-01
4.436776168420877298e-01
4.435269331575184548e-01
4.433682558724464373e-01
4.432945197967899098e-01
4.431406136051732059e-01
4.429942659753807188e-01
4.428371358503513378e-01
4.428286265820239320e-01
4.427426976208024834e-01
4.427007952913546429e-01
4.426268070386228382e-01
4.425459870734940182e-01
4.425539807889573019e-01
4.425241300344632256e-01
4.424944215602251707e-01
4.425364017331577804e-01
4.425692455806378156e-01
4.426025688139391123e-01
4.426515066903529139e-01
4.426654308898505530e-01
4.427018292666876076e-01
4.427061546966124528e-01
4.427803476163224006e-01
4.428134052300569112e-01
4.428824351905378265e-01
4.429045822566586299e-01
4.429100161397538926e-01
4.429528014702645011e-01
4.429817350588023950e-01
4.429925404788902510e-01
4.429897255546553225e-01
4.429746764219592015e-01
4.429007543777718214e-01
4.428887438492824513e-01
4.428592753690862582e-01
4.428317860577862808e-01
4.428296016758093145e-01
4.428258109460978531e-01
4.427559309201663518e-01
4.427589702062555976e-01
4.426853231562734026e-01
4.426617531509778880e-01
4.426279518529619983e-01
4.426175166921670900e-01
4.426584607052291287e-01
4.426630988973824232e-01
4.427110188839623595e-01
4.427373246064080226e-01
4.426929977945137651e-01
4.427065149329600935e-01
4.427370539778970882e-01
4.427494763261794475e-01
4.427574829505857013e-01
4.427273517836634031e-01
4.426857652113558306e-01
4.426973782975068827e-01
4.427182375474998377e-01
4.427586166349991026e-01
4.428160436458089544e-01
4.428574987789621331e-01
4.428487533561291101e-01
4.429331991989925998e-01
4.429310567810616495e-01
4.429891617741396059e-01
4.430637667711025962e-01
4.430664620869318449e-01
4.431248425353455089e-01
4.431988488787800828e-01
4.432710467768732343e-01
4.432342006708963056e-01
4.432984033298821291e-01
4.433594187547774679e-01
4.433767615122550798e-01
4.434062080467608968e-01
4.434167532219870922e-01
4.434817338850988722e-01
4.434708533371317651e-01
4.435379595842803280e-01
4.435716782821848003e-01
4.436205349421309396e-01
4.436724046698973800e-01
4.436344339563413341e-01
4.436847380599542312e-01
4.437430274165747868e-01
4.437720279941906876e-01
4.438122580254560967e-01
4.437945983985435161e-01
4.438109748698693680e-01
4.437952062778917073e-01
4.437773219151671666e-01
4.437557763923433707e-01
4.437241753016587520e-01
4.437124538389249362e-01
4.437019448866300619e-01
4.437397831815171889e-01
4.437192929985006584e-01
4.437438051634277070e-01
4.437640047712770874e-01
4.438155814341776528e-01
4.438621565679221059e-01
4.438719575611179691e-01
