# game: leduc_poker 
# eval_every: 1 
# num_iterations: 1000 
# num_players: 2 
# bootstrap: False 
# truncate_negative: False 
# buffer_size: -1 
# num_hidden_layers: 2 
# num_hidden_units: 20 
# num_hidden_factors: 0 
# use_skip_connections: True 
# num_epochs: 200 
# batch_size: 100 
# step_size: 0.01 
# 
2.530318597924466673e+00
2.119547158391959840e+00
1.827538279374461672e+00
1.651754731098724394e+00
1.398976646990711448e+00
1.222707097464525994e+00
1.119512852484932042e+00
9.960560930318220763e-01
9.261183512187743938e-01
8.601218908212110437e-01
7.944227603806984783e-01
7.548492973420697361e-01
7.172750455334372388e-01
6.846122464106759731e-01
6.667327512279869195e-01
6.610518497226135493e-01
6.531299386555564634e-01
6.468124035435942609e-01
6.363540869526564947e-01
6.258807591975337203e-01
6.113863210421580652e-01
5.936409324077618344e-01
5.865521872873562526e-01
5.785852431701838938e-01
5.725049669699822097e-01
5.692808197213324872e-01
5.682867826658655197e-01
5.618747593469206603e-01
5.598761820351738638e-01
5.596096212961836347e-01
5.559143080460451358e-01
5.419374713998542648e-01
5.360983517662638587e-01
5.238178487951623552e-01
5.146536515026394198e-01
5.019999144316353856e-01
4.896680392992449615e-01
4.802438491250611285e-01
4.728115083970183541e-01
4.676316319615250183e-01
4.616401487449760532e-01
4.591108933438347584e-01
4.521160227051336244e-01
4.468859263972742579e-01
4.420267402812508295e-01
4.348396743689370014e-01
4.272338299900687586e-01
4.203118737410571071e-01
4.153389467033706262e-01
4.104234656336206433e-01
4.077011989411219450e-01
4.041036502721407908e-01
4.017525015654709319e-01
3.997251098096687993e-01
3.974856568834241877e-01
3.961405042633080464e-01
3.942475762860337962e-01
3.928839877108912804e-01
3.887270365536823480e-01
3.856758111499354880e-01
3.814896268401742341e-01
3.789634993133034757e-01
3.766041724665636914e-01
3.738913625588067280e-01
3.741091962227777179e-01
3.720256059047812869e-01
3.702161271217069283e-01
3.687948698113883150e-01
3.679910439900559993e-01
3.666916461928541038e-01
3.656480621535674880e-01
3.646682867562421881e-01
3.657432441682078039e-01
3.670174168034556206e-01
3.685941173650726377e-01
3.679806851156001146e-01
3.707241745426700374e-01
3.726584418257155029e-01
3.739681395275223363e-01
3.743204989309621422e-01
3.771076897047694887e-01
3.809708749284160256e-01
3.829541765561927935e-01
3.835534768008220241e-01
3.850609087728354418e-01
3.839183186662666891e-01
3.820107804396676299e-01
3.796679396304506460e-01
3.770561563011781692e-01
3.732141456846150840e-01
3.704056285971133455e-01
3.687173920892506396e-01
3.660244672749367600e-01
3.633960101700354217e-01
3.611483833598728155e-01
3.599688747955928636e-01
3.577810505372588934e-01
3.553030384466550617e-01
3.529710791828717387e-01
3.520789408858062686e-01
3.498557665161150521e-01
3.477772206295969837e-01
3.472019207310262368e-01
3.478752889904157541e-01
3.487892649044838644e-01
3.486287853186869623e-01
3.492199251989732689e-01
3.487569675003732161e-01
3.493025322805993760e-01
3.500037171681418258e-01
3.500958730060489965e-01
3.510599913934051020e-01
3.525013824603163148e-01
3.523119113897583699e-01
3.519460060867794504e-01
3.532507828115366011e-01
3.537278567571280341e-01
3.541906227855652900e-01
3.546756498721601036e-01
3.535800867262926528e-01
3.532734413901671422e-01
3.542709307625722115e-01
3.541101816171650096e-01
3.534070231805924722e-01
3.534585795281059983e-01
3.526096322642300329e-01
3.506289774104295320e-01
3.488451192626154662e-01
3.474663047558577689e-01
3.464715024103353080e-01
3.442004038120424769e-01
3.422352594683934490e-01
3.410323170702986850e-01
3.399884286223233687e-01
3.387382685162887430e-01
3.374634047792086089e-01
3.366735462707289850e-01
3.361325760417265274e-01
3.353652678232611484e-01
3.344084027946215287e-01
3.341349144111824265e-01
3.339940871957375323e-01
3.334342221586473198e-01
3.325369957591303161e-01
3.312813355617936217e-01
3.311464989523618119e-01
3.295413987986715032e-01
3.286502426063014903e-01
3.274828110758060129e-01
3.271208672487735947e-01
3.255840213448478737e-01
3.247390981336914506e-01
3.241631962644504483e-01
3.241374811990103688e-01
3.244600988146121856e-01
3.235342272690584497e-01
3.231811063029140230e-01
3.228217664070419657e-01
3.223278273807077543e-01
3.220248505049211341e-01
3.222020735598580821e-01
3.232221797533745278e-01
3.244291690681969653e-01
3.252445000829551347e-01
3.263566043732563093e-01
3.268810444444301133e-01
3.275605108577567814e-01
3.285045564621631442e-01
3.294412166531991981e-01
3.295342514167385883e-01
3.304960912081763014e-01
3.315571304032658428e-01
3.327903898053117260e-01
3.333783641503230699e-01
3.346205440172381196e-01
3.356972320256835229e-01
3.366568754921717144e-01
3.376226914437225335e-01
3.388347532678953056e-01
3.400514687123714630e-01
3.416096282801547868e-01
3.430476975080790636e-01
3.441249724680178756e-01
3.451153857253114743e-01
3.460305259103675368e-01
3.466769355300757804e-01
3.472845071739225631e-01
3.481379044713927007e-01
3.490376252668815904e-01
3.499818713534059711e-01
3.504227728432686706e-01
3.511452204189395854e-01
3.520229369191321678e-01
3.527278468686160240e-01
3.524410469521502276e-01
3.522066057926491744e-01
3.521231917760813679e-01
3.517525443502396154e-01
3.518523503526549967e-01
3.521531111187510832e-01
3.520312101365951074e-01
3.526560806394321013e-01
3.524699595572461930e-01
3.525489154823942539e-01
3.531015045472737368e-01
3.519328395006844912e-01
3.522117793601985403e-01
3.520263847732785223e-01
3.520216744966394584e-01
3.522281144131574893e-01
3.522875097918645171e-01
3.530998285839856976e-01
3.547588155835312285e-01
3.572770725932598035e-01
3.587308907953796200e-01
3.592980892889861000e-01
3.603931835482493407e-01
3.616251523105007415e-01
3.625687199926032611e-01
3.635272755227311192e-01
3.646488956570244078e-01
3.659847730401319943e-01
3.677227940689182795e-01
3.689990614670251023e-01
3.704088947383915031e-01
3.714561714351037325e-01
3.722707292082955144e-01
3.740393730628224223e-01
3.755066145207655026e-01
3.768639250532559437e-01
3.783087807274011505e-01
3.793410502474293677e-01
3.798329134812197805e-01
3.808114182552969629e-01
3.814906808258400894e-01
3.820325700191916640e-01
3.825628055365848379e-01
3.825599308388137332e-01
3.826576446833427347e-01
3.824943126833087459e-01
3.824270484849030538e-01
3.824412178566085618e-01
3.823411775086931197e-01
3.818846242858104922e-01
3.815228497221297976e-01
3.810167198009720702e-01
3.805051018132642460e-01
3.800225175257737620e-01
3.792111681955763203e-01
3.787840460584643854e-01
3.783623797633689501e-01
3.777817672174732522e-01
3.769215125486879980e-01
3.762880796329634570e-01
3.755022769301167851e-01
3.748341891007914706e-01
3.739616066268718342e-01
3.732175972825785282e-01
3.727398750182061016e-01
3.725258331283826108e-01
3.716937036937411065e-01
3.714079964452811078e-01
3.705502782298314979e-01
3.704382216348147683e-01
3.702563008845822234e-01
3.699903529915289369e-01
3.696827390428127913e-01
3.698665675401310304e-01
3.697972237156340602e-01
3.701152548720981761e-01
3.700206558409211421e-01
3.701312108478476137e-01
3.699129104322879669e-01
3.700426231429309598e-01
3.703711084740552995e-01
3.705883990553641150e-01
3.705885844517439187e-01
3.709559240366754329e-01
3.708874605535209534e-01
3.710482447058627842e-01
3.712227717348791645e-01
3.713410966324650619e-01
3.715964347415970370e-01
3.716932303642023205e-01
3.715239685752673715e-01
3.720732311705581274e-01
3.720869995928892671e-01
3.720582242736267808e-01
3.720482532135314102e-01
3.724531749766477051e-01
3.726028795104895375e-01
3.731212036886396022e-01
3.732834890566083530e-01
3.733466551249792764e-01
3.737962939133819829e-01
3.739474358775053964e-01
3.741752582308973119e-01
3.743864462486176103e-01
3.746439566997140647e-01
3.744214804208396141e-01
3.746620054590411586e-01
3.748880105992488665e-01
3.750148911194282064e-01
3.750710014857854269e-01
3.751858767034279563e-01
3.757317058216769201e-01
3.761014022269077994e-01
3.764151376148751060e-01
3.764749494929700013e-01
3.765432957844781492e-01
3.772811891894803371e-01
3.774200720517377761e-01
3.771610475502552573e-01
3.773702901689138800e-01
3.772705162816037405e-01
3.775878399256434870e-01
3.776939931971280973e-01
3.778343574882677691e-01
3.778526157080025483e-01
3.777771851241656931e-01
3.777520897582822834e-01
3.781273581275694795e-01
3.789548612426774099e-01
3.794273073794562912e-01
3.802243929456921023e-01
3.807304872895607151e-01
3.811341569236597060e-01
3.813291488705286558e-01
3.817563457878108135e-01
3.824682728928818776e-01
3.827730165159919373e-01
3.833635895814296313e-01
3.839568429784440129e-01
3.840391695820634665e-01
3.850841813241302480e-01
3.856830853165725825e-01
3.860227848467927547e-01
3.863988140315075537e-01
3.870004878095525958e-01
3.874480628636749469e-01
3.877510515759074461e-01
3.880398140268419560e-01
3.884978304202978405e-01
3.885303908632180558e-01
3.887451532444806124e-01
3.892789516855271192e-01
3.896520943341780230e-01
3.900281198809790184e-01
3.902562149837122130e-01
3.905090775514921675e-01
3.907770586325749473e-01
3.912397629763831874e-01
3.915986905912890448e-01
3.918380479853612042e-01
3.922512263587807357e-01
3.925406474775787746e-01
3.928925913044323259e-01
3.933215172398196180e-01
3.937324734035234086e-01
3.940879986710137950e-01
3.941669657412056882e-01
3.947078101791170468e-01
3.951003195338372298e-01
3.953896064948614342e-01
3.958265356054912476e-01
3.960810295782473123e-01
3.964091582780990275e-01
3.966326366810327131e-01
3.970198437213644516e-01
3.974445843764660147e-01
3.977273516771616668e-01
3.981038475374703012e-01
3.983298790587184168e-01
3.986280222937016449e-01
3.993255669033046740e-01
3.996825249012587733e-01
3.998939997681555392e-01
4.002337757570761934e-01
4.001361227472972071e-01
4.002641411295500551e-01
4.003605155236613644e-01
4.005874146321188323e-01
4.007558597047852778e-01
4.011277293727814608e-01
4.016650974287513387e-01
4.018953540882321818e-01
4.019002084914983230e-01
4.019560455463942472e-01
4.020769351823326732e-01
4.018704010493954204e-01
4.016685667745422683e-01
4.015546856827455491e-01
4.013041162837298059e-01
4.012417095567473724e-01
4.011395330322831687e-01
4.009472683398433990e-01
4.006819439794836457e-01
4.002693115737127050e-01
4.002130176146667662e-01
3.997086202706444658e-01
3.991756266143541287e-01
3.985434897610524718e-01
3.978631684841631988e-01
3.972021914102877860e-01
3.964248866484415545e-01
3.962453090581001813e-01
3.958983400422586008e-01
3.952179718822760313e-01
3.945114202414277682e-01
3.938572232237492199e-01
3.934296887813929500e-01
3.928142178488566172e-01
3.922510260803110382e-01
3.916968493146314456e-01
3.911126885277824705e-01
3.906008700299654635e-01
3.901720785174754846e-01
3.896502421723757603e-01
3.890660489780359277e-01
3.885170854556599940e-01
3.881134629652475687e-01
3.876849590075848173e-01
3.871353262559003583e-01
3.868553488520607431e-01
3.864909418113319783e-01
3.860091730005797972e-01
3.855815073006287896e-01
3.852126058615403248e-01
3.849811509213478256e-01
3.844838581388774212e-01
3.840972244198965768e-01
3.837524545888931771e-01
3.834007350526043578e-01
3.829240447097981281e-01
3.825744937223087283e-01
3.821509627749223315e-01
3.816992627417548078e-01
3.815185267200916774e-01
3.812134916298591247e-01
3.808884258534127043e-01
3.807887818170359040e-01
3.805301078794552927e-01
3.803163824733217235e-01
3.803562400772380059e-01
3.801292247432546123e-01
3.799471260187984867e-01
3.797829017472947877e-01
3.796206293984990543e-01
3.795371834110224940e-01
3.793746387616367954e-01
3.791719291105557499e-01
3.789054962476762767e-01
3.787592929533946107e-01
3.785839863103128700e-01
3.785590693538478657e-01
3.787922631425502118e-01
3.785515733139994676e-01
3.784835427769421834e-01
3.784681668932623477e-01
3.783334656225714743e-01
3.780952962498315140e-01
3.779753103295518946e-01
3.782821068514367058e-01
3.781948584704821203e-01
3.781089462457049022e-01
3.778819750810783473e-01
3.778113530509747409e-01
3.778443250603625292e-01
3.776622021642553895e-01
3.775132850899876047e-01
3.774355738364103541e-01
3.773566671595714461e-01
3.771453118301113516e-01
3.771502902407668500e-01
3.770715385557078525e-01
3.768996870387846254e-01
3.769565667986877200e-01
3.767440331282858601e-01
3.767074527373672765e-01
3.767507038600210745e-01
3.767036103298896377e-01
3.765988550797657597e-01
3.763738837084402711e-01
3.763437009917756093e-01
3.760903227997305365e-01
3.760329268800550184e-01
3.759111256262417933e-01
3.757898921065910836e-01
3.758458889145476212e-01
3.756989277782429859e-01
3.755838109133110558e-01
3.754930611121516937e-01
3.754398413792834344e-01
3.753562460800771716e-01
3.754524085427297653e-01
3.754350802494322847e-01
3.752468567725832371e-01
3.753018265826720268e-01
3.754098265578794114e-01
3.752054775100727713e-01
3.750160784586917262e-01
3.749692723207990186e-01
3.749656357642664473e-01
3.748364352750693795e-01
3.747868924829220738e-01
3.748987165413667499e-01
3.747252010557768909e-01
3.745713971466357872e-01
3.745426947307287646e-01
3.744615797943607327e-01
3.745708537962544327e-01
3.745492675385412307e-01
3.743821137816984446e-01
3.742357446629050455e-01
3.739786665888673589e-01
3.739302787872466616e-01
3.737471442360394414e-01
3.736564997189889548e-01
3.733736776107127175e-01
3.733967138670891694e-01
3.733341911920224909e-01
3.733992970902474950e-01
3.733024447177373251e-01
3.732999809434392469e-01
3.733970532194518244e-01
3.735360972263945811e-01
3.734335528931975734e-01
3.733958390596304744e-01
3.733630589562118574e-01
3.733335833278925708e-01
3.732546846863610268e-01
3.733883717302555194e-01
3.734573176336583034e-01
3.735503047224675299e-01
3.736297954740190330e-01
3.738184461451578566e-01
3.738592412942199350e-01
3.740453533312958490e-01
3.740143246255047682e-01
3.739213411042726642e-01
3.740018365545045853e-01
3.738653630962589514e-01
3.736944545776050841e-01
3.738594010684280211e-01
3.737985414261186246e-01
3.738448820600971390e-01
3.738576199874041883e-01
3.737984039344163789e-01
3.737964906877208060e-01
3.737075139166243232e-01
3.738242782947839848e-01
3.735583076757234000e-01
3.736637551281601910e-01
3.735661521398522811e-01
3.733535987182629023e-01
3.730834002430916674e-01
3.729233999666041743e-01
3.726344794252545722e-01
3.724598062380218844e-01
3.723372033648093549e-01
3.721717871493273044e-01
3.719624518468848118e-01
3.716454648897594693e-01
3.714004182303803914e-01
3.712434041684976593e-01
3.711251705748239704e-01
3.710391303923527007e-01
3.709315488967265817e-01
3.707610950276921669e-01
3.705831245211554936e-01
3.704274849153207372e-01
3.702867704434402163e-01
3.701554540296388418e-01
3.701106126804989405e-01
3.700086886284731369e-01
3.698326698825854519e-01
3.696538094462616941e-01
3.695086044569994010e-01
3.693744369781188364e-01
3.693429070529173908e-01
3.691698754255105519e-01
3.690190813974189576e-01
3.689382289361796685e-01
3.689038735422263127e-01
3.688136901900392894e-01
3.687642920001460989e-01
3.686600918660520865e-01
3.685566520066857477e-01
3.684188359528552947e-01
3.682473363934997690e-01
3.681853727966477585e-01
3.681556935568435218e-01
3.680366424628698230e-01
3.679731323450866620e-01
3.678814539879338152e-01
3.678430643990370230e-01
3.678124153394175533e-01
3.676767262200992814e-01
3.676381119015695864e-01
3.676485934828050972e-01
3.676154222349208855e-01
3.676162977137600874e-01
3.674884434910279385e-01
3.674625528934603036e-01
3.673977484970923912e-01
3.674240686580650950e-01
3.673720303387583708e-01
3.673102297206003453e-01
3.672398874563568838e-01
3.671560300999531234e-01
3.671952161842502171e-01
3.674161485596729171e-01
3.675144304882803636e-01
3.676120790733601873e-01
3.676992931832415712e-01
3.677286265844176283e-01
3.679386042984760241e-01
3.680359432504772821e-01
3.680958340679075236e-01
3.682224563212383450e-01
3.684098730226089691e-01
3.685931884486955967e-01
3.687401495203801449e-01
3.688012274773566079e-01
3.691146007845494958e-01
3.692613771821949831e-01
3.693849482961725217e-01
3.693905900421798894e-01
3.693851835824009111e-01
3.694214642034993057e-01
3.694138441303320697e-01
3.696350371665523271e-01
3.699215130349217118e-01
3.701545140887777530e-01
3.703855713912160841e-01
3.706358292157103662e-01
3.707256385610303018e-01
3.708972589647624440e-01
3.708815512450454599e-01
3.710352836433125634e-01
3.712451869614949440e-01
3.714089731244387682e-01
3.716442763185915377e-01
3.718482855601356052e-01
3.720255598740862535e-01
3.723446524305021876e-01
3.725173961579935078e-01
3.728005028041624369e-01
3.730356420220999336e-01
3.733470339809226157e-01
3.733725547228655683e-01
3.737294014184341373e-01
3.738677884376258032e-01
3.741752406076364057e-01
3.743741500065483896e-01
3.746908166465456880e-01
3.749375848389308041e-01
3.752537354859020180e-01
3.756900342260071635e-01
3.761427368954111117e-01
3.764351783244097582e-01
3.768408626858428256e-01
3.772296466090903078e-01
3.775904132673408853e-01
3.777625053280311840e-01
3.781301196207931259e-01
3.784435122833704201e-01
3.786951799058998480e-01
3.792929711780337332e-01
3.794837590950147499e-01
3.797576870845379426e-01
3.803418475591753278e-01
3.806213560721551925e-01
3.808787527328741374e-01
3.812837234462460034e-01
3.814209317287828860e-01
3.817736787499940165e-01
3.820762185608896910e-01
3.822578495003918775e-01
3.824897201358334886e-01
3.825295986535570680e-01
3.826765911795727004e-01
3.830454742840558868e-01
3.831936505745999755e-01
3.834525058593131752e-01
3.839767506794621310e-01
3.843457943861328108e-01
3.847364817198031250e-01
3.850174041740259123e-01
3.854173106014233130e-01
3.856012503850218542e-01
3.858685791339378501e-01
3.862129554342037530e-01
3.863759834518597502e-01
3.869200262234162024e-01
3.869983305319105726e-01
3.872494000092924216e-01
3.874339489682358528e-01
3.875473078772825319e-01
3.874526937403215410e-01
3.878567312996127336e-01
3.879205171374241479e-01
3.880801478748574507e-01
3.880972811651760557e-01
3.881591059798478738e-01
3.882122709398183602e-01
3.882686915744431033e-01
3.885115005809979816e-01
3.886252348855260275e-01
3.889747885365948399e-01
3.891711084355449213e-01
3.894721821383237415e-01
3.896335363364294979e-01
3.899312401975658648e-01
3.900686396429667857e-01
3.904764421843692213e-01
3.907043701379100953e-01
3.908093139364505197e-01
3.908615340695471563e-01
3.911120805181187432e-01
3.914403639723184058e-01
3.914223852972006368e-01
3.916548267678593431e-01
3.917897544092111550e-01
3.920478698650603500e-01
3.920456987216216493e-01
3.922262701557466258e-01
3.922546529677498617e-01
3.921349393173703124e-01
3.923722214534659525e-01
3.925631755289125113e-01
3.926363681689801766e-01
3.926531283757452861e-01
3.927326092294867177e-01
3.928832293958119948e-01
3.930191170969788983e-01
3.931591641611513754e-01
3.932390758985826462e-01
3.933551871087359597e-01
3.936205760198004389e-01
3.937118517636010173e-01
3.939573953236348292e-01
3.941313290782655354e-01
3.942847468287374868e-01
3.942875126308199585e-01
3.942850830453527022e-01
3.944118099076053818e-01
3.945799216001569798e-01
3.949616547118811605e-01
3.950178672002203073e-01
3.951159109236572209e-01
3.953506247040288191e-01
3.954257322120754425e-01
3.955454846379329314e-01
3.956334518462815142e-01
3.957606303408821025e-01
3.958767657376741078e-01
3.961110615318590433e-01
3.962481171856281348e-01
3.963464912216728142e-01
3.965271164098260193e-01
3.967799828592178946e-01
3.967486948283388548e-01
3.968596228790675084e-01
3.971566647631132874e-01
3.972986922851398095e-01
3.974072416517923090e-01
3.976238813515474146e-01
3.978409112925572755e-01
3.980247500540238237e-01
3.980459624177690170e-01
3.983123801603885017e-01
3.986538552195766361e-01
3.989852041868943711e-01
3.992234764093954280e-01
3.993269593111469784e-01
3.995734122620321349e-01
3.998716784475383479e-01
4.000612957351064036e-01
4.002784599822158951e-01
4.006525012342119219e-01
4.007910880085179262e-01
4.010098717020234016e-01
4.012531539011805481e-01
4.016242050889479165e-01
4.019208655384242102e-01
4.022269760578519593e-01
4.024978576187190349e-01
4.029100280059264017e-01
4.030725847568260578e-01
4.034247448384892243e-01
4.037232751531746877e-01
4.040801561115006102e-01
4.043125967789393815e-01
4.045511246421632512e-01
4.046906962202506119e-01
4.050197460449285192e-01
4.051747087266084901e-01
4.053565855489702496e-01
4.056149726575126735e-01
4.059397116593739252e-01
4.062501370116800570e-01
4.065279071927094257e-01
4.067970022348861292e-01
4.071475264104241765e-01
4.073741110250524988e-01
4.077369907620985723e-01
4.079183946503797120e-01
4.083156900935203115e-01
4.085956900524804758e-01
4.087998583491456173e-01
4.090977763531760125e-01
4.094938856184668352e-01
4.096360868306991865e-01
4.099103034037687721e-01
4.102256071944917482e-01
4.106251987074486243e-01
4.109263129249520752e-01
4.112674182369042697e-01
4.116258420163791398e-01
4.118558493605025128e-01
4.119631963137043718e-01
4.122422287007264097e-01
4.123380090466737258e-01
4.125366975491078225e-01
4.127617656079890507e-01
4.128834269212016128e-01
4.130260381147858872e-01
4.133714721196631858e-01
4.134617480211632556e-01
4.137411195364747996e-01
4.138983638454332148e-01
4.141465609149727056e-01
4.143226312447745308e-01
4.146649658543807293e-01
4.148171327999444213e-01
4.150100286830341600e-01
4.151324782500416255e-01
4.154524714966021381e-01
4.156795109705562208e-01
4.160007966676948499e-01
4.161570856941773644e-01
4.163791118439618133e-01
4.165982551262280564e-01
4.168694433763992513e-01
4.171587495385655764e-01
4.173807891465876607e-01
4.176363769643065549e-01
4.178545378103807328e-01
4.180752065405790030e-01
4.183287279036436157e-01
4.185443599296352346e-01
4.188528692091144645e-01
4.191158348071487572e-01
4.193690054355060370e-01
4.195605678602817301e-01
4.195596110559652314e-01
4.198446460240476963e-01
4.199647441138408821e-01
4.202767304713684871e-01
4.204017895180692799e-01
4.206430923508689967e-01
4.207160636168131296e-01
4.208785160784538348e-01
4.210414230689467074e-01
4.211559104872611980e-01
4.213418852881379295e-01
4.214381867510451629e-01
4.215732539180910288e-01
4.216301414556403726e-01
4.216565325505974848e-01
4.217063978337116659e-01
4.217563517433531306e-01
4.218098971256435403e-01
4.219359312026542685e-01
4.219787454137696736e-01
4.222079613621875227e-01
4.223718818840975775e-01
4.226274548940232023e-01
4.228309735876899511e-01
4.229292753771349278e-01
4.231340262431901866e-01
4.232973146046672408e-01
4.236979837377188307e-01
4.237631844526709712e-01
4.238406526967544163e-01
4.239818682147773465e-01
4.242366936739260241e-01
4.243853284837943440e-01
4.244274834089856174e-01
4.246081615972101542e-01
4.248063359925984273e-01
4.249566248565522786e-01
4.250630901667236117e-01
4.252169931467294495e-01
4.252940201247517593e-01
4.252683462983863905e-01
4.253597481765849508e-01
4.253990119501478429e-01
4.254829232814764106e-01
4.256322048305538619e-01
4.256061117586111830e-01
4.256229136702776028e-01
4.255337855005506542e-01
4.256163787781858110e-01
4.256061772863589665e-01
4.256584984041491548e-01
4.257320880725243839e-01
4.258378190621083803e-01
4.258907142366719079e-01
4.258985598679303486e-01
4.258665122058856722e-01
4.257199179558302515e-01
4.257247413574397621e-01
4.257897069963094694e-01
4.258269213794704244e-01
4.258360013667764066e-01
4.259769684622148889e-01
4.259570361710376396e-01
4.260160674902236377e-01
4.260072136726718028e-01
4.260182209329292924e-01
4.259887127686001751e-01
4.259836822494443287e-01
4.260775178250875150e-01
4.262081285014208687e-01
4.262114016529148786e-01
4.263041580635048566e-01
4.264594567334552000e-01
4.265147171517133518e-01
4.267346933280095067e-01
4.267377623935353914e-01
4.268605555157293230e-01
4.269443774817482939e-01
4.270250497627469111e-01
4.270979940500647665e-01
4.271793398889810467e-01
4.272256068137989526e-01
4.273715677688554315e-01
4.276597252300522456e-01
4.277436207294069703e-01
4.279971348142883603e-01
4.282084028526825792e-01
4.284711063979719237e-01
4.286482324938636346e-01
4.288200658682376765e-01
4.289582578761430565e-01
4.290718641034140246e-01
4.292357606712523532e-01
4.294837224335467107e-01
4.297768573980367823e-01
4.298893446523704420e-01
4.300734445977026921e-01
4.302174197377842679e-01
4.303614168316440836e-01
4.305860624602343423e-01
4.308410160426001667e-01
4.309177926142662152e-01
4.310553602317234168e-01
4.312046539819038293e-01
4.313085717976592459e-01
4.315465048259157221e-01
4.317690287203755362e-01
4.318710826296070504e-01
4.320490574068148737e-01
4.321768597500392217e-01
4.324176502346407380e-01
4.326402492028115776e-01
4.328487713351166222e-01
4.329309524995156311e-01
4.330291769818191971e-01
4.330448003187767902e-01
4.331534831313912370e-01
4.332411895301750970e-01
4.332513989632413853e-01
4.332900443041413086e-01
4.334163719920848812e-01
4.336569374214770400e-01
4.336653834884042213e-01
4.336473891070875553e-01
4.337071916352451817e-01
4.336140384402422665e-01
4.336151374513663170e-01
4.336540520508345153e-01
4.336499795277467539e-01
4.337800570712997406e-01
4.338224623937987356e-01
4.339115533597894814e-01
4.339528309487489799e-01
4.340765734201620374e-01
4.341449509511998150e-01
4.341604332370783137e-01
4.342817990845438403e-01
4.342912016437324718e-01
4.343770545296895547e-01
4.344026987279874241e-01
4.344754323667519014e-01
4.345500433130930484e-01
4.345745193167513953e-01
4.346310914783148016e-01
