# game: leduc_poker 
# eval_every: 1 
# num_iterations: 1000 
# num_players: 2 
# bootstrap: False 
# truncate_negative: False 
# buffer_size: -1 
# num_hidden_layers: 3 
# num_hidden_units: 20 
# num_hidden_factors: 0 
# use_skip_connections: True 
# num_epochs: 200 
# batch_size: 5000 
# step_size: 0.01 
# 
2.675714875501501222e+00
2.373721985926509959e+00
2.018482777431865216e+00
1.823295260687584296e+00
1.610008672555128140e+00
1.404303015295570445e+00
1.269202589223462407e+00
1.161174312908490824e+00
1.073538090852096172e+00
9.921892617432040984e-01
9.190639559347972831e-01
8.631701908131865775e-01
8.311559584684693469e-01
7.971725391879838085e-01
7.694040351025195346e-01
7.538942419299756725e-01
7.427265443037796011e-01
7.352663883673811185e-01
7.312131235757395320e-01
7.267499810701419927e-01
7.171166878749568596e-01
7.119726460796278467e-01
7.067745328623371570e-01
7.011209863621066241e-01
6.949744783825009264e-01
6.932401728111823314e-01
6.888738432475451923e-01
6.851978808331768978e-01
6.833172939275151681e-01
6.825112262584596134e-01
6.809548413994337412e-01
6.746701353433459669e-01
6.718504720626597981e-01
6.672382642619207882e-01
6.608251052864677622e-01
6.558698537042124688e-01
6.530328939989888948e-01
6.445721747210357844e-01
6.382480440166283797e-01
6.286492270264184556e-01
6.198260867751648195e-01
6.111794241517498616e-01
6.056182599723511917e-01
5.995625693085745445e-01
5.953717177637062319e-01
5.900616476174388447e-01
5.853655847872358819e-01
5.797069064025578422e-01
5.774766022832975576e-01
5.746295818641659059e-01
5.698003404778624326e-01
5.662524486501190335e-01
5.597738743330777922e-01
5.532515767034547061e-01
5.461001968305944088e-01
5.409069410219595753e-01
5.362512930205354245e-01
5.344225824727619756e-01
5.300363624044683863e-01
5.249636152689689528e-01
5.186702902161721696e-01
5.128808069139871861e-01
5.069032453555069040e-01
5.004156078424226717e-01
4.942018355313663180e-01
4.883288174284522443e-01
4.825280877128819701e-01
4.776660417622708432e-01
4.724847663840948675e-01
4.673951601432321246e-01
4.633967330934872786e-01
4.596352374301833077e-01
4.560689819110891330e-01
4.526429377180856140e-01
4.489779515219422534e-01
4.456265964859836837e-01
4.424530156453298502e-01
4.399250257583996460e-01
4.377226116354152596e-01
4.358081343242716788e-01
4.352865486517282223e-01
4.354477608831386348e-01
4.349531047006317541e-01
4.355083966730541878e-01
4.361052850618716836e-01
4.370502642889093070e-01
4.381141157402050901e-01
4.399853551766577664e-01
4.414513116182759989e-01
4.426701942356224273e-01
4.441811151876309816e-01
4.451304862629717474e-01
4.462552083707327921e-01
4.470578036980412673e-01
4.485909052452469181e-01
4.501813414086742182e-01
4.514487310175262502e-01
4.527867773860571599e-01
4.535784557661906580e-01
4.549841318433965887e-01
4.563968767052667408e-01
4.572388399843646534e-01
4.580092106927234896e-01
4.587678271477523828e-01
4.591480544941599073e-01
4.595861871913227148e-01
4.595201890089485319e-01
4.585774819781484601e-01
4.583297005016386816e-01
4.574242206769152386e-01
4.572576904948696397e-01
4.574128731625536348e-01
4.564696966113511722e-01
4.558350040413687854e-01
4.549855968063518663e-01
4.535762995210688708e-01
4.528139710003351026e-01
4.518634128626972668e-01
4.511297767387361657e-01
4.499748146603191890e-01
4.488465036808768627e-01
4.477641454851933323e-01
4.464944507576704691e-01
4.453747918784284332e-01
4.451859523588220791e-01
4.457751095556605758e-01
4.465879640466897671e-01
4.476868433943004821e-01
4.482001989680460818e-01
4.491666789791175507e-01
4.494848885308963538e-01
4.500722225572544866e-01
4.500613072230144063e-01
4.494647599065177968e-01
4.487521353259178447e-01
4.476974949083909472e-01
4.468892353295227382e-01
4.462219109056155819e-01
4.454174203927162012e-01
4.447992065087625346e-01
4.440008634736262727e-01
4.434390055366606020e-01
4.431084645834993396e-01
4.426760010544866786e-01
4.423640302090702803e-01
4.421456184970805059e-01
4.417277481124033400e-01
4.417508836401539685e-01
4.416604440734804848e-01
4.418071953877005242e-01
4.413700779112222361e-01
4.409729629178395505e-01
4.407220970061733190e-01
4.404645846161278078e-01
4.401406235613846696e-01
4.391876372210409274e-01
4.384943246322993149e-01
4.378432026298352819e-01
4.370499368588661171e-01
4.359337743258689946e-01
4.349366271544712892e-01
4.334662467436907196e-01
4.320826900345775545e-01
4.312726292102097014e-01
4.302037961832968493e-01
4.293967064670360378e-01
4.290480537545066086e-01
4.284292006491222105e-01
4.277366437209382810e-01
4.265400384872224948e-01
4.259507130104893680e-01
4.256084706655346439e-01
4.249591242360785115e-01
4.246110031164227472e-01
4.242482497343046388e-01
4.234469085761590756e-01
4.227522861180799674e-01
4.220623051228765688e-01
4.209653603679507361e-01
4.201747798509232745e-01
4.194359294341076794e-01
4.185836176875357140e-01
4.179182736145121702e-01
4.171461551081617758e-01
4.164731895226316816e-01
4.162888100386200607e-01
4.159081604748809391e-01
4.154486388151301668e-01
4.153921157161161171e-01
4.148436007275049797e-01
4.147320113315772216e-01
4.147860446850695215e-01
4.151329364093450103e-01
4.151195616309892866e-01
4.150998232847346592e-01
4.150244802859950344e-01
4.151274686397178892e-01
4.149419815766572928e-01
4.147090764211842084e-01
4.142548678222275904e-01
4.140640460010723278e-01
4.136060910494746556e-01
4.132472082999961160e-01
4.126043358856639198e-01
4.128099831873814907e-01
4.122793851541423082e-01
4.117821409803983923e-01
4.114811184043188907e-01
4.110309917015667613e-01
4.104734924972758270e-01
4.099965505215154016e-01
4.097551436131605107e-01
4.095738500072876320e-01
4.090788127044036604e-01
4.088310538073849365e-01
4.087543068872633856e-01
4.084041256105802598e-01
4.079096466569467339e-01
4.072782676609434382e-01
4.066606857371635186e-01
4.063190316801673641e-01
4.061451127039875098e-01
4.056373241055102330e-01
4.055990983478497958e-01
4.047349730977001792e-01
4.038727294328993134e-01
4.030049262430548951e-01
4.023422023883360676e-01
4.011885396867244657e-01
4.003350768806303028e-01
3.994260275755729395e-01
3.982791015476906948e-01
3.975809987555081193e-01
3.968705000342678257e-01
3.961919395772335317e-01
3.955499612705464241e-01
3.953746179938306682e-01
3.955742601680550807e-01
3.953010166003079751e-01
3.954790809491394721e-01
3.956889939756779162e-01
3.960099290416377316e-01
3.961294687936759429e-01
3.964263208546644490e-01
3.965055396449041480e-01
3.959098118679318379e-01
3.952754429081266618e-01
3.946729447932578738e-01
3.940330255338045928e-01
3.933319624399530534e-01
3.924723895601830437e-01
3.917897144475305238e-01
3.910343421691784283e-01
3.897946371246470698e-01
3.887224714762106403e-01
3.873718258056056962e-01
3.862685526966421756e-01
3.850831138317744595e-01
3.839857811050412240e-01
3.828080717415879297e-01
3.819918091076085487e-01
3.809805356563311096e-01
3.798945687709199825e-01
3.789565128846255071e-01
3.782694852834898036e-01
3.776829555770949698e-01
3.770980015988641965e-01
3.762169379040092299e-01
3.752381400290876190e-01
3.744144350826503764e-01
3.735019247707067613e-01
3.726856879253316324e-01
3.718316991381125924e-01
3.711813211176870908e-01
3.708259156706000814e-01
3.701043920768852802e-01
3.697381489971341972e-01
3.694024111563636303e-01
3.687184301337799175e-01
3.687162880770573636e-01
3.685127115541519949e-01
3.684373752237638522e-01
3.682624020910071350e-01
3.682265401973308094e-01
3.682099241222329122e-01
3.681814160851262230e-01
3.680617210274287343e-01
3.679229085673230149e-01
3.678617860559349473e-01
3.676400843077151093e-01
3.674317869594924679e-01
3.672214350938861616e-01
3.670304460302460936e-01
3.668438525162248665e-01
3.664829731996961937e-01
3.662302806551301360e-01
3.663699219788155159e-01
3.662473230015027559e-01
3.663365950300921381e-01
3.664870488097808909e-01
3.666376040750054521e-01
3.666660613563154092e-01
3.666433824490215043e-01
3.667301681675273484e-01
3.667884166103262400e-01
3.664679621584124858e-01
3.662868206129462623e-01
3.661548982632821247e-01
3.662223611042354499e-01
3.663992634376113111e-01
3.665560067276733003e-01
3.666463221094037883e-01
3.666561914754306040e-01
3.666506334062208383e-01
3.665626505409215197e-01
3.665511529679035263e-01
3.663195118237625447e-01
3.662748730492727534e-01
3.662866083350367896e-01
3.661753249044551461e-01
3.661585743319674680e-01
3.658774515963529317e-01
3.657677900916641578e-01
3.655787610417911004e-01
3.654006896864827603e-01
3.653829056266276187e-01
3.650370751731181751e-01
3.650737590420591872e-01
3.649923222448077653e-01
3.648631107297314324e-01
3.648052066266806448e-01
3.650575722979658710e-01
3.651840274401424447e-01
3.654408982964353902e-01
3.658126656475984007e-01
3.662240063376240862e-01
3.665059437944101495e-01
3.667696577688255299e-01
3.670999094403833984e-01
3.673839220737156186e-01
3.677007178796206088e-01
3.682264944700233689e-01
3.685022273352996924e-01
3.687727343358577770e-01
3.689573599938551496e-01
3.690593203982643900e-01
3.689879169654769475e-01
3.689320346240274051e-01
3.689408477640317430e-01
3.687590947883802039e-01
3.687632160979833484e-01
3.684162852032230040e-01
3.682490578622198418e-01
3.680213745503396194e-01
3.678286608696584858e-01
3.676442405538187241e-01
3.674107492445251033e-01
3.674516149751914096e-01
3.673978996392556762e-01
3.672995830402876472e-01
3.670963756969727321e-01
3.670091371512852474e-01
3.669806358299190219e-01
3.671164241805593420e-01
3.669833788775304084e-01
3.669796976427787127e-01
3.668628889946577987e-01
3.666086292368683774e-01
3.665118821781443437e-01
3.665960346810335224e-01
3.664042597029459891e-01
3.662245783318507919e-01
3.659926883107395001e-01
3.658279044866522556e-01
3.660445305010610051e-01
3.661589389327843391e-01
3.660714985363334728e-01
3.662771471385652400e-01
3.666413948764598585e-01
3.667460696068394754e-01
3.668383504348825541e-01
3.667522829961862296e-01
3.665209742971351492e-01
3.663293494195516420e-01
3.661138183395030721e-01
3.658352925595265148e-01
3.654909339168441740e-01
3.652973907780439067e-01
3.649244258829336118e-01
3.644978859950481764e-01
3.641278109149123088e-01
3.639176593497287504e-01
3.634943316924992285e-01
3.631508752182132094e-01
3.626827911755498568e-01
3.621889540839875465e-01
3.616721358442966938e-01
3.612014258442005632e-01
3.608076655456637361e-01
3.603184976262585604e-01
3.598494998363488406e-01
3.593270426117568528e-01
3.588885408710279501e-01
3.584979324655729327e-01
3.582896729890713283e-01
3.581985168657773055e-01
3.582419831354270445e-01
3.581893388923982346e-01
3.581482066463317904e-01
3.581576245376201229e-01
3.580698047939582240e-01
3.580282209544031757e-01
3.581382073263426058e-01
3.580848194905990045e-01
3.582140474928628970e-01
3.582934202945942115e-01
3.583440274931160019e-01
3.583652054582874835e-01
3.584604401042203459e-01
3.585413515684823249e-01
3.586374995679039168e-01
3.587613063799750535e-01
3.587219846665575806e-01
3.588156734172882056e-01
3.589867120034170300e-01
3.591218020489751472e-01
3.592384520532159731e-01
3.594143505992387633e-01
3.593262269968503508e-01
3.594602058282405643e-01
3.594621082930832823e-01
3.595370596379489081e-01
3.596502975876536556e-01
3.598348632710809403e-01
3.598670850489377182e-01
3.599492242504771511e-01
3.601555112035530470e-01
3.602341998641361287e-01
3.602462728189280705e-01
3.603126361002418898e-01
3.602895101202565620e-01
3.603489866577551104e-01
3.604635657687584871e-01
3.604994283757985141e-01
3.605164060586437680e-01
3.604935594270203270e-01
3.604466143891274510e-01
3.604469991327244882e-01
3.605496034535484728e-01
3.606106921848232227e-01
3.605815180490227201e-01
3.606774762218079022e-01
3.608503692421199949e-01
3.609276482924117513e-01
3.609274355855196514e-01
3.608790495171835255e-01
3.607945984888665247e-01
3.607237479697790183e-01
3.606385232896139881e-01
3.607605074558671854e-01
3.606645593784173487e-01
3.606420558609265137e-01
3.605818610077410336e-01
3.607530243286543037e-01
3.606906917356820230e-01
3.608463674625239648e-01
3.607268027731598270e-01
3.606486069564263097e-01
3.606176470441920801e-01
3.605158058519691289e-01
3.603764662250140693e-01
3.602884144197343042e-01
3.600819923080541551e-01
3.599260699713869860e-01
3.597301285341412136e-01
3.596563628125791778e-01
3.595023789527370672e-01
3.592538721151804504e-01
3.590992023980921766e-01
3.589200420735951247e-01
3.587745278945416172e-01
3.586725533970491764e-01
3.587025048326020205e-01
3.586749421157471307e-01
3.589644760366205167e-01
3.593564440113809488e-01
3.596034435704523191e-01
3.599398062918996444e-01
3.601694449910041174e-01
3.603012546624313472e-01
3.606624432329930130e-01
3.609648663825785198e-01
3.614664378244059062e-01
3.620921304659013851e-01
3.627579665897661676e-01
3.631124256732229938e-01
3.638470408953959900e-01
3.643221182934058833e-01
3.648110443423621119e-01
3.652317934278579981e-01
3.658221779183529199e-01
3.663000847826167194e-01
3.667923568199036310e-01
3.671983934710082442e-01
3.675637558990138554e-01
3.678835627837002131e-01
3.682812983977539201e-01
3.687344086012790401e-01
3.691931513240301888e-01
3.696453410489908831e-01
3.700492915983810693e-01
3.703973071020420504e-01
3.707198811977849284e-01
3.711015432227536825e-01
3.712758325364350354e-01
3.715183981248985079e-01
3.715003741225209044e-01
3.715666105960168664e-01
3.714976230179416472e-01
3.715354192869682048e-01
3.716110313803798748e-01
3.715829700528179291e-01
3.716905735293600244e-01
3.716004678953215290e-01
3.713860020561248199e-01
3.712990440458147079e-01
3.712363963427565694e-01
3.711250553391108320e-01
3.710993269477268486e-01
3.709974800430628772e-01
3.710078270874183071e-01
3.710716034030360211e-01
3.710288535116681441e-01
3.709749338717623357e-01
3.709454640506718581e-01
3.709159447697136791e-01
3.709113832031905034e-01
3.708153639148308867e-01
3.707891098048802236e-01
3.707793380463224042e-01
3.708008454795478359e-01
3.707590520134246836e-01
3.706742137704924778e-01
3.706810972756782174e-01
3.707247483305027291e-01
3.709824406401434072e-01
3.712414519206189700e-01
3.714851031424666328e-01
3.717515363102766868e-01
3.720598891393582242e-01
3.723156993627985134e-01
3.724957554824982475e-01
3.726317178384768725e-01
3.727720157136111823e-01
3.728715750072582047e-01
3.729531252863428348e-01
3.730143165972968911e-01
3.729693994275022906e-01
3.729848487581447491e-01
3.728951952414604198e-01
3.728749622153351151e-01
3.728283613564142285e-01
3.727394624150697222e-01
3.727394450747449905e-01
3.725838773302371232e-01
3.725469583080481817e-01
3.724586743135746003e-01
3.722785727447656678e-01
3.721920935019331633e-01
3.721108906602565991e-01
3.719754869941254705e-01
3.718054702048191329e-01
3.717012048691195059e-01
3.715734003472320190e-01
3.714511940470286433e-01
3.713000615556649731e-01
3.711494291232064757e-01
3.709946242725672971e-01
3.708477120468982036e-01
3.704895974479659460e-01
3.703037919856388971e-01
3.701752132062359202e-01
3.699832447241659938e-01
3.698650847357586313e-01
3.697383101188114196e-01
3.697129101942306373e-01
3.696175012639456581e-01
3.694527794095704420e-01
3.693949166683694330e-01
3.694208850799546306e-01
3.694440885202775471e-01
3.693143964593164075e-01
3.692753921275492290e-01
3.693035406484397321e-01
3.692288011095917200e-01
3.691566546404375648e-01
3.690356045615861280e-01
3.689520818040983308e-01
3.688795534676755361e-01
3.687918715005905068e-01
3.687146812947184049e-01
3.686751555157586902e-01
3.686277089853353672e-01
3.685001375744851315e-01
3.684353264877366918e-01
3.684175589554473662e-01
3.682941210311898583e-01
3.681860810896706582e-01
3.681083328825845991e-01
3.680523962685754435e-01
3.680433071970264369e-01
3.681173763332585835e-01
3.681107379208643504e-01
3.680867655348164513e-01
3.681495685763754855e-01
3.681920706680081867e-01
3.682868660115430348e-01
3.683544502956002109e-01
3.683249261818142273e-01
3.684648796206674293e-01
3.685273770644960645e-01
3.686254899261556806e-01
3.687096128650885207e-01
3.688441339823363418e-01
3.689658722297675109e-01
3.689668476325763113e-01
3.690942406940073695e-01
3.692510380839807427e-01
3.694027457594009634e-01
3.695120629782205901e-01
3.697397140110976199e-01
3.699476016582541882e-01
3.701302933871253864e-01
3.702719257433830791e-01
3.704420578574092460e-01
3.706090589575957717e-01
3.708139953030701319e-01
3.710313260306348226e-01
3.712072580632300722e-01
3.713271168391677479e-01
3.714892126476976308e-01
3.716038693441234830e-01
3.717357872459041701e-01
3.718701934930599418e-01
3.719486759189912228e-01
3.721335775654046052e-01
3.723281378793237839e-01
3.725455021911072695e-01
3.727629322223754427e-01
3.729600820238573866e-01
3.731528683178214623e-01
3.733660107264128447e-01
3.735655835480260478e-01
3.737425259496286456e-01
3.739126977632208915e-01
3.740585868234930222e-01
3.741690284542775746e-01
3.741908955973026751e-01
3.742877398194978666e-01
3.743009537445314283e-01
3.742581785519509818e-01
3.742887732262329958e-01
3.743350087480793453e-01
3.744470307101538387e-01
3.745595536104964207e-01
3.746424132015521158e-01
3.747800765804905065e-01
3.749439832172060116e-01
3.751050361463150185e-01
3.753149539290287495e-01
3.754920033154982573e-01
3.758486759209239692e-01
3.761855261686130603e-01
3.765445570794502261e-01
3.767847520396043204e-01
3.770468912086749613e-01
3.773424772775487712e-01
3.776380168490647282e-01
3.779808277328478017e-01
3.782474264752514470e-01
3.785939969426775908e-01
3.788797620129724097e-01
3.791637291562842127e-01
3.795043395457026181e-01
3.798584527082221607e-01
3.802167700048304511e-01
3.804650295002357518e-01
3.806993729971545060e-01
3.810551872349745017e-01
3.813651304440970335e-01
3.816763029224305437e-01
3.819579687041400051e-01
3.823073218336737189e-01
3.826861521657910492e-01
3.830217192078738120e-01
3.833916636309064874e-01
3.837718418139871024e-01
3.841374430522721539e-01
3.846029476480080644e-01
3.850310319618224786e-01
3.854111120791038347e-01
3.858078372560241887e-01
3.862490477152019652e-01
3.866115989877640935e-01
3.869276739474901139e-01
3.872760512687128398e-01
3.876872858434453617e-01
3.880074022966503722e-01
3.882933531665203053e-01
3.885238392369121385e-01
3.888711388425907245e-01
3.890917935435378450e-01
3.894244708044743430e-01
3.897150253031656519e-01
3.897778963685806231e-01
3.899658126706061489e-01
3.901110486151491141e-01
3.902687779322855932e-01
3.904180324307670591e-01
3.905312750345274475e-01
3.906120125454421999e-01
3.907312870158814455e-01
3.908188120658460107e-01
3.909843574338718319e-01
3.911107987167233846e-01
3.912526112286496827e-01
3.913839908695234682e-01
3.915369030989359622e-01
3.916570642857206686e-01
3.918020229222652917e-01
3.920456429599746828e-01
3.921737155053734991e-01
3.923565456079377012e-01
3.924309693134545585e-01
3.926165251707207648e-01
3.927758294395529148e-01
3.929135480286805038e-01
3.931126339664155478e-01
3.932249183602770648e-01
3.934000296651657402e-01
3.936090643399413058e-01
3.938791308200750851e-01
3.940509552698565066e-01
3.942830672305402406e-01
3.944251185863688614e-01
3.945388122972640077e-01
3.946825545551736480e-01
3.947958376721392160e-01
3.949883119134079967e-01
3.951288433826191104e-01
3.954753883670583670e-01
3.955769552493566543e-01
3.956813438360431423e-01
3.958613483501345343e-01
3.959843091399469772e-01
3.961111741218346638e-01
3.962950974169327512e-01
3.964951410909517415e-01
3.967447659129533233e-01
3.969730976080456664e-01
3.972321178199450520e-01
3.974232371451205115e-01
3.975980808771980568e-01
3.977346865080798599e-01
3.979189217689502733e-01
3.980595849435276112e-01
3.982735210083256927e-01
3.984201990905729684e-01
3.986126333048007342e-01
3.988209770935363663e-01
3.990261306897031623e-01
3.991942669516934661e-01
3.994566816650727548e-01
3.996653437577262213e-01
3.998876583332919843e-01
4.000745270903826034e-01
4.002022077556039448e-01
4.002779834747163257e-01
4.005037267214539565e-01
4.006770629424083463e-01
4.008177500566049156e-01
4.009006420220097011e-01
4.010019537831968073e-01
4.011409213045307176e-01
4.012410510449149204e-01
4.013843873932962381e-01
4.015080994880637077e-01
4.016489267985940970e-01
4.017778398706937093e-01
4.019245673688539022e-01
4.020402012229953859e-01
4.020968087726839446e-01
4.022077977905412216e-01
4.022309517195104545e-01
4.023117432385685532e-01
4.025238473527277261e-01
4.027682924931570430e-01
4.027607992736561560e-01
4.027816580894813536e-01
4.028226228720467872e-01
4.028396388775244419e-01
4.028683031863503627e-01
4.027225657746333343e-01
4.026634580828649668e-01
4.025113170148683639e-01
4.024067271765018328e-01
4.022626573812648210e-01
4.021553862009731861e-01
4.020671044702328056e-01
4.019533847768433921e-01
4.017915030799015241e-01
4.016777015194062939e-01
4.015748052477228214e-01
4.015384135557874545e-01
4.014276756589219008e-01
4.014361607010521471e-01
4.013724565769603014e-01
4.013123347899691939e-01
4.013230377546997407e-01
4.012446013965443870e-01
4.012014182354212144e-01
4.011990279839928730e-01
4.011402165295477329e-01
4.011077920840679933e-01
4.010846941862763471e-01
4.010393448261400096e-01
4.010053836761017787e-01
4.009747527280713708e-01
4.009002178265622107e-01
4.008170721636710176e-01
4.007414806168235755e-01
4.006872584431239170e-01
4.005848858580688399e-01
4.004642580798165596e-01
4.003547844179305981e-01
4.002441748529199095e-01
4.001645572409827656e-01
4.000722322483698523e-01
3.999593037946929108e-01
3.998407710371378321e-01
3.997917902058221729e-01
3.996683830407779525e-01
3.995821589426590825e-01
3.996085163324952227e-01
3.995107760195914515e-01
3.994593346826987856e-01
3.993980379543127235e-01
3.993600555586109269e-01
3.993426510741991953e-01
3.993062210179078031e-01
3.992832625881784780e-01
3.992101349634315510e-01
3.991392956175208728e-01
3.990653795719681929e-01
3.990150359429728288e-01
3.990273745086471147e-01
3.990016946384811192e-01
3.989963035273331737e-01
3.989643329499055202e-01
3.989185747055215558e-01
3.988825547041694453e-01
3.988068024870555783e-01
3.987232628323198469e-01
3.986574769127528839e-01
3.986121095758928257e-01
3.985241088008559807e-01
3.984015946038285683e-01
3.982814498496136668e-01
3.981335312125296455e-01
3.980199485634516310e-01
3.978372979411345933e-01
3.976724583136512226e-01
3.975616900049346869e-01
3.974572688633495332e-01
3.972896865280745038e-01
3.971468372842409389e-01
3.970020908663638992e-01
3.968694519910492824e-01
3.966914948025369592e-01
3.965663320137331471e-01
3.964622165353349770e-01
3.963416202861685944e-01
3.961752084918488404e-01
3.960424173885245813e-01
3.959265884314274730e-01
3.957604220936257189e-01
3.955956805144114630e-01
3.954911058993982320e-01
3.953637319435573394e-01
3.952520268254985369e-01
3.951915827962402816e-01
3.951370889859906477e-01
3.951002140731224022e-01
3.950654856174315999e-01
3.951036274343583954e-01
3.950330220710216445e-01
3.950458445236690874e-01
3.949512652685004954e-01
3.948991457652349935e-01
3.949018469081119198e-01
3.948465414582905120e-01
3.949178029750995966e-01
3.948401794089603789e-01
3.947978675810133176e-01
3.947762659769419313e-01
3.947079081177128912e-01
3.946597355215361036e-01
3.946131577821727632e-01
3.946418197886429891e-01
3.945962714296191720e-01
3.945862871069953370e-01
3.945590258291279961e-01
3.945288796702561274e-01
3.944863864016510124e-01
3.944608660245001452e-01
3.944694098130352433e-01
3.945154529412077671e-01
3.945633796626172307e-01
3.946272078501754654e-01
3.946984431198764520e-01
3.947374989189440520e-01
3.947025412610408734e-01
3.947470223526356459e-01
3.947423776096699033e-01
3.947260842199745712e-01
3.947159603931045257e-01
3.946621520178545950e-01
3.946612192828143906e-01
3.946649383519926224e-01
3.946824301436377969e-01
3.946870657318297115e-01
3.947327539498277638e-01
3.947718150586437269e-01
3.948362821305232417e-01
3.948713078446040026e-01
3.948789514918607524e-01
3.949208082067079406e-01
3.950169365656228671e-01
3.951299633892066954e-01
3.951893869634575118e-01
3.952613333408075413e-01
3.953316393773533832e-01
3.954187597137479582e-01
3.955512575979979739e-01
3.957615844591487742e-01
3.959021977650003521e-01
3.960076098532875344e-01
3.961029089369721423e-01
3.962243251081248863e-01
3.963029333495810547e-01
3.963325178022290562e-01
3.963993819770413873e-01
3.964895066164396686e-01
3.965766134663046283e-01
3.966369497766168983e-01
3.966371787226458112e-01
3.967692125437049522e-01
3.968017734168349797e-01
3.968115149545161091e-01
3.968329610633399840e-01
3.968609988079390138e-01
3.968821816914402945e-01
3.969446644557192982e-01
3.969603108154590720e-01
3.969939385730354431e-01
3.970168215180964744e-01
3.970060330672884330e-01
3.969805107248703946e-01
3.969769464753406529e-01
3.969511441088051096e-01
3.969081464293690020e-01
3.968438623420616485e-01
3.968239908392577897e-01
3.968704509071502295e-01
3.968405682447941896e-01
3.967912853519174332e-01
3.967446478045754676e-01
3.967451651519425804e-01
3.967504917733879477e-01
3.967404524556368273e-01
3.966885197427679755e-01
3.965886258293456201e-01
3.965358857952130389e-01
3.964710614280640977e-01
3.963596809652713548e-01
3.962795031163535708e-01
3.961772594718380169e-01
3.960670798447525343e-01
3.959221257110184800e-01
3.957999134311613321e-01
3.957879409947672178e-01
3.956614008141983718e-01
3.955076426811247603e-01
3.953976518084071357e-01
3.952864854271787021e-01
3.951593126701927194e-01
3.950251388099742522e-01
3.949559446948982533e-01
3.948569226467515958e-01
3.947332915438859779e-01
