# game: kuhn_poker 
# eval_every: 1 
# num_iterations: 1000 
# num_players: 2 
# bootstrap: False 
# truncate_negative: False 
# buffer_size: -1 
# num_hidden_layers: 2 
# num_hidden_units: 6 
# num_hidden_factors: 0 
# use_skip_connections: True 
# num_epochs: 200 
# batch_size: 1000 
# step_size: 0.01 
# 
3.780463887424979630e-01
2.366483319412289454e-01
1.409910961784740790e-01
1.110791769477215141e-01
9.071508053595331300e-02
8.769504836662272984e-02
9.636893689242012617e-02
8.953867857105143879e-02
8.705961011663113092e-02
8.073975301208308197e-02
8.388011021961028213e-02
7.914484836811833124e-02
7.139193218617734260e-02
6.178340370476065324e-02
5.533264349867897391e-02
4.793922203520936676e-02
4.248797539594806327e-02
4.322233009567894024e-02
4.194026469485190312e-02
4.297961204519384903e-02
4.318856020416747543e-02
4.213519973457391377e-02
4.366884620966435260e-02
4.359989996613025665e-02
4.093406476040511999e-02
3.738267373526338311e-02
3.341253544659608665e-02
3.115078721561598263e-02
2.941692190383843331e-02
2.742492395924508997e-02
2.648034751762926020e-02
2.619351031351849213e-02
2.689051071389442216e-02
2.743337075204782538e-02
2.641383447232109605e-02
2.416252855994593940e-02
2.330548632461740266e-02
2.299756751605708249e-02
2.275639083437083765e-02
2.220856724973449547e-02
2.368720027879223089e-02
2.457730222389606367e-02
2.479433137310474433e-02
2.401577232206586476e-02
2.291303199075286900e-02
2.166958223733675415e-02
2.037109882738699640e-02
1.993717991646343224e-02
1.970381456196060310e-02
1.918563059296757300e-02
1.837248942709859834e-02
1.711732719589353913e-02
1.572005224197958739e-02
1.425575908290724336e-02
1.434490117019165956e-02
1.528987028938033621e-02
1.572127643794363205e-02
1.569376513647657845e-02
1.530987461171698372e-02
1.550373986754566280e-02
1.520987670559140192e-02
1.468234056067668769e-02
1.392893640808426370e-02
1.391331540617615770e-02
1.464189760396361617e-02
1.519712260631506107e-02
1.552083937948314785e-02
1.558510032277374280e-02
1.527555721295731361e-02
1.468327601560226459e-02
1.399501548364229242e-02
1.324921431434647467e-02
1.320730944678652485e-02
1.337592716868929443e-02
1.326467799190353403e-02
1.289413836931152524e-02
1.235549166822846878e-02
1.168618990935696433e-02
1.093310192806803971e-02
1.014315927971473630e-02
9.397856346762128998e-03
8.581838846208000859e-03
8.702374205810659014e-03
9.153707815675371506e-03
9.401990596385273458e-03
9.969508955714689868e-03
1.030487709798905138e-02
1.051247756064452310e-02
1.038097565050813409e-02
1.022462364455811734e-02
1.003445948971351531e-02
9.772320176573701112e-03
9.469803077862520846e-03
9.578209918652519361e-03
9.778243837195249588e-03
9.878831267786464254e-03
9.974762927691754877e-03
9.988207541116983501e-03
9.974688104189388671e-03
9.893371459639893617e-03
9.790777484998292035e-03
9.650648854863053128e-03
9.515155220873622310e-03
9.376599255093737151e-03
9.233812421674592041e-03
9.147411397240262643e-03
8.980232595992315714e-03
8.741222808525128674e-03
8.421823036186659728e-03
8.052829999767252556e-03
7.646565450684178478e-03
7.460238631950028010e-03
7.079731768522140589e-03
6.525375791437693085e-03
6.752667641771376017e-03
7.140061964065053113e-03
7.441875934272923487e-03
7.634700421429635453e-03
7.694159766162722569e-03
7.597725153815876320e-03
7.389639200542003072e-03
7.105608127354140491e-03
6.805890390148894298e-03
6.530995688134588750e-03
6.271884856492382365e-03
5.995455756282158655e-03
6.259154398933236552e-03
6.540209902228838468e-03
6.824689760639601754e-03
7.083055994262899002e-03
7.345374989613018268e-03
7.583835370553709820e-03
7.787508360668521368e-03
7.958924193111227563e-03
8.068499542115636913e-03
8.097751089730070850e-03
8.111082855059903451e-03
8.031695154817414251e-03
7.827837995291436757e-03
7.516194128870390401e-03
7.118831902022393354e-03
6.920091400757860667e-03
6.790225460049426065e-03
6.590093362103061070e-03
6.357862229791372277e-03
6.082615152323195273e-03
5.782441517781705675e-03
5.479204414937460799e-03
5.149446765990384201e-03
5.346575594379038288e-03
5.503834616469222007e-03
5.602790997371015491e-03
5.626043293408156121e-03
5.640226398138881159e-03
5.636834005277008286e-03
5.512271192707696166e-03
5.530662036491607036e-03
5.443906311841467671e-03
5.331953946181244852e-03
5.164474824038312040e-03
5.094336142801664247e-03
5.333403180701579149e-03
5.631833775629507821e-03
5.908190231771914824e-03
6.134092453813605461e-03
6.303275291071830377e-03
6.419394335919953454e-03
6.486602529655549620e-03
6.504287028517241609e-03
6.436660115225700807e-03
6.353259037458425240e-03
6.229502266508951669e-03
6.077792496209960538e-03
5.880481397614184536e-03
5.877783581427292736e-03
5.859460295277368891e-03
5.782512493193031622e-03
5.649308910002703854e-03
5.479881466448482952e-03
5.272877655071311898e-03
5.028779716599235394e-03
4.781599113056866912e-03
4.515780547778819320e-03
4.250470521076771258e-03
3.994594094331921363e-03
3.749814608597856758e-03
3.929269966584575391e-03
4.125077771195279075e-03
4.332459865565407853e-03
4.611789403654087405e-03
4.824932521931751817e-03
4.979887525398518644e-03
5.063337631196762612e-03
5.071787656831694413e-03
4.966989834101570578e-03
4.823215380846401779e-03
4.669923708924578198e-03
4.489237916412869289e-03
4.291176033321242311e-03
4.336484740055657205e-03
4.445732229604454355e-03
4.545741771822570110e-03
4.632940496977544509e-03
4.721291113161357744e-03
4.791777592675516839e-03
4.855552370478327662e-03
4.920988884813903841e-03
4.988598581902981000e-03
5.042176266874531798e-03
5.088451182014674945e-03
5.139732741413771677e-03
5.145312787150302380e-03
5.099245451131911855e-03
5.028216781306632521e-03
4.918745672033875138e-03
4.762029154843194778e-03
4.589890865228457573e-03
4.422981283754567894e-03
4.316486142873110499e-03
4.192472769098926078e-03
4.049946418179933838e-03
3.896018332418510477e-03
3.738444438256133262e-03
3.577358033366645484e-03
3.417503471096677847e-03
3.504788712607981305e-03
3.664906340039408850e-03
3.786412079298501210e-03
3.861607047777659840e-03
3.898373914856617661e-03
3.890759809028115912e-03
3.833183450900085054e-03
3.725290935352010280e-03
3.615998434881112500e-03
3.533480712384989841e-03
3.438676720165734224e-03
3.356419591228287924e-03
3.282295116875111329e-03
3.328400147123489194e-03
3.516617481705480719e-03
3.706452586888897560e-03
3.897075647867176418e-03
4.066764300269087862e-03
4.228555601633016137e-03
4.366858907792620093e-03
4.467799501021163522e-03
4.548794850894627428e-03
4.600634788496177352e-03
4.606340967893918226e-03
4.587745472540011304e-03
4.544271466816629523e-03
4.464075806192374651e-03
4.340298855106033971e-03
4.209833264077450510e-03
4.111543522532151718e-03
4.084804911682976547e-03
4.039306692826538647e-03
3.953231748006186264e-03
3.838653549847081958e-03
3.706925407956890295e-03
3.561797861253546138e-03
3.404095979338800371e-03
3.239973328018896925e-03
3.069254657843439871e-03
2.899791824809788698e-03
2.737011135648753646e-03
2.663566730226829549e-03
2.760396570524598081e-03
2.860354948532733976e-03
2.930868353254234560e-03
3.095050660616688321e-03
3.246742714267364383e-03
3.366122708617469428e-03
3.452962802130088438e-03
3.507080098813536440e-03
3.505531637272851775e-03
3.444997885366812840e-03
3.363695797847704450e-03
3.271192426178876067e-03
3.174090380813898715e-03
3.238439467939446814e-03
3.315133389616975457e-03
3.389671731933746601e-03
3.452459269868535241e-03
3.499487775010218238e-03
3.540041719323594460e-03
3.576966877593901195e-03
3.597251859824429632e-03
3.600790980856777290e-03
3.613600543410533383e-03
3.630631730709987792e-03
3.652432122158350003e-03
3.671173962349338904e-03
3.667181941698932635e-03
3.636873736937662471e-03
3.587306682131530255e-03
3.518429419353097387e-03
3.436601880449530189e-03
3.345129964340970430e-03
3.247658583237111873e-03
3.162138909429706990e-03
3.077365644207435968e-03
2.985444290342587070e-03
2.887366524790963007e-03
2.781386073481412202e-03
2.678283815541082635e-03
2.572659806751004252e-03
2.471461504430866318e-03
2.416220316665440571e-03
2.546959002618504053e-03
2.656794071992873985e-03
2.739613145960079210e-03
2.789517857927914513e-03
2.821148447933741199e-03
2.825593673439402709e-03
2.798111126954050398e-03
2.766108761190960719e-03
2.738869865305776363e-03
2.695590494710076168e-03
2.602080226843106470e-03
2.519774692709780828e-03
2.442720360848082972e-03
2.456677395865247693e-03
2.583947025823873922e-03
2.715854072574352962e-03
2.847795628719174132e-03
2.972612523786694050e-03
3.082419434847744055e-03
3.190722242954247001e-03
3.286108434708029380e-03
3.371332808345089971e-03
3.442550354957718550e-03
3.498447106797059059e-03
3.528638473147605037e-03
3.544023398534074110e-03
3.536130744579146779e-03
3.485218568491849078e-03
3.404892875911724737e-03
3.307371902368683170e-03
3.179662499749075222e-03
3.100636953307284172e-03
3.073936807187149789e-03
3.027536381175338631e-03
2.964271640463422841e-03
2.888001171592213812e-03
2.793476883428791524e-03
2.694006121185837932e-03
2.588043651193111527e-03
2.473600564890238163e-03
2.355903425409588969e-03
2.240580165025152226e-03
2.122287797179406299e-03
2.011349170655540863e-03
2.061866567321157806e-03
2.119313246611048696e-03
2.171860694041460871e-03
2.254923364052280332e-03
2.383703923312663342e-03
2.500556209541815456e-03
2.596654048538205029e-03
2.669450290153835281e-03
2.706790943167530772e-03
2.707677410387854255e-03
2.677649664734549351e-03
2.619310796667800867e-03
2.562393879995100709e-03
2.485448626976305420e-03
2.489353984785974694e-03
2.554099612667559693e-03
2.608368233665225855e-03
2.656429410694688409e-03
2.720069876967184941e-03
2.772121860669690685e-03
2.811614574935422661e-03
2.843848345292915303e-03
2.872392651852379020e-03
2.890082228668128250e-03
2.894231267456387480e-03
2.885963086352416607e-03
2.915504915116023943e-03
2.942076827492756674e-03
2.956490327643668259e-03
2.950003327981232104e-03
2.920987819016757081e-03
2.891216884280484178e-03
2.839759895296611880e-03
2.779851217346113179e-03
2.715261157211601439e-03
2.643020421160935385e-03
2.559391276371281165e-03
2.462210663526781529e-03
2.397898142770749086e-03
2.329297893963605537e-03
2.261619489633964752e-03
2.190950867704433147e-03
2.119452462000154247e-03
2.040722579423281946e-03
1.965154332141894056e-03
1.888579198407985826e-03
1.968054578707079116e-03
2.040925116985226051e-03
2.102644272442499851e-03
2.147555381266930130e-03
2.167633303073707163e-03
2.175038059764489162e-03
2.173166964754003061e-03
2.164913980984950470e-03
2.189462239109762898e-03
2.193148533363609154e-03
2.178255671841211605e-03
2.140222605910874210e-03
2.089973469323325173e-03
2.035423209634484865e-03
1.981794170182737957e-03
2.066914746185283258e-03
2.166680540319321224e-03
2.262397405518978832e-03
2.350964269538596829e-03
2.435698682143411231e-03
2.516359532195311388e-03
2.584804360493853093e-03
2.638676784587651314e-03
2.684906691169247628e-03
2.720195587214452315e-03
2.733556773705569931e-03
2.757844826371536051e-03
2.771654905120157775e-03
2.770756574459382060e-03
2.760965214667343570e-03
2.723569199593850465e-03
2.676402148451800800e-03
2.607787453765775254e-03
2.547664561667495331e-03
2.493547724255668063e-03
2.463140160694099468e-03
2.422975089817924754e-03
2.373869757083896248e-03
2.314114949078460715e-03
2.250854362878390580e-03
2.178194539668193430e-03
2.105875054409594993e-03
2.029768885803556744e-03
1.950877861785688117e-03
1.873036226175600616e-03
1.792611778801911360e-03
1.715376477332136718e-03
1.642420977635283830e-03
1.591600546017035711e-03
1.663646142968600028e-03
1.729442350518584082e-03
1.808071625167689822e-03
1.893828407820125070e-03
1.966396791591357163e-03
2.027639993136071128e-03
2.072402371500775553e-03
2.097749729757292236e-03
2.109589030559078093e-03
2.097768607585703826e-03
2.066883460056456734e-03
2.014088497175103853e-03
1.943410755044061577e-03
1.868277077142821430e-03
1.818559497205135544e-03
1.883467161179069871e-03
1.964585785467182211e-03
2.041298569801841545e-03
2.114605975568090157e-03
2.177419945537023560e-03
2.233468792022796912e-03
2.282346300170989828e-03
2.330220145642242224e-03
2.365206922310569837e-03
2.391142942515439573e-03
2.407877234309713232e-03
2.433708191808048316e-03
2.464586109804212111e-03
2.490427852575055612e-03
2.502522256991018823e-03
2.501233415276221672e-03
2.483163718079856030e-03
2.442386414443886711e-03
2.395922031256103590e-03
2.329586346374590278e-03
2.254428330425911620e-03
2.179201955691684178e-03
2.113329650431511331e-03
2.074330077691477481e-03
2.030233731808384068e-03
1.982106490102775176e-03
1.926742250274005031e-03
1.866379828937947405e-03
1.802848111621541127e-03
1.739526218066361762e-03
1.673441743711534535e-03
1.609652130793393088e-03
1.545439923805652649e-03
1.481593903184696970e-03
1.493262631071662350e-03
1.537295815665917775e-03
1.578603848085780026e-03
1.608011790092372939e-03
1.641403955150333438e-03
1.709551774161821580e-03
1.761683102688094138e-03
1.805057052761349645e-03
1.833131685748862205e-03
1.852749016933996629e-03
1.848926552528079581e-03
1.833275334159251146e-03
1.793975273404441184e-03
1.742582898628747268e-03
1.693691040770800571e-03
1.724654688146004533e-03
1.783515839289151472e-03
1.846547461044539817e-03
1.915019681358515191e-03
1.976647835445183299e-03
2.032165965862448020e-03
2.078535906847478465e-03
2.114948806472838339e-03
2.151649170747754747e-03
2.179532612667928193e-03
2.199916467983870083e-03
2.213577417738449293e-03
2.215708648640041245e-03
2.216808538669123863e-03
2.235320497617515612e-03
2.238379239632687367e-03
2.238400523876443726e-03
2.221540203368094213e-03
2.194613077518142719e-03
2.158566133110856322e-03
2.118382204033902871e-03
2.075819033697495763e-03
2.028617872384008702e-03
1.962574652168175282e-03
1.896549009002823638e-03
1.856590189485252118e-03
1.812819367899676237e-03
1.769688068845060025e-03
1.724811100403345066e-03
1.674704295536150189e-03
1.622852625323800702e-03
1.569089809361379206e-03
1.518130354302232865e-03
1.466975407057369285e-03
1.411132930520225814e-03
1.355154691286025725e-03
1.338504839592441487e-03
1.383890909097573729e-03
1.420040971772534855e-03
1.446190221092241712e-03
1.462376525497077751e-03
1.507591423887844062e-03
1.556705328758511975e-03
1.593717616049566965e-03
1.629186233553014951e-03
1.644386029118066750e-03
1.645115277508685248e-03
1.636246730290225049e-03
1.610576730470880680e-03
1.569852945992378235e-03
1.517204401807803471e-03
1.542027798625361656e-03
1.604063233893782137e-03
1.672474347977709330e-03
1.734874230277461127e-03
1.793446206171500634e-03
1.849377293656973009e-03
1.896636080555624826e-03
1.936018166469155588e-03
1.969143697863662279e-03
2.000033863019862190e-03
2.023979037332285236e-03
2.042339303189116828e-03
2.054044792584502899e-03
2.050689522489435035e-03
2.057662709191027117e-03
2.065572336454046809e-03
2.057689764574571756e-03
2.044917403970114567e-03
2.021703485321574290e-03
1.990258285880341926e-03
1.955690016616190574e-03
1.912513475493066162e-03
1.863730020858211933e-03
1.805198559848619766e-03
1.772175352062144160e-03
1.738232564759106813e-03
1.703191731161568523e-03
1.659773897773081375e-03
1.613166679394623104e-03
1.565871432684246001e-03
1.519370885985915631e-03
1.467828618090666337e-03
1.416936669389884385e-03
1.369408758152584893e-03
1.321239809451701941e-03
1.270630227673430479e-03
1.222530479239342105e-03
1.176351796261992932e-03
1.220572362652383447e-03
1.256285374764215534e-03
1.318597730027876169e-03
1.373374285064038469e-03
1.422948533943146909e-03
1.460852420673730556e-03
1.492753003702024239e-03
1.516591889249546687e-03
1.524802323292606676e-03
1.530040641053054262e-03
1.517013734761735178e-03
1.491242049642238499e-03
1.449655267112354151e-03
1.395444229388115298e-03
1.388167934281758775e-03
1.448681029779436136e-03
1.506908972796677793e-03
1.564385376780802472e-03
1.620534588928218556e-03
1.670123872158535416e-03
1.718601103244926653e-03
1.757216362346242233e-03
1.794445802037220039e-03
1.824285241476680808e-03
1.852494457545095230e-03
1.874068585235061368e-03
1.891981111149826367e-03
1.901474205593833844e-03
1.905076589894222350e-03
1.927063384078969710e-03
1.931983414787369346e-03
1.922543743212101752e-03
1.912717366221533544e-03
1.889966878755977575e-03
1.858757373448011174e-03
1.817922449558001530e-03
1.777512510597711870e-03
1.733178795446682630e-03
1.680633734184866501e-03
1.627999083812670111e-03
1.599986846454154454e-03
1.571698824339939904e-03
1.537908930020731590e-03
1.500363178516650464e-03
1.462288119903343286e-03
1.418855069754476617e-03
1.375362798696405653e-03
1.331180838637258113e-03
1.291074830305827259e-03
1.247301251925680976e-03
1.204310009644271595e-03
1.159365220682939679e-03
1.115083648907166936e-03
1.073339482874663409e-03
1.096434391614609094e-03
1.116561482137679029e-03
1.168689954370916162e-03
1.214739242985402035e-03
1.259010061703202954e-03
1.295937477558489759e-03
1.324229503657181617e-03
1.349397314177686047e-03
1.364835999401375899e-03
1.367690626914802587e-03
1.360191463087967456e-03
1.345726384372275541e-03
1.314897612690130169e-03
1.309797813858343263e-03
1.353558350019185008e-03
1.398930532305803220e-03
1.448960028202134209e-03
1.499504315879307548e-03
1.543950784050146519e-03
1.582739892051404640e-03
1.619080759688168447e-03
1.649718016636797513e-03
1.676629917552602267e-03
1.697773217959441805e-03
1.714145202456690553e-03
1.727129809849153874e-03
1.736453586000163973e-03
1.741031813222743141e-03
1.735416145266344135e-03
1.738387222150028499e-03
1.737975527503043960e-03
1.732132778366535231e-03
1.720065166455536643e-03
1.704004988622970229e-03
1.684212017222963542e-03
1.661635158289792580e-03
1.633047768108686348e-03
1.596442438861978008e-03
1.557508384339045815e-03
1.515914952418512263e-03
1.477032214382723030e-03
1.435760859373413911e-03
1.397410572758078784e-03
1.365611400610700077e-03
1.334455757851543689e-03
1.300464775178283849e-03
1.265697929453357684e-03
1.229269176658970286e-03
1.194229416548259204e-03
1.159196486120783742e-03
1.126012412879934255e-03
1.089891113513652421e-03
1.055952917852459594e-03
1.020192157020455292e-03
1.036802115087165355e-03
1.062303593397512236e-03
1.086602161210786788e-03
1.105419227189929909e-03
1.132273878413275758e-03
1.161058649112672869e-03
1.187557034657837907e-03
1.205715910068627661e-03
1.220286911618573278e-03
1.225199836868418046e-03
1.218088207260714650e-03
1.203219083361684039e-03
1.183520118256287113e-03
1.152975370017794710e-03
1.184944371788371198e-03
1.242447017704789713e-03
1.299391279161205004e-03
1.354603016096661561e-03
1.405214045963110170e-03
1.454296515435132831e-03
1.496124803761211819e-03
1.534439519440183863e-03
1.570133985377863972e-03
1.601657465332556596e-03
1.625598629286961749e-03
1.643034256851694241e-03
1.657398852282609969e-03
1.663094207573212469e-03
1.663651657878822965e-03
1.653090117028854777e-03
1.643042158086777116e-03
1.633929990459165316e-03
1.622530112397352342e-03
1.603370892856142982e-03
1.585243218145127031e-03
1.557524046288089048e-03
1.528705706917460327e-03
1.497768685326889004e-03
1.466042273687878650e-03
1.431211493338524487e-03
1.405422893426350184e-03
1.380230070002624876e-03
1.352177211191935013e-03
1.323622241866967419e-03
1.292381298866995820e-03
1.259880250384731726e-03
1.226875632463819699e-03
1.192341593389545373e-03
1.157105413786829740e-03
1.121401103847452507e-03
1.085921561883224085e-03
1.052593617608177379e-03
1.019105012850601844e-03
9.867434314068668222e-04
9.548992119652599531e-04
9.360502247778568208e-04
9.516840352165878425e-04
9.986448949935722297e-04
1.040584132380367732e-03
1.082610562867625248e-03
1.115399774915676323e-03
1.140703575699286709e-03
1.157472537131692958e-03
1.170385197654555398e-03
1.172475130078010075e-03
1.172332657257996180e-03
1.164086183965268306e-03
1.144995899423822960e-03
1.116096161643265194e-03
1.085956583822961230e-03
1.110511597315927412e-03
1.159732828604848054e-03
1.204078020920484882e-03
1.246747425679206600e-03
1.285916722256003064e-03
1.323217172563506683e-03
1.359781487242056608e-03
1.394191210949524695e-03
1.423605015926115991e-03
1.452012637809502182e-03
1.476900887101117998e-03
1.499250123259771028e-03
1.519615145153335733e-03
1.538745257477602824e-03
1.552520900346576749e-03
1.563190171220696367e-03
1.587191919409564056e-03
1.603200259346959644e-03
1.613674452912633450e-03
1.611976017906358027e-03
1.606742526585963615e-03
1.595203519240556700e-03
1.574064118710194471e-03
1.545303758934968297e-03
1.509584542449121658e-03
1.469527264448600157e-03
1.424805782445359714e-03
1.370887035304302337e-03
1.323592217072122601e-03
1.296457608673917683e-03
1.274082715148006084e-03
1.247997997933070202e-03
1.216573784884183995e-03
1.183846372266150748e-03
1.148039717965204654e-03
1.112734937194104212e-03
1.078433212643226113e-03
1.041649610000916493e-03
1.004694723156701608e-03
9.669384267277925105e-04
9.315083908679466784e-04
8.956182888625319194e-04
8.607522341027296076e-04
8.485200891181488014e-04
8.878455823629061161e-04
9.384655222213489356e-04
9.860168049730111406e-04
1.030439414460959657e-03
1.071979710959902743e-03
1.107191733314027982e-03
1.139403996528204344e-03
1.162074286728653760e-03
1.179110238192226934e-03
1.187098737235797730e-03
1.184122775630847002e-03
1.169517764609606658e-03
1.149599978302218162e-03
1.118765301031027226e-03
1.096716169316891420e-03
1.139401188990196712e-03
1.181378985903397405e-03
1.219851547638040046e-03
1.258377790402637197e-03
1.290890025444052513e-03
1.322462829285553365e-03
1.349339816063943598e-03
1.375393612284836475e-03
1.399656807912569301e-03
1.421201416342832147e-03
1.440187997982317336e-03
1.456065629500902237e-03
1.469642879546678715e-03
1.479309526038141698e-03
1.480694874825744245e-03
1.490317254554257564e-03
1.504387099435650077e-03
1.509174900924059592e-03
1.509776735758278088e-03
1.505802346696061278e-03
1.495748660773593697e-03
1.478886302440390876e-03
1.455661810212088847e-03
1.433460955649223934e-03
1.399066417934191620e-03
1.361283387665140898e-03
1.324046035704740110e-03
1.281897271746101907e-03
1.237655140375965024e-03
1.192814289757815338e-03
1.173687772859116629e-03
1.152601661675023426e-03
1.130841410331651087e-03
1.103515318910619492e-03
1.073451268864739072e-03
1.041638634338176717e-03
1.008905475852556188e-03
9.733639993990128580e-04
9.384370421566257114e-04
9.039703529816478511e-04
8.682572608507965750e-04
8.329613202736896316e-04
7.982468997116687337e-04
7.820382548992532712e-04
8.124144985353909387e-04
8.588485619310526342e-04
9.014900344647691632e-04
9.446261414641776710e-04
9.811039882748062713e-04
1.013967147900002308e-03
1.049544460293261317e-03
1.075593229262317152e-03
1.092421038892343876e-03
1.104815502853823128e-03
1.107879595237282189e-03
1.101795811528361035e-03
1.084977632537120762e-03
1.057136411026726730e-03
1.068519098720743798e-03
1.099389072284961966e-03
1.135997340440370040e-03
1.170333887073743417e-03
1.204707561654694281e-03
1.231073740472710121e-03
1.256471690742000380e-03
1.275701759261477219e-03
1.297519228908000644e-03
1.318974713181736425e-03
1.335794286360575400e-03
1.350896349014918396e-03
1.362980877957192805e-03
1.370443983480046368e-03
1.376705031078173658e-03
1.373613469171808266e-03
1.369613390342111492e-03
1.376893045299726337e-03
1.387757225632918479e-03
1.392746954552021021e-03
1.395070996290548315e-03
1.394928713169429901e-03
1.387319525712832347e-03
1.373457571240577213e-03
1.353845613890763966e-03
1.329375306275693003e-03
1.302664419972981991e-03
1.271062846615128583e-03
1.237972473794063388e-03
1.203349802127745560e-03
1.166013001952459494e-03
1.126138202388660137e-03
1.089024464274390702e-03
1.068881053950282434e-03
1.046102800791037790e-03
1.021966929281442615e-03
9.982369811570579454e-04
9.710325233604488737e-04
9.430160781015994864e-04
9.133935393445535844e-04
8.835471559408836217e-04
8.532971133324573909e-04
8.236723964109016194e-04
7.944187547173908737e-04
7.667568071908492655e-04
7.400558069108886805e-04
7.567185535725939882e-04
7.935129245415784016e-04
8.296676027632898798e-04
8.626740060172777280e-04
8.931488295438327896e-04
9.215598442345318553e-04
9.464432673619016523e-04
9.650917753437349145e-04
9.821438616456901194e-04
9.938003967092934321e-04
9.970977096189770350e-04
9.948891354618627503e-04
9.825034458685322214e-04
9.658035403425080379e-04
9.688445302693249328e-04
1.004687870620774026e-03
1.046392743899754452e-03
1.082853781432469020e-03
1.118044316881533495e-03
1.150718892318491893e-03
1.179319484982316313e-03
1.208262844958701843e-03
1.232690245023898568e-03
1.251768090268973177e-03
1.268782256643591344e-03
1.284050774893186198e-03
1.296905743108894837e-03
1.309397682133367491e-03
1.320303488526880509e-03
1.324815868764789295e-03
1.323350234017917071e-03
1.318108335209816628e-03
1.310650853541955874e-03
1.310560585465025962e-03
1.308863501160412168e-03
1.308480852753146628e-03
1.299520433588025048e-03
1.286433956361660025e-03
1.270238302824799881e-03
1.251290754319539511e-03
1.228677124425037182e-03
1.206913648471447109e-03
1.182541412117571467e-03
1.152782748855302186e-03
1.123899968922648096e-03
1.089097185503623555e-03
1.057082018316529703e-03
1.024437760463819957e-03
9.981008764726462257e-04
9.756102512047670761e-04
9.539226759152918955e-04
9.304479468889292892e-04
9.067312574853603202e-04
8.812096020003601371e-04
8.560471126392854568e-04
8.310393846036046028e-04
8.067142134935978426e-04
7.809420292320123913e-04
