# game: kuhn_poker 
# eval_every: 1 
# num_iterations: 1000 
# num_players: 2 
# bootstrap: False 
# truncate_negative: False 
# buffer_size: -1 
# num_hidden_layers: 3 
# num_hidden_units: 6 
# num_hidden_factors: 0 
# use_skip_connections: True 
# num_epochs: 200 
# batch_size: 1000 
# step_size: 0.01 
# 
3.750000000000000000e-01
1.770833333333333148e-01
1.111111111111111049e-01
9.123520278869359790e-02
7.617262390184803555e-02
6.644661063849344185e-02
5.993376315810183819e-02
5.816799894947560778e-02
5.512279361085395402e-02
5.476346090259798238e-02
4.665099706730518880e-02
4.420827683205832970e-02
3.906670592364594463e-02
4.235357795479671728e-02
4.246112442897984063e-02
4.260304068662532084e-02
4.165730650806864777e-02
3.702819686932873333e-02
3.597386272450558975e-02
3.634026124263048385e-02
3.326762785384698717e-02
2.827897054558750622e-02
2.474944363231335043e-02
2.502879582283862314e-02
2.424155715280582046e-02
2.456907416716913595e-02
2.309488973546017232e-02
2.405769769243970568e-02
2.411058363149470862e-02
2.348687758214357268e-02
2.188089255605393801e-02
1.957229598244458746e-02
1.910544476780690060e-02
2.089095959856029916e-02
2.233538695798617524e-02
2.346548912754692351e-02
2.464612521788575594e-02
2.619052543290609214e-02
2.730917873163032916e-02
2.841422431921228342e-02
2.911790290660004610e-02
2.958662203066916851e-02
2.793760569076642053e-02
2.636979925711921413e-02
2.491152583875605453e-02
2.456849081607720420e-02
2.384761718637681827e-02
2.213618846124060235e-02
2.060749548441531687e-02
2.023371691555908569e-02
2.102063259135292239e-02
2.141992708429926728e-02
2.157970880183676665e-02
2.161096997703040867e-02
2.138328371310607712e-02
2.082636769363066520e-02
2.000726439562575121e-02
1.844324209536260528e-02
1.659415571439407100e-02
1.531973577104875361e-02
1.593477670082862896e-02
1.659875895244133925e-02
1.734294271861322456e-02
1.813021201974551744e-02
1.900520157326895943e-02
1.997176422477445201e-02
2.146415726548769887e-02
2.282794994321912796e-02
2.400781100999127560e-02
2.462991286328797269e-02
2.483687199627013231e-02
2.472302562936612436e-02
2.515016001061662343e-02
2.550806081256665192e-02
2.559437811402853757e-02
2.589245230527503772e-02
2.602533542195015204e-02
2.595931464676712319e-02
2.563940855489876824e-02
2.530225533583699282e-02
2.536897685522201962e-02
2.492763248556315037e-02
2.424216839939502544e-02
2.351551740153146053e-02
2.297176195021582989e-02
2.319381382332208474e-02
2.316938440723748105e-02
2.281728041745870184e-02
2.221131811091234254e-02
2.133194525509027328e-02
2.037608293141426885e-02
1.936460888079483134e-02
1.874067612360785784e-02
1.942783205133286062e-02
2.001758219816601736e-02
2.052936746347827635e-02
2.096318770448896140e-02
2.123818162333643289e-02
2.131592189807551829e-02
2.117664940503655169e-02
2.094738393396453069e-02
2.056034097565542784e-02
2.001884568196982128e-02
1.976740695528197977e-02
1.936571355642480174e-02
1.929504905347620425e-02
1.944922523322173413e-02
1.955435193585158826e-02
1.960568265323875403e-02
1.959950036258537032e-02
1.953128404669662865e-02
1.936569644697117010e-02
1.919431860392006861e-02
1.902594738966606469e-02
1.886050437041547623e-02
1.869791381698773791e-02
1.853810258923418997e-02
1.838100002633330510e-02
1.822653784261710208e-02
1.794008947991224123e-02
1.757195982098985754e-02
1.714639311648094577e-02
1.667835334276390746e-02
1.681357660802787479e-02
1.691049086376689159e-02
1.693554722948065194e-02
1.677010056970903995e-02
1.645345342538026556e-02
1.608751795969176612e-02
1.567662853620713226e-02
1.523075799358308835e-02
1.488617696943919655e-02
1.498699922626700598e-02
1.497306257505612304e-02
1.479321711243219983e-02
1.447324645016132005e-02
1.406069772967757925e-02
1.359573536795649629e-02
1.308644377336815046e-02
1.256243584321445339e-02
1.216823987794896089e-02
1.132499601700770464e-02
1.094079702703243395e-02
1.195119632222235717e-02
1.274768851635410538e-02
1.325026334870613165e-02
1.340327420562756333e-02
1.342716384552086750e-02
1.331829807616874417e-02
1.408279387465224963e-02
1.454202821124531142e-02
1.474122076169739892e-02
1.437567483969243165e-02
1.387179938364135889e-02
1.390944790401779652e-02
1.394897297691580218e-02
1.384779666139426824e-02
1.364370838798462104e-02
1.342854130864667983e-02
1.318282317694202677e-02
1.286094222769443296e-02
1.250389589634931520e-02
1.211167173088636972e-02
1.168252897532845447e-02
1.122319336806282264e-02
1.074340529776032782e-02
1.050028576591013896e-02
1.045942712032280064e-02
1.039194685657493511e-02
1.029422803182378221e-02
1.030011421391768822e-02
1.062907221239117739e-02
1.092103863074792014e-02
1.122890450884062030e-02
1.157715653651733567e-02
1.189683308178821064e-02
1.218865225565937682e-02
1.245700550443962218e-02
1.269443635581257723e-02
1.290011017831688145e-02
1.306987893699382286e-02
1.320352552741668739e-02
1.328389388076259281e-02
1.332601377354225569e-02
1.331295078108352126e-02
1.324137577638342944e-02
1.317056627976034844e-02
1.310051007565968262e-02
1.303119520705739443e-02
1.296260996865589155e-02
1.289474290029490877e-02
1.282758278056744805e-02
1.276111862063461500e-02
1.269533965823155253e-02
1.263023535185764379e-02
1.254502120291633993e-02
1.241651842990287857e-02
1.214642184151398796e-02
1.182308808797974398e-02
1.145235532031138592e-02
1.102859178147874708e-02
1.088144221644346543e-02
1.078099079960082030e-02
1.067349894550656542e-02
1.076691538498802947e-02
1.067762580098979841e-02
1.042164583119470356e-02
1.009723130317735640e-02
9.700510032281201012e-03
9.479067378557443080e-03
9.421412677281554293e-03
9.503457558181604981e-03
9.701301959574581968e-03
9.842198450755956785e-03
9.948622589836420005e-03
1.002636499028489170e-02
1.006035222575293875e-02
1.004907726434051130e-02
9.984283762070667034e-03
9.833513938492383089e-03
9.538410395406926590e-03
9.253547226557079508e-03
9.222235035084930255e-03
9.127551013923790313e-03
8.992750023083334598e-03
8.816729777394727297e-03
8.599879098118767828e-03
8.339964475119199250e-03
8.177224412281774990e-03
8.564118193564063120e-03
8.885545390085097806e-03
9.122636453107429988e-03
9.292253899666036432e-03
9.407991967124662569e-03
9.477315865586533050e-03
9.500505180448592935e-03
9.473818448100107537e-03
9.320971370171599046e-03
9.303455556065126641e-03
9.336879643441792220e-03
9.369637577274048112e-03
9.123224281116781853e-03
8.645628097641661070e-03
8.262484671531289404e-03
8.284393847528298549e-03
8.607407792367627319e-03
8.900094829782073669e-03
9.074341989121492702e-03
9.181483863256900690e-03
9.215447133950532832e-03
9.181626016792732159e-03
9.058970153808326708e-03
8.832303628864696110e-03
8.536625370934636248e-03
8.218411768314032306e-03
7.881607434613385754e-03
8.103595166640442660e-03
8.316283131680063390e-03
8.473508420315745138e-03
8.602464644259233406e-03
8.682257982947638730e-03
8.743561943956701388e-03
8.763647150654446660e-03
8.750262435452321741e-03
8.693571492214696717e-03
8.597983080502746844e-03
8.591553611198843310e-03
8.561612783226812962e-03
8.482126997619521269e-03
8.360680362197170368e-03
8.221281777776145994e-03
8.300188812884579104e-03
8.428507586915989780e-03
8.530882720744065173e-03
8.622728555471970147e-03
8.699384072155064151e-03
8.766544842135820526e-03
8.820143075298908508e-03
8.846347798956877284e-03
8.824533204548151710e-03
8.758468525281642991e-03
8.653485827181200962e-03
8.511912091728218721e-03
8.358483954585188558e-03
8.190469207180584021e-03
8.114329217752042078e-03
8.214889296743271840e-03
8.297967398374767045e-03
8.369030048153841550e-03
8.426036405137032892e-03
8.462908519808187702e-03
8.476807194921193167e-03
8.443366497909693402e-03
8.349082010670444420e-03
8.231391002899907106e-03
8.081030407060096898e-03
7.908147776007845575e-03
7.715894153694780044e-03
7.499614679427862862e-03
7.268221216495174275e-03
7.019514187729641863e-03
6.760042402730620514e-03
6.477809126965383690e-03
6.616830425016678729e-03
6.771204011130405043e-03
6.799213900300221658e-03
6.749739884598648931e-03
6.725451541749444262e-03
6.690812370407556164e-03
6.603791404591219383e-03
6.486264874231151278e-03
6.318476920838006494e-03
6.100779960033886340e-03
6.023483046109473493e-03
6.215397724762872222e-03
6.332455259339397902e-03
6.391151412472206861e-03
6.394905955609875292e-03
6.360672344977641446e-03
6.292078804310902163e-03
6.175002301643417457e-03
6.174640140536091781e-03
6.338508118163527216e-03
6.342117848506689803e-03
6.254715996162785174e-03
6.525652006336951638e-03
7.024688071183254889e-03
7.405647578154345156e-03
7.644338134481426517e-03
7.748956100726428486e-03
7.687338403344706750e-03
7.542955578636961755e-03
7.578146115802181226e-03
7.786188611503042090e-03
7.898569481381817470e-03
7.911481035835943310e-03
7.820590805940413892e-03
7.626542376561101788e-03
7.358594725489386867e-03
7.245527191988621052e-03
7.146819887396294035e-03
7.151755033903223202e-03
7.212753590147003013e-03
7.262417398186699069e-03
7.284157380399891579e-03
7.287412795587339120e-03
7.262924295437012123e-03
7.213666039172589306e-03
7.133548232539060896e-03
7.028468355930517220e-03
6.879878867011635091e-03
6.726043937412579110e-03
6.545752947973937363e-03
6.346702380981894542e-03
6.130985795069210376e-03
5.906845935516352730e-03
5.662976321153034842e-03
5.411963940061464973e-03
5.284103905543430235e-03
5.240539961356482923e-03
5.193865178796580606e-03
5.139196268679507851e-03
5.094044054744062411e-03
5.213295500856085507e-03
5.321378110199503908e-03
5.388922946988172757e-03
5.444824610918663765e-03
5.475276753876046065e-03
5.516951620156196334e-03
5.646996841293633329e-03
5.755368125304999305e-03
5.840862075663783015e-03
5.897529548316876591e-03
5.937398009971034396e-03
5.971742897343895740e-03
5.983392426554240418e-03
5.975922958522172923e-03
5.955281600585338175e-03
5.905265259083802842e-03
5.829801289040648093e-03
5.721633115841201489e-03
5.604487731826979235e-03
5.483682713677329179e-03
5.564309322238475408e-03
5.654561689319548279e-03
5.741504264878904973e-03
5.823989206503787930e-03
5.901345616186243204e-03
5.975627737584005006e-03
6.128165803442109372e-03
6.273592607670547272e-03
6.405537545458112048e-03
6.526825131316166262e-03
6.636594428552439195e-03
6.733424685358591066e-03
6.819856620014413950e-03
6.891115689080573592e-03
6.943726195708044280e-03
6.987077955131926199e-03
7.007518404266360745e-03
6.993292804496231696e-03
6.925712257856042608e-03
6.832644075194183042e-03
6.719575478463302165e-03
6.582512345595897818e-03
6.429455384071719459e-03
6.261687745656219217e-03
6.078348940135314127e-03
5.880201018896108467e-03
5.741309737397032320e-03
5.720191211062652936e-03
5.689879519821416931e-03
5.788677374521544738e-03
5.928132768534599695e-03
6.046869352920675178e-03
6.143682451359849805e-03
6.223110601015879872e-03
6.290952037782265860e-03
6.331908074291819899e-03
6.351399828178366791e-03
6.359108649925698797e-03
6.301408049309509263e-03
6.158735525535613542e-03
5.949022001633080814e-03
5.691423313096521941e-03
5.420206493181339846e-03
5.520380741337732600e-03
5.568280644912687594e-03
5.549841536315713864e-03
5.467939048513559275e-03
5.328886277623207102e-03
5.133575744282720121e-03
4.910614006859687075e-03
4.689589499574764453e-03
4.561443015203808793e-03
4.608908554350060749e-03
4.786587435027828130e-03
5.084259406824026550e-03
5.347303586656915186e-03
5.562506090237673284e-03
5.724277276556472005e-03
5.838784105728689333e-03
5.892582499823301179e-03
5.909729431059551619e-03
5.890735333104468729e-03
5.814070369354495948e-03
5.717259637422533736e-03
5.587205487298962936e-03
5.428248104661498319e-03
5.280942835494684129e-03
5.320964497572799878e-03
5.346464597152073006e-03
5.343785360516245531e-03
5.314775554845857508e-03
5.275221358432613528e-03
5.356833970944718804e-03
5.385867661933024797e-03
5.387200719052881448e-03
5.373277072955900957e-03
5.346829302194905376e-03
5.306093515337229061e-03
5.251689575942464216e-03
5.184152539622371991e-03
5.104919871483870608e-03
5.016352812989760546e-03
4.952886308994236542e-03
4.893492577234398455e-03
4.822731704526239671e-03
4.746959217441198975e-03
4.651387430998049632e-03
4.808180934877226420e-03
4.969381808970579906e-03
5.119765699702294448e-03
5.263371581906400865e-03
5.398639269263733054e-03
5.524876129635980515e-03
5.643108664411061737e-03
5.751534634264726664e-03
5.853064950615965989e-03
5.940625709237479235e-03
6.018016421006799899e-03
6.084081865474322282e-03
6.137386323786880871e-03
6.178229355962266967e-03
6.200583085951061335e-03
6.210137381486735553e-03
6.197385559271795241e-03
6.184685998623568048e-03
6.172038378918942580e-03
6.159442382152241491e-03
6.137192645542577374e-03
6.104926629166645968e-03
6.063979220795323588e-03
6.015018494606116928e-03
5.959378897537032094e-03
5.898086573695365820e-03
5.827889979049954983e-03
5.744229666886202512e-03
5.642911617265516933e-03
5.531282021118216763e-03
5.409546531962877713e-03
5.280070563253719262e-03
5.144702062205325221e-03
5.001460981625738267e-03
4.853022448627702934e-03
4.702721347614069458e-03
4.545964990028017461e-03
4.480207721742013316e-03
4.479068846141492921e-03
4.474680210008907810e-03
4.465145584948621016e-03
4.450879673589258623e-03
4.450846849156753215e-03
4.513418927630102884e-03
4.566270084806894891e-03
4.610791415039755536e-03
4.664282749583165133e-03
4.692513212853521853e-03
4.720394620866874558e-03
4.753209859242768509e-03
4.787313765856948677e-03
4.821772790698675148e-03
4.859441745975967564e-03
4.898520037216524958e-03
4.937855351166448026e-03
4.976031734764102543e-03
5.014803622036573261e-03
5.055147153318395592e-03
5.083878500250632593e-03
5.085850540401837261e-03
5.071383139243906824e-03
5.039819736501333081e-03
4.992162713196690582e-03
4.930682948674741661e-03
4.850199856322540137e-03
4.758025417771871712e-03
4.649179237365325124e-03
4.527561430762827577e-03
4.390095118933901031e-03
4.240598431819231351e-03
4.079325783730408661e-03
4.208303235349208915e-03
4.323835577988766055e-03
4.427179575418743740e-03
4.518077538093051571e-03
4.597334886849574476e-03
4.662728315509068189e-03
4.717790145639971788e-03
4.753233337107920509e-03
4.763716154133290637e-03
4.753710008017858479e-03
4.727821861241487955e-03
4.680126413259044771e-03
4.574406840063965918e-03
4.514470623772193214e-03
4.440870796675988608e-03
4.335924173370114820e-03
4.201813924273239964e-03
4.046523244528754670e-03
4.049944821029188846e-03
4.124096571611529649e-03
4.164936588895246095e-03
4.177873585354097141e-03
4.258923976174305848e-03
4.378835578313117205e-03
4.456814331491643077e-03
4.502176411887659491e-03
4.529422243015612803e-03
4.538827769728859263e-03
4.530308925459830549e-03
4.503400967092924256e-03
4.458087471564925464e-03
4.391828632979599689e-03
4.304865865287776927e-03
4.196357668983352607e-03
4.055635488238978903e-03
4.084923469701323695e-03
4.189370249013585346e-03
4.284331816595127185e-03
4.370280828769113057e-03
4.451377122870775471e-03
4.517998215460533595e-03
4.571110510495357548e-03
4.611936707475394748e-03
4.645978229038477680e-03
4.665462119029795129e-03
4.679745245116884167e-03
4.681932974810870673e-03
4.667330265842123405e-03
4.640972215974953352e-03
4.602497492516427480e-03
4.552175383495754568e-03
4.487268600278426778e-03
4.460621356487337597e-03
4.437436885773443640e-03
4.405732402076256715e-03
4.367229829361524152e-03
4.428038007116774644e-03
4.487538403424501388e-03
4.544686223440924655e-03
4.594055350994802334e-03
4.630874354209973953e-03
4.656497105273549320e-03
4.671955054492665793e-03
4.677298287713238523e-03
4.673354087949554980e-03
4.661351350008613448e-03
4.641913155661814283e-03
4.613054895209134365e-03
4.576607725761211443e-03
4.529975967736105114e-03
4.474250279805608299e-03
4.449163277744666578e-03
4.510566852896358281e-03
4.562012669702186773e-03
4.610748624899296821e-03
4.653781870180145885e-03
4.691553990765179316e-03
4.725325316972978085e-03
4.752843515206911507e-03
4.776583951663943006e-03
4.798601963681148330e-03
4.804553312777071206e-03
4.793412678256919746e-03
4.765397491361816895e-03
4.726905310652534942e-03
4.669413466818178593e-03
4.604289080131079848e-03
4.526987542932597863e-03
4.440566850152122269e-03
4.346801553039764121e-03
4.239637736120072109e-03
4.119740226264267946e-03
3.985049197610307514e-03
3.838574103599223797e-03
3.686249425246285183e-03
3.527558709746331234e-03
3.535966939029355771e-03
3.541363905807642931e-03
3.524640056948330491e-03
3.487698493356006235e-03
3.434457437321902784e-03
3.393206145556687536e-03
3.380694361099612077e-03
3.354503469918695968e-03
3.362659303710741066e-03
3.426997528687414363e-03
3.479466970685685112e-03
3.516023353216823910e-03
3.534563568478144013e-03
3.537492103455025516e-03
3.525418057022916551e-03
3.509643895423936177e-03
3.565001657474947683e-03
3.598103242426486936e-03
3.579969665146981450e-03
3.514006640660372049e-03
3.407351755600473986e-03
3.265879658766263072e-03
3.097691771190874688e-03
3.041275621172456756e-03
3.124727016857425932e-03
3.175761949266553419e-03
3.323038433830971528e-03
3.456777530946114618e-03
3.558715051313804389e-03
3.625363062979336526e-03
3.654732966027696150e-03
3.642029687089848311e-03
3.729713986366900436e-03
3.893321083216244594e-03
4.050522398096251253e-03
4.153321541060794875e-03
4.234595518938427672e-03
4.295280528498646166e-03
4.328272163634017122e-03
4.328272717459197283e-03
4.303970221252118034e-03
4.270757105824196653e-03
4.253271960201532309e-03
4.294156321128894671e-03
4.324458263116864876e-03
4.345396738292400807e-03
4.357438985861522562e-03
4.353974943760441363e-03
4.335297390985565213e-03
4.307294208853867934e-03
4.272538925029212287e-03
4.231288214842782169e-03
4.184654051170882960e-03
4.132305647786632674e-03
4.074213983010499529e-03
4.012515513146658330e-03
3.947618631525540156e-03
3.877977802185406109e-03
3.805311974739850056e-03
3.729174632707277226e-03
3.649683877501003204e-03
3.569447042908235890e-03
3.485112014481123177e-03
3.399002786479615734e-03
3.311176715188768327e-03
3.319813895517720326e-03
3.344415060547334395e-03
3.366488822486302102e-03
3.385664416030026436e-03
3.432879931779569960e-03
3.461094373659434620e-03
3.490240653254123027e-03
3.513946435501097421e-03
3.534425033215854439e-03
3.549261291207833624e-03
3.588416930588506082e-03
3.593347999247542557e-03
3.592908838602804078e-03
3.587139226937680059e-03
3.576181788560367503e-03
3.559855581839882488e-03
3.538518811491780935e-03
3.512618475831980058e-03
3.480863340110551540e-03
3.463848489124093932e-03
3.447396071151825891e-03
3.431841640998939402e-03
3.418570463740722154e-03
3.407470798646283772e-03
3.397463557666180467e-03
3.386717677818229522e-03
3.378865699748850870e-03
3.371009482381948086e-03
3.367285737472081042e-03
3.364310957525984414e-03
3.362493856301801420e-03
3.361600561626154615e-03
3.361683204167714711e-03
3.362829334240785562e-03
3.365303073273345769e-03
3.369464064420596427e-03
3.375725934890300151e-03
3.384004986092759015e-03
3.391445121556979636e-03
3.400040494038358840e-03
3.409811779136240339e-03
3.420962422354845156e-03
3.433547689884269838e-03
3.446164678443081053e-03
3.460152243305536501e-03
3.472594061549399980e-03
3.486131989637458739e-03
3.507673844391545614e-03
3.565921132553079298e-03
3.621405444108188876e-03
3.676895344135122645e-03
3.726212265460521200e-03
3.765801420189479609e-03
3.798653989906114470e-03
3.824401820385514572e-03
3.841014298166162133e-03
3.851999668135513977e-03
3.856667370890631830e-03
3.855532683716911269e-03
3.844025939322537333e-03
3.826393561476959526e-03
3.802498003339788157e-03
3.772992817447112790e-03
3.733733805138111927e-03
3.687775045921160011e-03
3.633445536223162131e-03
3.570799143509079121e-03
3.546483989379511925e-03
3.579587207729134635e-03
3.602237370868788258e-03
3.617812204247533581e-03
3.626584140270977530e-03
3.629318738605474826e-03
3.621311638522500820e-03
3.604571235477221913e-03
3.651359979414348089e-03
3.717179865775188663e-03
3.777525693018118913e-03
3.833448289921964625e-03
3.849645830917597378e-03
3.831438187449853761e-03
3.783070538932425952e-03
3.713872779509297395e-03
3.622151792225858369e-03
3.514122288036769515e-03
3.454288969813756882e-03
3.539585159070546272e-03
3.599978132896614058e-03
3.633499966713416018e-03
3.639886124317981420e-03
3.622371086210690594e-03
3.581830606253749716e-03
3.509753192982301151e-03
3.411894457523684254e-03
3.291076843944501507e-03
3.175133593073198313e-03
3.110929769084530561e-03
3.173744699523722845e-03
3.217640994421205880e-03
3.240691482371133025e-03
3.247834477959482546e-03
3.240751713041917226e-03
3.206505092273131963e-03
3.161096852820177716e-03
3.149263365468474296e-03
3.209113458442852673e-03
3.264245699413664825e-03
3.297440990906758129e-03
3.323923021489316731e-03
3.333696641888234113e-03
3.334342552652608260e-03
3.321955654481345555e-03
3.297006403502888983e-03
3.266961022453607200e-03
3.227797891961481369e-03
3.178333036693625768e-03
3.115218637415151370e-03
3.045307973853467187e-03
2.967204548256580088e-03
2.972502249388470075e-03
2.985071154105345403e-03
2.990933386443767050e-03
2.986308852847036066e-03
2.983564814569128476e-03
3.066402445366600560e-03
3.140509132462970809e-03
3.203016842337147452e-03
3.256069065039723931e-03
3.304110139660448864e-03
3.352853070331923702e-03
3.392336467036127789e-03
3.429302514557586168e-03
3.461418556928469448e-03
3.487324654001644486e-03
3.509945231495559259e-03
3.527945448504987702e-03
3.539482244772490516e-03
3.548949264212314381e-03
3.551805103636368477e-03
3.503310607619214423e-03
3.444733946929984247e-03
3.378441601408987971e-03
3.308681679204228399e-03
3.232466820445034639e-03
3.157558812641958479e-03
3.113333074587415483e-03
3.166393942956535756e-03
3.257899243195805372e-03
3.346451851453352555e-03
3.431037000280801053e-03
3.511936643033064520e-03
3.589455254594475786e-03
3.661037132481476108e-03
3.730812905985925187e-03
3.795273220555978044e-03
3.856680399789202962e-03
3.912880997674145211e-03
3.964804018845441425e-03
4.011974715803889868e-03
4.052891709108163987e-03
4.087886209299729234e-03
4.115938468043978116e-03
4.137383173079156595e-03
4.151756069980555575e-03
4.155892291584056819e-03
4.143599234267880682e-03
4.124610014598711905e-03
4.101601595932952149e-03
4.075756885925874151e-03
4.047982994153848102e-03
4.016503903594453861e-03
3.983129532806606310e-03
3.947267504248314074e-03
3.908316231697128718e-03
3.861130210881164038e-03
3.807858781036066453e-03
3.748941296548374824e-03
3.684938626660444472e-03
3.616776330282900354e-03
3.544936715704938290e-03
3.469448428610688584e-03
3.389873923026226477e-03
3.307591349284266791e-03
3.223099068225265817e-03
3.136324585857136471e-03
3.046621328230886272e-03
2.955904000531334175e-03
2.864232272083322428e-03
2.770701884298565343e-03
2.715348866115907533e-03
2.713691457974537480e-03
2.708586195450973788e-03
2.703415373394163490e-03
2.696657041589417547e-03
2.720273655472282837e-03
2.777214750049078473e-03
2.866266260320771142e-03
2.956554847291542609e-03
3.039023207776270219e-03
3.117045278628216565e-03
3.185834527974384933e-03
3.245678041048971618e-03
3.297005800121599606e-03
3.336586126177015776e-03
3.364779451714788872e-03
3.384713396289124043e-03
3.393263051084005610e-03
3.391550652871638816e-03
3.384636607932700603e-03
3.374140724877655595e-03
3.358584566399647198e-03
3.336985666841318920e-03
3.308968797969574771e-03
3.276205134411902531e-03
3.284374481280272207e-03
3.300995613223778324e-03
3.309397620964021902e-03
3.311328738892338475e-03
3.305022824959452654e-03
3.290437141744095850e-03
3.268857694269544645e-03
3.241680753746090105e-03
3.207024401564229077e-03
3.168254328493269600e-03
3.122422892223003510e-03
3.070216941058800941e-03
3.011814765351533696e-03
2.947289300956945635e-03
2.985528529284298127e-03
3.088417819499478245e-03
3.183519468506534889e-03
3.267347035454754023e-03
3.343621578049738030e-03
3.408683688504582365e-03
3.467032477856124562e-03
3.515754365944340210e-03
3.554557903361260651e-03
3.580998594451850758e-03
3.594707400935592823e-03
3.585184760059145770e-03
3.549708189118400137e-03
3.498999950292097649e-03
3.430710832196037785e-03
3.338910490014085353e-03
3.236946474408558538e-03
3.122009499751693395e-03
3.054366765072674683e-03
2.990323857889359838e-03
2.917504249829144802e-03
2.875864198638833358e-03
2.940159588085383691e-03
2.996957218635437625e-03
3.046726805132071725e-03
3.093685499650306037e-03
3.131533889280252447e-03
3.164589179622645521e-03
3.194256105369774890e-03
3.210410987961875851e-03
3.230501198020652165e-03
3.236088828041744359e-03
3.238208950061327585e-03
3.235243612468768903e-03
3.274336291103463470e-03
3.369601306896619075e-03
3.401079481552993222e-03
3.424545968476078173e-03
3.439306599436198209e-03
3.446779152780354849e-03
3.446902341986274321e-03
3.439651306551966270e-03
3.423695910683199894e-03
3.400986509575376626e-03
3.369786892223780583e-03
3.329418564556096971e-03
3.320651678937469597e-03
3.427906353462184530e-03
3.520041797093087510e-03
3.600509271139334944e-03
3.661989985360047939e-03
3.716433285349540760e-03
3.764471706370564608e-03
3.806922815018431994e-03
3.841133777203353805e-03
3.869677728719322918e-03
3.891964110368711927e-03
3.906568262795812041e-03
3.918323467319434483e-03
3.921405425388213573e-03
3.922667125525747256e-03
3.915566560281164010e-03
3.901831848136472214e-03
3.880954042166651075e-03
3.853032965611236094e-03
3.814376167517341543e-03
3.767420135627363997e-03
3.718662825219293255e-03
3.683463783001023062e-03
3.682165046435925682e-03
