# game: kuhn_poker 
# eval_every: 1 
# num_iterations: 1000 
# num_players: 2 
# bootstrap: False 
# truncate_negative: False 
# buffer_size: -1 
# num_hidden_layers: 2 
# num_hidden_units: 10 
# num_hidden_factors: 0 
# use_skip_connections: True 
# num_epochs: 200 
# batch_size: 1000 
# step_size: 0.01 
# 
3.312663660778777941e-01
2.108647336402067474e-01
1.683542669300030492e-01
1.420777369215057151e-01
1.459211443662854213e-01
1.326846634695721394e-01
1.287943482754163593e-01
1.160836587075700088e-01
1.066052948421667423e-01
9.656165311388448247e-02
8.609701728025917489e-02
7.720309506517472609e-02
7.206385433795903239e-02
6.979224957920060479e-02
6.432507627335085076e-02
7.026290286812186814e-02
6.700008132315860010e-02
6.511341724333555292e-02
6.439046541811996316e-02
6.264634405274233098e-02
5.900338899753632127e-02
5.535340849731204549e-02
5.418874754397981497e-02
5.262476428603540812e-02
5.051977371412433304e-02
4.785985875419623836e-02
4.516904762076945357e-02
4.342414062622820814e-02
4.042030737714927269e-02
3.703273514964650071e-02
3.334743362184935944e-02
3.304877837444678002e-02
3.509767012496967098e-02
3.626004578813785129e-02
3.608093821675159574e-02
3.467933871312328664e-02
3.452452003413902792e-02
3.408507802215993143e-02
3.281684946800711433e-02
3.087791569760597876e-02
2.860654206650559139e-02
2.798940838693703137e-02
2.683236416084891496e-02
2.572433511602501000e-02
2.514372702894188127e-02
2.588942612071298832e-02
2.601800621260411117e-02
2.559684416333932178e-02
2.659673197632242414e-02
2.711967649416222037e-02
2.689858656929877689e-02
2.591114049088930060e-02
2.480154027338746237e-02
2.357302051584828084e-02
2.346685925580579979e-02
2.360526613643473826e-02
2.361121958189074665e-02
2.340164563326735392e-02
2.300500756765638810e-02
2.240453696552902052e-02
2.161520195628213736e-02
2.094843750087987955e-02
2.087156432637690684e-02
2.018805682828822556e-02
1.926427338743288975e-02
1.810159157775639849e-02
1.684962396447134414e-02
1.545706193605059231e-02
1.564768373668090629e-02
1.659338556401956932e-02
1.754926659715352888e-02
1.807769285074725674e-02
1.813531200800838628e-02
1.797298184631104800e-02
1.757454318063167431e-02
1.686986140887716812e-02
1.672309704915134199e-02
1.639378329541574253e-02
1.585360886953260384e-02
1.508813474771156238e-02
1.417105583018529735e-02
1.377417017872786809e-02
1.346362243432308592e-02
1.402369425358071520e-02
1.420422054508774234e-02
1.415728286008427483e-02
1.392166936925198772e-02
1.404814386784550284e-02
1.428630046723108893e-02
1.426768019643651075e-02
1.427679939426293454e-02
1.475630816054210315e-02
1.505920255135304031e-02
1.516804998419499229e-02
1.509669531729240788e-02
1.473697142822621986e-02
1.421856927592216047e-02
1.365685674991146126e-02
1.372917343232402110e-02
1.375269027425155000e-02
1.365465269579249630e-02
1.347790911426233196e-02
1.321074789905821167e-02
1.286563185845682189e-02
1.258774041218885253e-02
1.259069246351399163e-02
1.240457365355776553e-02
1.197366415417924768e-02
1.174963146573529404e-02
1.200991036135268253e-02
1.219958350904640221e-02
1.208275716547174694e-02
1.187532538406063654e-02
1.150863598942514221e-02
1.127730415952266085e-02
1.110136608739839548e-02
1.117250322068011337e-02
1.106191245628743158e-02
1.078666639076544809e-02
1.090197901951656112e-02
1.129401022919276909e-02
1.159130229112803612e-02
1.174008800131226549e-02
1.171208013022989602e-02
1.144401401898914594e-02
1.110893807714619097e-02
1.073367456194251890e-02
1.033428859944565681e-02
1.036392684664677599e-02
1.054888824358521382e-02
1.069468404810458573e-02
1.080176320589631977e-02
1.087229948608556263e-02
1.089085165808637012e-02
1.081793444477283095e-02
1.063178092762098736e-02
1.038260010768793373e-02
1.010998090971790275e-02
1.003785131839091127e-02
1.024273914610157599e-02
1.027334968066095922e-02
1.010484501609459906e-02
9.776873662740381832e-03
9.349666703101833232e-03
8.863107397448777292e-03
8.322605710510494470e-03
7.774712891384677471e-03
7.330089989811688911e-03
7.551568467778269067e-03
8.130524553593893033e-03
8.618906949326460287e-03
8.987050428554438364e-03
9.228439691547768442e-03
9.321802190893124784e-03
9.352479000538455045e-03
9.247796260519774991e-03
9.056606322196514292e-03
8.787093539848939150e-03
8.416810905546662225e-03
8.240107337593893799e-03
8.115709830416317772e-03
7.957144396610771331e-03
7.755509285856276858e-03
7.685485414598069998e-03
7.713280903926256205e-03
7.705986936846848101e-03
7.679945454636794011e-03
7.627298925061809509e-03
7.560864558422336623e-03
7.487153398825663331e-03
7.410883579771848639e-03
7.333072923252553776e-03
7.253611715780039493e-03
7.183142375638662536e-03
7.126099428894139276e-03
7.074208714582419510e-03
7.035405202305333727e-03
7.161651684190473155e-03
7.343097095550504827e-03
7.517158594517348025e-03
7.658963513749450502e-03
7.782950953951678352e-03
7.846293574813423266e-03
7.804061996104894039e-03
7.707198571880624627e-03
7.530028859609988467e-03
7.497543881308937896e-03
7.276955095498166548e-03
7.244710305182727739e-03
7.205077867737413877e-03
7.171593024154043761e-03
7.470494594424392787e-03
7.809790214514306106e-03
8.023333761372014594e-03
8.066490914878599039e-03
7.985313550946365746e-03
7.749907159771057819e-03
7.446665063843310728e-03
7.102265626402010090e-03
6.746864119173495711e-03
6.706724145123854619e-03
6.711081326049611606e-03
6.646976552331984589e-03
6.710949604983584837e-03
6.719783222825570501e-03
6.680898991016925859e-03
6.597703606562976830e-03
6.462216928936670435e-03
6.451055566452479351e-03
6.625464231314021069e-03
6.719004671571576770e-03
6.746891791788639514e-03
6.677106748264383107e-03
6.659521292069731091e-03
6.898150842843786545e-03
7.104210381303099897e-03
7.274438036929287144e-03
7.392667773361533134e-03
7.455390305432268994e-03
7.445073738151397613e-03
7.351955954225886103e-03
7.186803819020981532e-03
6.998859109722255223e-03
6.794959730442196033e-03
6.623024350519229886e-03
6.761060313994149418e-03
6.880913433694180181e-03
6.982867399624365090e-03
7.065771823198091495e-03
7.127832033698683345e-03
7.136062098422157884e-03
7.093448523667833516e-03
6.991286637402144288e-03
6.823113432040894821e-03
6.615826818706760371e-03
6.381790242857232620e-03
6.125129221678710101e-03
5.847843940060382106e-03
5.647737317762496767e-03
5.714950999543694232e-03
5.892469980578574074e-03
6.042875284489518384e-03
6.121388795046783793e-03
6.129588410735603565e-03
6.049346540827116314e-03
5.895158388437904406e-03
5.712431381552918186e-03
5.504877975671035317e-03
5.271787849698200690e-03
5.262486616783745852e-03
5.273732117377499806e-03
5.240770464120664274e-03
5.174824251889809101e-03
5.107076493466200517e-03
5.244923503101017737e-03
5.362452822913421624e-03
5.482685672741821614e-03
5.617440866053841075e-03
5.726400850269680598e-03
5.802959062058715700e-03
5.853720298523767962e-03
5.871643975080970135e-03
5.836223051835454090e-03
5.774497457324584415e-03
5.674628340422371853e-03
5.535240959899850877e-03
5.375157096774524357e-03
5.366746356414181518e-03
5.485242296847714361e-03
5.578313677897878131e-03
5.654309292953296762e-03
5.703811324183072351e-03
5.738873708979685961e-03
5.752715932001162269e-03
5.744731841073491552e-03
5.727839401930945318e-03
5.699023528321717214e-03
5.653575743882172100e-03
5.602012815003887258e-03
5.547372542478945512e-03
5.490141577910973014e-03
5.417701425380339053e-03
5.468595626012595634e-03
5.355083771375557244e-03
5.228869265349656015e-03
5.095728019281514642e-03
4.955500454193434434e-03
4.812817523816625975e-03
4.664905886843456750e-03
4.521756069476245976e-03
4.389878395036905800e-03
4.266241591584590820e-03
4.426151679146478335e-03
4.629658320794871607e-03
4.816853461511283463e-03
4.989395053076245423e-03
5.144305052364156472e-03
5.252925267461988623e-03
5.331660526473241957e-03
5.330437741327631596e-03
5.303105326251777996e-03
5.265678652903532653e-03
5.210617669733186297e-03
5.136692093159783701e-03
5.041692456306756664e-03
4.945843800005067514e-03
4.831623024249720455e-03
4.703285961303593776e-03
4.570223494784142471e-03
4.432041568559169642e-03
4.285183261070996119e-03
4.130819395412654860e-03
4.020247851704294995e-03
4.014472592969636766e-03
4.007949734333854375e-03
4.000596747647022777e-03
3.991447381001378414e-03
3.984990971891422262e-03
3.981436628707507586e-03
3.979518541565640888e-03
4.011642624715816563e-03
4.114808752351234444e-03
4.220425141364891886e-03
4.326738703963439736e-03
4.429212685205019540e-03
4.535546765941367298e-03
4.630200315144661349e-03
4.722184880465885026e-03
4.814094050636513744e-03
4.900608377372495106e-03
4.962825464260439690e-03
5.011923462854839251e-03
5.048182039618404060e-03
5.074960930454869290e-03
5.081401819679254306e-03
5.075800090382248664e-03
5.035407913471290353e-03
4.957713250000439498e-03
4.849928825463478699e-03
4.909038316599056984e-03
4.959348131502755441e-03
4.986774574273017402e-03
4.992723571140222916e-03
4.976803871937579560e-03
4.942105914596484073e-03
4.888112874795569329e-03
4.810952621461306311e-03
4.712439237280097171e-03
4.584526982214093271e-03
4.434893924161242840e-03
4.327999423524131473e-03
4.355702421096979693e-03
4.363107888806366796e-03
4.326004393871679676e-03
4.295877291180888458e-03
4.423593800408520682e-03
4.503798167192485380e-03
4.527062031532302910e-03
4.504284157149707202e-03
4.443746965253597692e-03
4.366961931628221549e-03
4.268253791948395381e-03
4.144706204151749063e-03
4.009076700456998266e-03
3.854940451034877258e-03
3.787798763930233514e-03
3.828605919366234733e-03
3.870529507972925165e-03
3.911932080680413648e-03
3.930247390390717577e-03
3.912080736476808429e-03
3.877253752319426150e-03
4.023104584262388039e-03
4.270037106160279317e-03
4.404651844169132913e-03
4.506588270336953084e-03
4.591607824799087689e-03
4.657412192795640227e-03
4.700484071279348308e-03
4.712514156538422094e-03
4.682281321026743326e-03
4.623396757703707172e-03
4.531291921698987757e-03
4.431335245752066054e-03
4.323687394169439813e-03
4.208995086180528089e-03
4.167307520434510026e-03
4.254311249718450982e-03
4.332228838076046529e-03
4.403460389377972239e-03
4.465867790455074759e-03
4.518199979595460825e-03
4.558692089894234023e-03
4.574568856380467619e-03
4.573311874643687380e-03
4.555040866235982033e-03
4.526296820018121947e-03
4.486164532732622723e-03
4.433765235208692035e-03
4.359348630424114690e-03
4.267829418138580078e-03
4.160886368202665331e-03
4.047354077133386019e-03
3.923275067265807881e-03
3.818230442634629185e-03
3.731799502201538221e-03
3.614586054512841651e-03
3.483659872432764981e-03
3.341506985740511082e-03
3.189329232564874772e-03
3.037445386366244282e-03
2.980347249310011382e-03
3.214491914515976712e-03
3.348751170360264595e-03
3.468163532330148513e-03
3.581632536282713941e-03
3.679626163454935428e-03
3.753778182466360747e-03
3.826973333515337750e-03
3.861432544248089016e-03
3.875866414644241198e-03
3.873525635782776311e-03
3.855596085085122304e-03
3.827069533477472918e-03
3.786502596695495715e-03
3.736884849564969802e-03
3.670291527955144018e-03
3.592802189657129386e-03
3.517348176788226422e-03
3.437302192161956205e-03
3.354102689011401184e-03
3.264435434158718952e-03
3.192026226261551747e-03
3.114444135041971595e-03
3.065526908931526240e-03
3.092241352030067336e-03
3.114413434086665822e-03
3.146972258029651082e-03
3.184802486267901411e-03
3.221728574842375181e-03
3.233077676741274997e-03
3.255575510231256686e-03
3.255023600159390185e-03
3.260889949651790687e-03
3.273326055441949656e-03
3.291291288353342948e-03
3.307717134240856227e-03
3.342263958941327218e-03
3.377918844309740765e-03
3.419155309879851057e-03
3.464049481131825647e-03
3.507334300068942756e-03
3.550701803425537761e-03
3.593365244970059269e-03
3.632401029373566459e-03
3.671028905360668171e-03
3.705405059757888031e-03
3.731775820136923327e-03
3.751311418762670602e-03
3.769954987760615328e-03
3.784264711950008353e-03
3.791220856702720576e-03
3.791094146976176082e-03
3.780077176985974230e-03
3.783889040786442282e-03
3.804452946900543919e-03
3.904330620413315467e-03
3.907044874841641979e-03
3.902553185025581239e-03
3.892221988870514515e-03
3.869696874423761424e-03
3.838968704766382301e-03
3.798306349346858291e-03
3.750882070544192537e-03
3.696338927726361412e-03
3.636073127282202222e-03
3.566781764620163830e-03
3.497467042044122287e-03
3.541035868702663292e-03
3.629336505902053256e-03
3.689812033939920966e-03
3.724091660423534123e-03
3.736719580994724010e-03
3.726137328967676909e-03
3.690558774010699317e-03
3.621634335136708627e-03
3.522192848384980701e-03
3.474163085469689216e-03
3.475469281882775929e-03
3.463175929016765187e-03
3.432387599555386526e-03
3.394351471300321998e-03
3.341942417047133462e-03
3.273083229027473617e-03
3.201415087272285742e-03
3.113284066395854977e-03
3.014828509399131162e-03
2.902705887481260572e-03
2.908260421217473413e-03
2.983177672775866318e-03
3.048223843066411032e-03
3.096339458329433469e-03
3.136330575750106986e-03
3.154043024547081853e-03
3.151483766013096766e-03
3.197649555999659832e-03
3.304261575820588437e-03
3.407289807363517165e-03
3.494978300440126917e-03
3.577743852995141083e-03
3.647342568626699144e-03
3.704544661663089489e-03
3.748411112094118813e-03
3.782608980318818981e-03
3.798316462097106605e-03
3.795395028107689805e-03
3.774662151545760125e-03
3.731659887884847260e-03
3.674638846390299030e-03
3.600228305355418490e-03
3.522708008017350068e-03
3.438185283724470853e-03
3.428652447864194430e-03
3.495663751957533982e-03
3.555130955319618646e-03
3.609178120125983158e-03
3.657045027547906058e-03
3.700719972300842153e-03
3.731912287878141887e-03
3.753819968278254704e-03
3.760331267474853467e-03
3.757372248670731718e-03
3.748142794698400282e-03
3.720122980539225521e-03
3.675300069621328936e-03
3.615874268246471734e-03
3.542613462943489111e-03
3.462380225559696934e-03
3.376743852933794532e-03
3.281190613286993907e-03
3.181042733218619745e-03
3.077336385644641181e-03
2.971995900237084376e-03
2.867763147678337177e-03
2.767238853381676078e-03
2.668149297441274603e-03
2.571669789954961205e-03
2.478860271520083591e-03
2.543297625107826532e-03
2.632448994253688834e-03
2.723778358984629833e-03
2.801519227972421033e-03
2.874218553310464719e-03
2.938499375445630113e-03
2.986019126896888309e-03
3.012031800959158456e-03
3.014236783100643358e-03
2.991603357384048367e-03
2.959510751879890211e-03
2.931105478940154718e-03
2.900771158836995545e-03
2.898693542254582312e-03
2.888973091137780891e-03
2.877268237173491450e-03
2.859758600779249704e-03
2.841894206249667709e-03
2.818067183768563355e-03
2.787034072904148729e-03
2.758997589023370889e-03
2.720387469645341172e-03
2.672641923085139481e-03
2.627088416234213408e-03
2.578616183917886717e-03
2.526541501484041996e-03
2.496152378314575593e-03
2.518396624462015954e-03
2.542597859857109732e-03
2.564935484205332905e-03
2.586429014748203858e-03
2.602200118827946440e-03
2.624466956536869455e-03
2.642626952748083902e-03
2.661881507265650981e-03
2.678671506001290004e-03
2.698686284236528898e-03
2.715873314940109307e-03
2.732876515233628734e-03
2.744283999545044095e-03
2.761394254282845129e-03
2.780631492638435676e-03
2.798270080826892325e-03
2.813922293845222411e-03
2.830988256205396736e-03
2.845542873002343542e-03
2.860557506464633803e-03
2.871820328111229781e-03
2.882779208925267955e-03
2.897288100283584855e-03
2.908484526497445710e-03
2.929794501109583837e-03
2.953620690673175453e-03
2.975550342858485076e-03
2.998885016598701325e-03
3.023907098277794914e-03
3.043227181080826460e-03
3.065201870284278707e-03
3.089100665925326172e-03
3.107540183357876407e-03
3.117995710894799766e-03
3.117939027518695783e-03
3.113304719566722945e-03
3.102192551224625117e-03
3.085335055783566816e-03
3.062015294691106115e-03
3.035136901961832390e-03
3.005035080330786812e-03
2.966077601238625849e-03
2.923200810964421414e-03
2.878421958877996900e-03
2.832135605764979358e-03
2.782534426565924646e-03
2.727835870798112072e-03
2.670555902307081286e-03
2.641082404640282544e-03
2.736063590002224544e-03
2.821573439148156170e-03
2.886914253593636515e-03
2.937056354278044790e-03
2.969115923124043821e-03
2.991274906484847618e-03
2.990321422106673177e-03
2.966777659844349602e-03
2.926122852143997477e-03
2.866155361995248452e-03
2.784815145519370372e-03
2.701077876691687640e-03
2.656996147927498386e-03
2.637801461353700416e-03
2.612328318875867250e-03
2.577012384707921822e-03
2.533929106393717490e-03
2.485566842508529772e-03
2.427272170310829091e-03
2.363280167022002720e-03
2.292783243363794021e-03
2.218416359307251451e-03
2.178105680946201828e-03
2.185287358249021761e-03
2.220028031040571781e-03
2.271271995981760661e-03
2.312763884676438675e-03
2.346394555325814757e-03
2.370066750564781000e-03
2.384169508668571025e-03
2.460797670939235404e-03
2.543618429887234411e-03
2.619003625952687209e-03
2.688805026000246068e-03
2.751973379324201829e-03
2.811872189350500539e-03
2.864383534308817536e-03
2.908719199763376562e-03
2.942923615569165152e-03
2.972715748688514736e-03
2.991022515687058458e-03
2.998304041495453154e-03
2.997096813293770312e-03
2.987967914975575567e-03
2.966671712031188068e-03
2.936796663356278092e-03
2.895182919606220651e-03
2.841060314516058449e-03
2.780263598535698266e-03
2.732105626453179559e-03
2.784653221795746481e-03
2.832802203284412457e-03
2.876946312539097050e-03
2.914180988944664596e-03
2.943332599375764191e-03
2.968740233852296129e-03
2.988682219288246733e-03
3.001980685255117853e-03
3.008808237707855104e-03
3.009537931267652899e-03
3.005256295199543182e-03
2.993696922091587664e-03
2.971154142359044847e-03
2.939579314068546667e-03
2.896390785497249265e-03
2.846965889693797713e-03
2.790867614376607575e-03
2.731214234367451699e-03
2.667779559514499299e-03
2.598568421253194538e-03
2.529040993869413612e-03
2.456449317540687627e-03
2.384500603600681057e-03
2.311048295088630189e-03
2.238106141089657442e-03
2.167733481583278277e-03
2.098886200966959548e-03
2.031944113510764094e-03
1.967995269178179907e-03
2.028770931959245072e-03
2.116231075949881468e-03
2.204680231414873903e-03
2.289018138076470699e-03
2.370975892757365422e-03
2.447981851978670020e-03
2.513933906652304762e-03
2.567708603792018263e-03
2.601655388016849146e-03
2.617199489983762506e-03
2.613490386074529548e-03
2.589712171182118050e-03
2.564776396706880401e-03
2.537901565169503604e-03
2.509101565787763555e-03
2.475287340817616810e-03
2.437720611088767253e-03
2.458525100350078541e-03
2.421081911229611139e-03
2.380906707144303525e-03
2.337678668364789880e-03
2.291625727677271129e-03
2.243311440023321168e-03
2.193095574401227044e-03
2.143286938354915794e-03
2.090870224257107557e-03
2.035803426260668347e-03
1.981793523282621150e-03
1.925765677972340884e-03
1.876687001624965934e-03
1.904665692430002055e-03
1.935985717767374492e-03
1.970511287102350018e-03
2.009835097493389844e-03
2.042653157128260233e-03
2.071862561826176563e-03
2.105792628039504510e-03
2.132747611394619769e-03
2.163796579182253321e-03
2.193498338465049713e-03
2.218399732953207915e-03
2.242305020359269818e-03
2.261630097763339675e-03
2.290621819908134071e-03
2.325880332301855091e-03
2.358798732702366285e-03
2.390267321978889470e-03
2.474904668035210475e-03
2.507388444226876789e-03
2.533034896736341413e-03
2.559769268110995144e-03
2.586109142841408470e-03
2.613128734003211662e-03
2.635529265116842712e-03
2.653671016002251415e-03
2.668213508098760123e-03
2.678714269270243697e-03
2.686412383220621036e-03
2.686965124622658907e-03
2.685557281514344696e-03
2.682879795573578363e-03
2.672878093361114038e-03
2.657110832635700692e-03
2.637203488077805025e-03
2.665418753881459990e-03
2.697162922192603007e-03
2.728456935300632713e-03
2.753305049500720525e-03
2.770591221868318188e-03
2.780876751958399895e-03
2.784220962029348989e-03
2.779286650140849746e-03
2.769133343885177290e-03
2.751786524594762584e-03
2.725890955404680627e-03
2.694560744341656378e-03
2.656465439855426602e-03
2.613210108705382728e-03
2.565172187865477627e-03
2.511108102172504575e-03
2.453388995967503705e-03
2.392544501234633580e-03
2.329118850772526894e-03
2.264163460695273189e-03
2.199028216456760942e-03
2.142639623501890744e-03
2.188801520516869825e-03
2.228693446832463732e-03
2.259041341413581261e-03
2.288933379567231752e-03
2.310023338488592648e-03
2.328449395592319116e-03
2.337688623870487481e-03
2.348081234120502625e-03
2.371272846976246740e-03
2.382295141427626106e-03
2.378209990344437585e-03
2.352241653819781009e-03
2.323748986584966980e-03
2.285654816107540732e-03
2.247199936001198495e-03
2.201387065092097473e-03
2.151762092015674366e-03
2.096892698526392484e-03
2.041902367647868699e-03
2.004966409816899553e-03
2.001637393088423478e-03
1.996760427719235231e-03
1.985466932573509702e-03
1.974630570075519564e-03
1.999999828254050982e-03
2.014525461458777089e-03
2.081404278311299594e-03
2.096927930854475264e-03
2.112067767570169341e-03
2.123245921870992037e-03
2.131507643102270588e-03
2.137114654515104295e-03
2.155804814999578989e-03
2.190784563932207663e-03
2.224106414478149718e-03
2.248592925154113686e-03
2.270894702465109383e-03
2.287894971179010861e-03
2.299101362404937232e-03
2.304134587468614770e-03
2.305941793054100408e-03
2.300560566748349745e-03
2.290582255207618267e-03
2.277641453684836614e-03
2.263060198919808474e-03
2.243074995052551923e-03
2.218753579652038566e-03
2.197803018538724285e-03
2.197416618934411314e-03
2.228913932419446242e-03
2.256119638591874699e-03
2.281084580935094364e-03
2.302708041140522077e-03
2.320891558820148415e-03
2.338283145391473195e-03
2.352912547252700159e-03
2.364635704882822598e-03
2.375903079907704107e-03
2.383719194724048807e-03
2.390562279120017619e-03
2.393406078525311953e-03
2.395392937524415400e-03
2.396699568538579461e-03
2.396434571221489618e-03
2.395504783794327741e-03
2.394671975523843255e-03
2.393503954946585299e-03
2.390404140573287872e-03
2.387773782841273729e-03
2.383363011715627922e-03
2.379478563804160451e-03
2.376115055421679223e-03
2.373295525542412632e-03
2.364094511275699473e-03
2.352250323187282666e-03
2.337604379844121505e-03
2.320409403660628200e-03
2.299821330025236810e-03
2.277002839584651994e-03
2.253930089991890151e-03
2.229535702859802848e-03
2.201197889355493986e-03
2.173440341496635231e-03
2.145093050081869901e-03
2.115870042405376683e-03
2.086358337281712938e-03
2.056642482101966873e-03
2.029184739535644377e-03
2.001367052714003725e-03
1.974848509968374355e-03
1.946971527560792392e-03
1.919915725480669799e-03
1.926453234869368591e-03
2.014566164243142277e-03
2.097442492008022574e-03
2.176855281608686132e-03
2.249990060577938822e-03
2.315265255047743720e-03
2.368374710662146665e-03
2.407266448172629136e-03
2.432280652899437845e-03
2.448415342596266253e-03
2.449777311509998556e-03
2.433550367932746372e-03
2.398503788712508245e-03
2.357703605587985196e-03
2.314988957100944100e-03
2.268226330842754157e-03
2.219294966908424982e-03
2.168420353702238401e-03
2.113748958483763207e-03
2.058348263452608462e-03
2.003210340468353223e-03
1.946418068813182689e-03
1.889053651083327789e-03
1.878656771051784302e-03
1.835247510101639667e-03
1.809839140770680421e-03
1.779461612022720240e-03
1.746860231338742686e-03
1.707717323940233234e-03
1.666526432563264493e-03
1.632981502476704705e-03
1.629211679523040468e-03
1.621587606781715873e-03
1.662359355466574984e-03
1.699993663598825533e-03
1.729662307292934020e-03
1.760564558866473117e-03
1.784478301123271216e-03
1.818280137620587045e-03
1.871149773149727302e-03
1.927136968677689577e-03
1.976472008133861591e-03
2.027932396441389784e-03
2.073046403618411526e-03
2.117352427339569410e-03
2.156355152464484171e-03
2.195673325900898698e-03
2.232876390965449209e-03
2.265889080108884901e-03
2.292082730070227337e-03
2.314950150816480479e-03
2.333417512110552705e-03
2.345109589698274322e-03
2.352165967291486304e-03
2.353501126533208421e-03
2.346013212519093560e-03
2.336277347919912817e-03
2.320557480496754366e-03
2.300402771163390092e-03
2.273999554727429429e-03
2.244474153368758440e-03
2.211059689113642479e-03
2.218395039815385106e-03
2.250755258830283712e-03
2.282421468889905825e-03
2.311211450451461369e-03
2.334185911310154848e-03
2.356324877843346544e-03
2.374256089813536752e-03
2.390293599446008388e-03
2.402871072544304765e-03
2.411278572992225921e-03
2.415608865265234106e-03
2.416449486298183347e-03
2.414931727157676455e-03
2.406472425008548965e-03
2.392615358513566770e-03
2.370600133805828014e-03
2.345030935082953460e-03
2.314665292088846638e-03
2.280714601045147338e-03
2.243231228912984099e-03
2.203011377020364092e-03
2.157970280159376975e-03
2.111105740155522215e-03
2.063922375644594576e-03
2.016125294397486112e-03
1.965826794622455020e-03
1.915699306056090068e-03
1.867270700264128669e-03
1.817999080929000311e-03
1.768776506399422077e-03
1.723514787392438352e-03
1.680029193488863370e-03
1.636829610447615435e-03
1.694501807364134915e-03
1.755346636094140544e-03
1.811997941359555497e-03
1.868302144297950829e-03
1.921287967584589529e-03
1.971424143928618422e-03
2.011090853871744244e-03
2.048208985265947968e-03
2.077729288503110672e-03
2.095249067133014842e-03
2.099978217716375051e-03
2.094127866445028019e-03
2.075406518929318045e-03
2.056810377580070570e-03
2.035974297560722013e-03
2.013463712789931304e-03
1.987267392227737295e-03
1.961572311424991666e-03
1.933240013828496640e-03
1.902554560146985096e-03
1.872043505996928703e-03
1.839714551712556823e-03
1.808320505675670153e-03
1.775875266857518398e-03
