# game: kuhn_poker 
# eval_every: 1 
# num_iterations: 1000 
# num_players: 2 
# bootstrap: False 
# truncate_negative: False 
# buffer_size: -1 
# num_hidden_layers: 2 
# num_hidden_units: 4 
# num_hidden_factors: 0 
# use_skip_connections: True 
# num_epochs: 200 
# batch_size: 1000 
# step_size: 0.01 
# 
4.166666666666666297e-01
2.861200084361760210e-01
2.266257342250607432e-01
1.908026337869661582e-01
1.526421069262947627e-01
1.296991244145246081e-01
1.235503390991720685e-01
1.157261519998439847e-01
1.110861074853748687e-01
1.054264083070982350e-01
1.124675261750492095e-01
1.110936756284054139e-01
1.006734719765644270e-01
8.941137734597662257e-02
7.974133409487893509e-02
7.622080011190948690e-02
7.312998860018438130e-02
7.304318200163123498e-02
7.382626670763642318e-02
7.604500450332860040e-02
7.673706859872952979e-02
7.024734773555121881e-02
6.440222226914077419e-02
6.416857048393151408e-02
6.362552055744966073e-02
6.194746543007756401e-02
6.242991093417873949e-02
6.151160262745233864e-02
5.917620409299589879e-02
5.656853013047707934e-02
5.412480152999168959e-02
5.166440175337341789e-02
4.851239910284191326e-02
4.614461574267536559e-02
4.463876326443305675e-02
4.286235845704830516e-02
4.109361318939766528e-02
3.954797515579036582e-02
3.935886071840377642e-02
3.828707914677020874e-02
3.959943821914915785e-02
3.912723583399291272e-02
3.695534660576799135e-02
3.525015232083825167e-02
3.671197525113706339e-02
3.721054371734372479e-02
3.666046091355262826e-02
3.540240694666699217e-02
3.633431314800636414e-02
3.755857778556906390e-02
3.732402217026917213e-02
3.615207719818205878e-02
3.481193863969761493e-02
3.359406280791638055e-02
3.211424090055162162e-02
3.051706463217937482e-02
2.898237258321353926e-02
2.748224110887198535e-02
2.762282065322022029e-02
2.752704923705848183e-02
2.752658338848240627e-02
2.741264606870233433e-02
2.686619995154521101e-02
2.623626668590459121e-02
2.522379723674667007e-02
2.383277071260714308e-02
2.393120989640923346e-02
2.397997132570012235e-02
2.387444352805043191e-02
2.342977689175407274e-02
2.349248405759221670e-02
2.307283322200592846e-02
2.362691757172394325e-02
2.369302269332060340e-02
2.326757330892434417e-02
2.289301749472980041e-02
2.244868229943952631e-02
2.209356907180659579e-02
2.277947541823335809e-02
2.331319858167327230e-02
2.368911938715045906e-02
2.370402994208117842e-02
2.339295278892533636e-02
2.294952194687521763e-02
2.231841606215093088e-02
2.175164473994248282e-02
2.104938690159502412e-02
2.015746416367938942e-02
1.917691328860626765e-02
1.873099160656893636e-02
1.846647468069062548e-02
1.823650098784906914e-02
1.785826942194940203e-02
1.744123537299696602e-02
1.741147963821160216e-02
1.725302818243454328e-02
1.682743629675892416e-02
1.613188670918949685e-02
1.548490574018479560e-02
1.576286401981139007e-02
1.623154265277088060e-02
1.654915964435493825e-02
1.659018968258196836e-02
1.663281494217622170e-02
1.660130422724473420e-02
1.710202897976190184e-02
1.780680673622203614e-02
1.812391832529131053e-02
1.810196889388304697e-02
1.770503634561310102e-02
1.709333991025679955e-02
1.628651875572756369e-02
1.657161289924544145e-02
1.678520213985673637e-02
1.710101001141506316e-02
1.757706775573175673e-02
1.774660933244215366e-02
1.760661475171235169e-02
1.726353692453161393e-02
1.656832952304729267e-02
1.578265900260963917e-02
1.495703741112031082e-02
1.425920591099646972e-02
1.382534860369930008e-02
1.337723105635313381e-02
1.341748978539819559e-02
1.357363168041064716e-02
1.369767158340509661e-02
1.379763337206305063e-02
1.386500291480566305e-02
1.386218141967190953e-02
1.370216514699892918e-02
1.345799371912098641e-02
1.311436236258295418e-02
1.266112012713282997e-02
1.222827910020174436e-02
1.218164178430533595e-02
1.206233107330556553e-02
1.186622241503171304e-02
1.161025159379677762e-02
1.127152200768255508e-02
1.088366750159761032e-02
1.053781469623218947e-02
1.097946844749395079e-02
1.156942781191327985e-02
1.212423689388059111e-02
1.239704702285432392e-02
1.264718238733641975e-02
1.268525673427065015e-02
1.253011158465239250e-02
1.228340300882801994e-02
1.216271213776681792e-02
1.224342622567606287e-02
1.227331957463648204e-02
1.225505648678254511e-02
1.214678395288240620e-02
1.225810519543246713e-02
1.233196589489615747e-02
1.232929030208912424e-02
1.231025251358874861e-02
1.213962225275944107e-02
1.191763660243350120e-02
1.163892702403021562e-02
1.137468609705910572e-02
1.106867955973908635e-02
1.075320869720516881e-02
1.066874002987097669e-02
1.081973281504847173e-02
1.091505979965071149e-02
1.097138517219478637e-02
1.094828746513473727e-02
1.087787831611139455e-02
1.069812411041098921e-02
1.046815841229298272e-02
1.022717947929466242e-02
9.916617643500602597e-03
9.604305457675349489e-03
9.249359814934160484e-03
9.021350036670955364e-03
8.748731014608074341e-03
8.618628393954663736e-03
8.411868264008692808e-03
8.242112963878223120e-03
7.843308664965437105e-03
7.827812861976618519e-03
8.081294828945650988e-03
8.512080554118756082e-03
8.892143958745435395e-03
9.243480031263462404e-03
9.422676218712983109e-03
9.561304646383828043e-03
9.678506202439901562e-03
9.680613761620215918e-03
9.597835661982051514e-03
9.540333496982800199e-03
9.444055218710389887e-03
9.263701226026460622e-03
9.146164142329382685e-03
9.047176647926979953e-03
8.968173821849251270e-03
8.791628877994089875e-03
8.948957611454005923e-03
9.063066914763912019e-03
9.197606214832176885e-03
9.271122260787745262e-03
9.303802247394604708e-03
9.324842338448990908e-03
9.335588158538132841e-03
9.394212282875652464e-03
9.365488739648236693e-03
9.341927987685710866e-03
9.278630835033607749e-03
9.183184877128575119e-03
9.114527515531822832e-03
9.032391665921651880e-03
8.903733643561562161e-03
8.792373672052322675e-03
8.648674313716520068e-03
8.566934024267169878e-03
8.530037453122613078e-03
8.475861424199149230e-03
8.366270512951662353e-03
8.217101197134479840e-03
8.050301280140920168e-03
7.846833678828990521e-03
7.637100358954124202e-03
7.664980305178870079e-03
7.733165648925899305e-03
7.657163992216081683e-03
7.522018941475194787e-03
7.335672124887060441e-03
7.029465226349146389e-03
6.683072732975581243e-03
6.568759660573159076e-03
6.500605348030652486e-03
6.402177636889355705e-03
6.545953360072659377e-03
6.743016393496586991e-03
7.008294183414781608e-03
7.242213088798382659e-03
7.407046381858434225e-03
7.470359247807339953e-03
7.428785835697337969e-03
7.387503794680366775e-03
7.274408950653343808e-03
7.088612248578013419e-03
6.911327611783313341e-03
6.718725399217029270e-03
6.525444596225116189e-03
6.581917399872266872e-03
6.659742299521403952e-03
6.793337735948007383e-03
6.961187944435898167e-03
7.075266236492377958e-03
7.175681883528101102e-03
7.284867821963386669e-03
7.389802979003406991e-03
7.488683338751023211e-03
7.557786982843206491e-03
7.641860841315045727e-03
7.703567372809944080e-03
7.763964245296683941e-03
7.804763793044150466e-03
7.837570373099234100e-03
7.853941447586582081e-03
7.843616053002655519e-03
7.764792743452764157e-03
7.724406708706166302e-03
7.602117330028440589e-03
7.449866210937433619e-03
7.288451014729357968e-03
7.087642839630453606e-03
6.898196052131294609e-03
6.658229225461415046e-03
6.603959673490394922e-03
6.538108537304021528e-03
6.427905619770246659e-03
6.341705739868669367e-03
6.243386603367623300e-03
6.083060091364028699e-03
5.920047645649878509e-03
5.769323063142012264e-03
5.885503805116321097e-03
6.015679331118628514e-03
6.094371815226040656e-03
6.189247265140529475e-03
6.277645605855225464e-03
6.288103804678091269e-03
6.292305308467111002e-03
6.239671427997250941e-03
6.178474517152088286e-03
5.942911082261553846e-03
5.731321123192550937e-03
5.525215720405429742e-03
5.462271676604457671e-03
5.390693229228443739e-03
5.349857530555612861e-03
5.328232535519311641e-03
5.370075694512171927e-03
5.537502730934201756e-03
5.662088238849699584e-03
5.831458078775025866e-03
5.900251528104333287e-03
6.013297705842191032e-03
6.237487080542669649e-03
6.418804599805039146e-03
6.640255689986246379e-03
6.779423574551995957e-03
6.942761000207353650e-03
7.112853315699968482e-03
7.204373031507643743e-03
7.286501358886421365e-03
7.352652249318303301e-03
7.351245023363345288e-03
7.224261751708427326e-03
7.055606224339400212e-03
6.891411443371159296e-03
6.705521270689573932e-03
6.546013675368306250e-03
6.321241700566443411e-03
6.107490488116235072e-03
6.099666572449508051e-03
6.062538167343395346e-03
6.018525819030812185e-03
5.911339938463211485e-03
5.806688048911157196e-03
5.689656377872359672e-03
5.549386405777928521e-03
5.411333633275977606e-03
5.249233896262056609e-03
5.092386859987418912e-03
5.134598167536585933e-03
5.169270369678291566e-03
5.114968764842353632e-03
5.021931415052527381e-03
5.006210762863033681e-03
5.122689028383892174e-03
5.177417094838959732e-03
5.209418806871729535e-03
5.185981869806927103e-03
5.100230225463076028e-03
4.976260109129909681e-03
4.889403049639612364e-03
4.948896200832136882e-03
5.044126982282098881e-03
5.176524307644508882e-03
5.353005100701690999e-03
5.430338587664451655e-03
5.553524652531033334e-03
5.618046055462538879e-03
5.601410920514582337e-03
5.596377783988332189e-03
5.745816601882919317e-03
5.927030043247377700e-03
6.098496740108094727e-03
6.265153760704217367e-03
6.403816063294237582e-03
6.482276017535287815e-03
6.532578278399869820e-03
6.551300238459789593e-03
6.597044565830545437e-03
6.473299127058768088e-03
6.376946257671850526e-03
6.285871499756401359e-03
6.123538567108982589e-03
5.952018013829746268e-03
5.770191174439831538e-03
5.566908301066819664e-03
5.362799836646614526e-03
5.367228485604141897e-03
5.350496703421747657e-03
5.323531870645298314e-03
5.314563745184797128e-03
5.278626037776401603e-03
5.224589057443301821e-03
5.153984793201199510e-03
5.062564436631084019e-03
4.958219010629899559e-03
4.835579282269436563e-03
4.699845151940329480e-03
4.556534131064826632e-03
4.391650331533519802e-03
4.352115961060054605e-03
4.433197149982637253e-03
4.557546544352836237e-03
4.627299454321165406e-03
4.670355651958613130e-03
4.674358029771896739e-03
4.654734087280815169e-03
4.638815240556315445e-03
4.636000508415005772e-03
4.623587769852777196e-03
4.740313684423208551e-03
4.959103031716011190e-03
5.116576038612180577e-03
5.354029076278299382e-03
5.470645959926023760e-03
5.539183853171980587e-03
5.566479255723483233e-03
5.622912825261977554e-03
5.592156865784375652e-03
5.516040941790617547e-03
5.497679114234210740e-03
5.687604381823835320e-03
5.851628245190226840e-03
5.999348527237324813e-03
6.112207145859666069e-03
6.208347508204981047e-03
6.251696942922296829e-03
6.280781627126724720e-03
6.202623175876470496e-03
6.111266288578748318e-03
6.000036646007705921e-03
5.904702658867638787e-03
5.785586332298892076e-03
5.650859035156413634e-03
5.505874049439168916e-03
5.359411528948282433e-03
5.222617007571955794e-03
5.092400979281014317e-03
4.927335989973358199e-03
4.911623914468865593e-03
4.927678295009674247e-03
4.955116106610535365e-03
4.964188351228165930e-03
4.954705700649986166e-03
4.926184931405758194e-03
4.902956954258519406e-03
4.857124946469393301e-03
4.832614488737341230e-03
4.821742384592903052e-03
4.773556994759592387e-03
4.703056781495157379e-03
4.615964948896295050e-03
4.494015622449609726e-03
4.342888696227648060e-03
4.221304919355073348e-03
4.323524814049906073e-03
4.492310467456045453e-03
4.676838829315688173e-03
4.707718425189660882e-03
4.802024984165792487e-03
4.871916685969757133e-03
4.925569554758674196e-03
4.980585855333702350e-03
5.003882512569501895e-03
5.029255223848366763e-03
5.082145450571784462e-03
5.041149130061400863e-03
5.033098332637764294e-03
4.999699477567870476e-03
5.020503252592900534e-03
5.098383391719002455e-03
5.177533639727172066e-03
5.275661813596455030e-03
5.321705978897195433e-03
5.352589578401789616e-03
5.367862544891993659e-03
5.383013606012260199e-03
5.371494888792044398e-03
5.333959920797881615e-03
5.239576134171780586e-03
5.109445209330293336e-03
5.007253964104924071e-03
4.865443783046985438e-03
4.774924497689875258e-03
4.887254808432328623e-03
4.975086186332217109e-03
5.104709065140378144e-03
5.220336919352003280e-03
5.409195994157650622e-03
5.473747229669340131e-03
5.619161884134526996e-03
5.620928083945986309e-03
5.625354483292627217e-03
5.613536511948014063e-03
5.563594586174197554e-03
5.527122066403294953e-03
5.495559877623984457e-03
5.431991851656298165e-03
5.365552023533753934e-03
5.289389282616685506e-03
5.210787885762291349e-03
5.121503430881635399e-03
5.017809929560718141e-03
4.928430789419901981e-03
4.833573440115535025e-03
4.817392992287422571e-03
4.879892468026447716e-03
4.941796633773309910e-03
4.984192549584126608e-03
5.007885275758683363e-03
5.061109186015544381e-03
5.045592652655278565e-03
5.029476719156628084e-03
5.017207743926083152e-03
4.967213270300779859e-03
4.904851181256192350e-03
4.836466246190745943e-03
4.741437813506749199e-03
4.633736900721663332e-03
4.501318686898597710e-03
4.374551360034228953e-03
4.241993196246518494e-03
4.099406949108180820e-03
3.940858734128027674e-03
4.071714790659625161e-03
4.122364011402451789e-03
4.228683744646244413e-03
4.234458796525258917e-03
4.235771907249219481e-03
4.212009940336103320e-03
4.239499156636877819e-03
4.325282637629851434e-03
4.441517148469853460e-03
4.500842322072706736e-03
4.541582744717553854e-03
4.573612076103572566e-03
4.536016388011265832e-03
4.603116908745319424e-03
4.727727007329068920e-03
4.849237081898327695e-03
4.884767312166055087e-03
4.940159538993099675e-03
4.941767263846097435e-03
4.869459733056580308e-03
4.841820815771891162e-03
4.763874323341410477e-03
4.681403796157140862e-03
4.590028802923751261e-03
4.440522569497618033e-03
4.395300069409330268e-03
4.443609812302157236e-03
4.469080251819301797e-03
4.591229868768559319e-03
4.704727120705104459e-03
4.809855407955865303e-03
4.901471571163606988e-03
4.978739496219020122e-03
5.043495576890294485e-03
5.092844598440365855e-03
5.095169073156824435e-03
5.086409566396415949e-03
5.089266741848091913e-03
5.062578020223806874e-03
5.011823966161593757e-03
4.955414131969787528e-03
4.890532990523138723e-03
4.835367766980153137e-03
4.767945755417862808e-03
4.706186509351922842e-03
4.640064590900050412e-03
4.561503750020373671e-03
4.481132588880415435e-03
4.516851174983016470e-03
4.577162416564112268e-03
4.631571092444164428e-03
4.672005763176168003e-03
4.723501690203385506e-03
4.737927109587369845e-03
4.832697579870176563e-03
4.822962333386360267e-03
4.833302494729213583e-03
4.814373669508903442e-03
4.761454024068578761e-03
4.688786199660149867e-03
4.613543760374733127e-03
4.523514597804340065e-03
4.420723155998840248e-03
4.318044721716207679e-03
4.206939173040186164e-03
4.090027049813177440e-03
3.976728008450197693e-03
3.858257335126541454e-03
3.723174933963069311e-03
3.625206260829100247e-03
3.568503212525359070e-03
3.539211501988326347e-03
3.502344866777085119e-03
3.490802423044531144e-03
3.469440153450770170e-03
3.513027531751561350e-03
3.607273265776117510e-03
3.714883697096688087e-03
3.806522734472517211e-03
3.853587818738707371e-03
3.886540489288381472e-03
3.918890761911958398e-03
3.919677285909445308e-03
4.024790424273561040e-03
4.111435600225699094e-03
4.186822976273069097e-03
4.291516676028783728e-03
4.340225421358756552e-03
4.346457712947865426e-03
4.385362746714582816e-03
4.362350993946773059e-03
4.333573706001431214e-03
4.273281267895695512e-03
4.227979527970826545e-03
4.149082264844533574e-03
4.096972509785690164e-03
4.125258092804562349e-03
4.157750021198280965e-03
4.173835775477141574e-03
4.176384334591470848e-03
4.187136883560566014e-03
4.194850104790953660e-03
4.199191660314682828e-03
4.160882323989312237e-03
4.122873310954261461e-03
4.172736936970289356e-03
4.224945669937418824e-03
4.251032536235432868e-03
4.277590178115686648e-03
4.286909357008206189e-03
4.295795834259819035e-03
4.322979813878302657e-03
4.326453934353352571e-03
4.341878376871222134e-03
4.354571475931767743e-03
4.361502980753578784e-03
4.355965865060318354e-03
4.339937767753127007e-03
4.324036462962088656e-03
4.286753933104792136e-03
4.232939392879081497e-03
4.185565960279385989e-03
4.136169542893197715e-03
4.075517781931992101e-03
4.068345940115819515e-03
4.087155478388337926e-03
4.098091381675245115e-03
4.109984274644817859e-03
4.115984821402934868e-03
4.122023843468519688e-03
4.114286728078203614e-03
4.101593057364072425e-03
4.090812592306369844e-03
4.096179138897426686e-03
4.103401181614119153e-03
4.095341118306089490e-03
4.069694419457509094e-03
4.037129160433694519e-03
3.999704416975946586e-03
3.980917423074492589e-03
3.925330673637594803e-03
3.906032549056526193e-03
3.859677491617113931e-03
3.818127254535674808e-03
3.766388123408459521e-03
3.696560987307612178e-03
3.629883395046024086e-03
3.545512634302555588e-03
3.476720945618128056e-03
3.402288225728661297e-03
3.382122363688261357e-03
3.438930645523363694e-03
3.484631721451220132e-03
3.504067976553837394e-03
3.521322776062096871e-03
3.561856230801574430e-03
3.525887685874612432e-03
3.509185702882250402e-03
3.478932002640267029e-03
3.444079690914120251e-03
3.439671104333019702e-03
3.380619825158498459e-03
3.363580608848254494e-03
3.294384003447115017e-03
3.278475065516400777e-03
3.341115317365583870e-03
3.373397314735515629e-03
3.405328275833202634e-03
3.427225309755282945e-03
3.436970449461895782e-03
3.480966227915771594e-03
3.593004239904967756e-03
3.708724154170367493e-03
3.796280641252369747e-03
3.898133543233567311e-03
3.992107405680928034e-03
4.072198535603560599e-03
4.128214184120571062e-03
4.141359056258758775e-03
4.148978696738969685e-03
4.163551824094918752e-03
4.115834334436574427e-03
4.079405217287279672e-03
4.009996004944893500e-03
3.961155752778583450e-03
3.893825192863215046e-03
3.820253069439866200e-03
3.754613733941647435e-03
3.651083041809832785e-03
3.578841830187556861e-03
3.560409657802632299e-03
3.514527230908170985e-03
3.486707344690392896e-03
3.407815675516456810e-03
3.354260673963826989e-03
3.298120458028186430e-03
3.214692581631511947e-03
3.230443722230025294e-03
3.256225692954334283e-03
3.275441771893677911e-03
3.296569218264294721e-03
3.315398360300758629e-03
3.335728289908052036e-03
3.352216868414997775e-03
3.363242862869181282e-03
3.386121529830837806e-03
3.399971199203044581e-03
3.404380704192411233e-03
3.414738082883811421e-03
3.434529017338289192e-03
3.432549317227834296e-03
3.431800498492926232e-03
3.433556792814956848e-03
3.426886677492357869e-03
3.419234767056494873e-03
3.403917770750247707e-03
3.399898433913473017e-03
3.384254101986006180e-03
3.377593919658861132e-03
3.363465008577870563e-03
3.357438626850728358e-03
3.367366269314053806e-03
3.427730105003939931e-03
3.474372781582607539e-03
3.517064706053590895e-03
3.560747518638079923e-03
3.606525068342775198e-03
3.655933533363242560e-03
3.689465126656493732e-03
3.720693165974120475e-03
3.747169445352027672e-03
3.754783525618948792e-03
3.792471095534127867e-03
3.790786873611090568e-03
3.806380482379911889e-03
3.796902775239557881e-03
3.766603252490757781e-03
3.760884439222067499e-03
3.737591172670640116e-03
3.714953327020542595e-03
3.681090587477869880e-03
3.640570746323540385e-03
3.614069058153507319e-03
3.571113008795173682e-03
3.521858831230573195e-03
3.522281120152626066e-03
3.570387267632590955e-03
3.623795432544568706e-03
3.679468998864038332e-03
3.684776270787670782e-03
3.714770284364510289e-03
3.727611302946742811e-03
3.721041783491668697e-03
3.669170632878859806e-03
3.620343605086395744e-03
3.558210544553158661e-03
3.477263123240176279e-03
3.427850790295727812e-03
3.324753341140962437e-03
3.252273613737949320e-03
3.149880960636841642e-03
3.088606419582501372e-03
3.096666819324273012e-03
3.095524123352344503e-03
3.106237512643938992e-03
3.099650262648939725e-03
3.088047930765724924e-03
3.069491387407086158e-03
3.098242355817737437e-03
3.201613802654074137e-03
3.266685898678262090e-03
3.325783372590956910e-03
3.376963455194254005e-03
3.437862836579042014e-03
3.473009475718935590e-03
3.511905003833692973e-03
3.496790045916464695e-03
3.497637747730486524e-03
3.427221679293129819e-03
3.434136180564900664e-03
3.384981980865203743e-03
3.344395975390407338e-03
3.322264974404076643e-03
3.301331939380897085e-03
3.240449490188257453e-03
3.177010186592776897e-03
3.110556772269706949e-03
3.032532440063878676e-03
2.985601543665450386e-03
2.903628915480876982e-03
2.828921717078269893e-03
2.738464780717403402e-03
2.652024036986000421e-03
2.580947241983017060e-03
2.556798772419655030e-03
2.621248989149171926e-03
2.708206823762882021e-03
2.804401782307286428e-03
2.893903178127571474e-03
2.969070842226917417e-03
3.034688902163185098e-03
3.098349995235866183e-03
3.149779818339915050e-03
3.206122373140718462e-03
3.226278664853338141e-03
3.237262399774926136e-03
3.252671984436877883e-03
3.285953646647632453e-03
3.265360342611239863e-03
3.262667252956208408e-03
3.260756757858807031e-03
3.341916731051219891e-03
3.416144724150832479e-03
3.506694496704459985e-03
3.584492605877953597e-03
3.663723221056486290e-03
3.720259568413819551e-03
3.789107123406826316e-03
3.856183485220182616e-03
3.906902013427471232e-03
3.944245075058777639e-03
3.968430920974930221e-03
4.008697272452815819e-03
4.029532210344827226e-03
4.033179802831771132e-03
4.032313974114937194e-03
4.007459886150421813e-03
3.974103713432958207e-03
3.938581946515168353e-03
3.858177757550068643e-03
3.781514354873144468e-03
3.704245636977659961e-03
3.613826773306766382e-03
3.536506433398672877e-03
3.437061303452698668e-03
3.335552236966771167e-03
3.253822339182282919e-03
3.246415814297937130e-03
3.240349355634691841e-03
3.234490137477175065e-03
3.232149831338820833e-03
3.232485290736608619e-03
3.274821048055265305e-03
3.310548057768009089e-03
3.351298380865036508e-03
3.354474389758027586e-03
3.351947766539103979e-03
3.334614783396583348e-03
3.329820898359397985e-03
3.328765644823705738e-03
3.309238463753111370e-03
3.256551998621987076e-03
3.202127306405677665e-03
3.155567966520861356e-03
3.083835560082348604e-03
3.105255953559343807e-03
3.185260272882628474e-03
3.266113421738492395e-03
3.333425725470046119e-03
3.444481998759962860e-03
3.552391160085266453e-03
3.655667007444768357e-03
3.745746132019667218e-03
3.779450388801092187e-03
3.845092404280048282e-03
3.913185008003139398e-03
3.979895378196568467e-03
3.973102815529955256e-03
3.953198280110453711e-03
3.907961702305506879e-03
3.857519914581747367e-03
3.802514743851265200e-03
3.731070003985342831e-03
3.800412611447645528e-03
3.898953830370172069e-03
3.982726080419995984e-03
4.040270478340490801e-03
4.092450868646291262e-03
4.133732454169619652e-03
4.180591787778797919e-03
4.206841927446969276e-03
4.273350455329172348e-03
4.377487495161286324e-03
4.477208332479720720e-03
4.567199080596551219e-03
4.644397373961078879e-03
4.723949308328478924e-03
4.787294293018912184e-03
4.815280066547827920e-03
4.873544080226499542e-03
4.916293870415561207e-03
4.955304540572746941e-03
4.984539053133951736e-03
5.004384221753616080e-03
5.020194277560091622e-03
5.016454558323002466e-03
5.016883608043115617e-03
5.004753402821582320e-03
4.962587543575869287e-03
4.916325732278070682e-03
4.854898235213012114e-03
4.783726730062526356e-03
4.850774628635978747e-03
4.940834373288210957e-03
5.036775879823929269e-03
5.105107824873139633e-03
5.163998987767648430e-03
5.210350772419020116e-03
5.237952709456789036e-03
5.250477825587102076e-03
5.266991046662145015e-03
5.272028807765227754e-03
5.278932202736896784e-03
5.275185154126088571e-03
5.265975975492137584e-03
5.253664006940272913e-03
5.228173981464773190e-03
5.203841283655891159e-03
5.148318955403241581e-03
5.104566263553655947e-03
5.034916803314637423e-03
4.965649897148399772e-03
4.902337778483034647e-03
4.846443934357014260e-03
4.778823454491903933e-03
4.696307375472968948e-03
4.622883840619207430e-03
4.544155960768792024e-03
4.470513677340498537e-03
4.474389181978871699e-03
4.479837428212923855e-03
4.487282431871381094e-03
4.473597190506189980e-03
4.529358861001558934e-03
4.663789301479481786e-03
4.816298959404469171e-03
4.939400375568420154e-03
5.086418883961385529e-03
5.198653532251573672e-03
5.293990411989912825e-03
5.378799810432433048e-03
5.462693957718978144e-03
5.539070664001860544e-03
5.609656420517916686e-03
5.651471991828360686e-03
5.730531163872565337e-03
5.739462326107003243e-03
5.758049615489507778e-03
5.768714096541893710e-03
5.756428474960023633e-03
5.719833100270937942e-03
5.684705150869523438e-03
5.639724050156169621e-03
5.598812826132670839e-03
5.557247886101429613e-03
5.512528134171579275e-03
5.461455960123540176e-03
5.415872677719230088e-03
5.344558690813877577e-03
5.288506488013072770e-03
5.232127346225995401e-03
5.176604011586621867e-03
5.124449994902302574e-03
5.055136062592557877e-03
4.990692704920751677e-03
4.925079873404847319e-03
4.837294806839587125e-03
4.746779325385669379e-03
4.779640919618910466e-03
4.804415188137262094e-03
4.826185842761065992e-03
4.845939005866356508e-03
4.862775616413211877e-03
4.871147014185311930e-03
4.878576566573505913e-03
4.881707259478895722e-03
4.891494302606408384e-03
4.892974044111181309e-03
4.884244427201034355e-03
4.871539291728732568e-03
4.855093557937312232e-03
4.838336262916131947e-03
4.824247458215413786e-03
4.795366132276629445e-03
4.766202111100098504e-03
4.731278123683874126e-03
4.698976112864738930e-03
4.653190421377850772e-03
4.606637801203405935e-03
4.584308366526068657e-03
4.625181495402475029e-03
4.662297212061877749e-03
4.699338622982218716e-03
4.736305951080543863e-03
