# game: kuhn_poker 
# eval_every: 1 
# num_iterations: 1000 
# num_players: 2 
# bootstrap: False 
# truncate_negative: False 
# buffer_size: -1 
# num_hidden_layers: 2 
# num_hidden_units: 30 
# num_hidden_factors: 0 
# use_skip_connections: True 
# num_epochs: 200 
# batch_size: 1000 
# step_size: 0.01 
# 
5.198902950437434001e-01
2.486791239384143759e-01
1.598794823536032750e-01
1.199096114737217000e-01
9.307032244458690595e-02
8.547228209348931016e-02
8.340798807692084704e-02
8.351468298136607848e-02
8.176136538121758779e-02
7.138131691454455141e-02
6.531037318130331060e-02
6.132289029858500884e-02
5.513456727503840415e-02
4.986957386668894321e-02
4.401832036115227442e-02
4.182049492524339551e-02
4.024979242525225653e-02
4.046155106330837081e-02
3.826228751670726624e-02
3.401405556182221512e-02
3.031550287499670815e-02
2.887200407055576235e-02
2.791283584970172260e-02
2.683931208882631148e-02
2.612799591802092425e-02
2.695069114450854286e-02
2.763673836444319187e-02
2.783182695686989283e-02
2.697123246784313699e-02
2.471384327651759971e-02
2.407441913212313156e-02
2.285508339348446549e-02
2.173441373569526269e-02
2.074099986262459283e-02
2.158351958111753843e-02
2.168817544447551593e-02
2.044295106828286634e-02
1.900639622966399100e-02
1.843812198958968973e-02
1.821258979975640124e-02
1.823252996560698058e-02
1.851553639724498601e-02
1.833433421635197180e-02
1.770180973379684164e-02
1.656424826499294789e-02
1.648680912300759527e-02
1.656501522164605111e-02
1.641900864147627370e-02
1.614923017148159334e-02
1.579878377953908286e-02
1.522684731435219874e-02
1.449480961579319160e-02
1.363968921019720337e-02
1.281622113539845897e-02
1.216132401602951218e-02
1.314669873317061977e-02
1.381476147892823914e-02
1.399177820670627348e-02
1.344461731671994786e-02
1.247755114535409326e-02
1.140132184686576400e-02
1.050963275743391212e-02
1.026625039273873496e-02
1.032968905735551224e-02
1.084037626164918722e-02
1.118920905955064771e-02
1.186170852354687111e-02
1.240407398321993759e-02
1.275333607347090004e-02
1.281775029178192082e-02
1.251785632259397318e-02
1.183505870840068086e-02
1.157612041829977900e-02
1.150581671034517361e-02
1.116264394370744539e-02
1.059674534199286922e-02
9.832580693642317682e-03
9.062850145066275731e-03
8.669633802486975682e-03
9.108472585405341659e-03
9.221011935317019459e-03
9.001159662801100358e-03
8.872405154048551568e-03
8.672913775082724541e-03
8.740750773627153913e-03
8.825905129616645750e-03
8.822918205855095897e-03
9.043549857219473909e-03
9.133801362713411809e-03
9.075869886864262881e-03
8.874183086094000750e-03
8.553288448284790402e-03
8.500780543258229516e-03
8.657414115553013767e-03
8.720698844322916088e-03
8.716459753747407557e-03
8.685722248846033944e-03
8.470211806727190318e-03
8.159663278854867308e-03
7.795982161017483980e-03
7.391857155574638183e-03
6.978534865901137030e-03
6.620957538721133906e-03
6.513669964068602436e-03
7.055889429766648568e-03
7.416533840066519279e-03
7.620680348468661380e-03
7.524505553168497896e-03
7.155098649742896999e-03
6.739104144214524972e-03
6.275245160302700409e-03
5.764563819990270455e-03
5.724214351970319248e-03
5.695448390759305646e-03
5.887457154593517261e-03
6.205255702932011008e-03
6.535112859913899674e-03
6.853829339090705686e-03
7.158566513032094125e-03
7.414264487360489042e-03
7.581284131137538962e-03
7.660449712544786793e-03
7.621887538972887954e-03
7.320235700268740153e-03
6.848060001965972088e-03
6.789125406611223879e-03
6.687085046828300516e-03
6.497367592410541182e-03
6.216261574563564096e-03
5.890072406312951703e-03
5.520963933827921499e-03
5.290996970603395466e-03
5.400834099660384302e-03
5.510129408957592512e-03
5.491694456012274905e-03
5.259419312439256311e-03
5.034300140333680673e-03
4.995285209929201109e-03
5.131304002514075480e-03
5.435209264994467215e-03
5.779074303033232551e-03
6.043533212775065167e-03
6.246660819833022016e-03
6.340153467713688373e-03
6.331156130729209686e-03
6.191681509595897692e-03
5.947051603731851044e-03
5.775562003025869195e-03
5.945174024082539033e-03
6.050060561314712926e-03
6.039199320092558665e-03
5.912506476889761720e-03
5.709706498532057806e-03
5.447717106526334119e-03
5.153753250561610155e-03
4.868172069345894082e-03
4.574286524852616553e-03
4.294945897390350931e-03
4.046546050014226958e-03
4.209538055203299045e-03
4.381195942320115222e-03
4.564901513592650728e-03
4.759676211832403192e-03
4.838714801498972262e-03
4.740351160662209518e-03
4.615583412725110524e-03
4.479722317787426800e-03
4.292736167497951394e-03
4.336562831072948709e-03
4.419807705573514101e-03
4.484512181215427606e-03
4.545593671411857217e-03
4.599308909035565440e-03
4.643983156206010765e-03
4.689795327881940423e-03
4.740494677697881798e-03
4.791684330087725430e-03
4.840481627033682566e-03
4.893626176683069096e-03
4.938642846829793820e-03
4.902632850509014428e-03
4.803777093386002450e-03
4.661594593989459856e-03
4.539508535764541497e-03
4.434264655747671702e-03
4.320598226562000210e-03
4.196683834950837300e-03
4.055121791388505148e-03
3.913288096706157848e-03
3.878248617657065189e-03
3.994944284240853349e-03
4.052632909889469781e-03
4.048466557464852622e-03
3.967739028924222033e-03
3.770881400391612459e-03
3.510606822743039812e-03
3.280334237469650915e-03
3.134428724520660348e-03
3.331457945429522338e-03
3.503282549238428967e-03
3.717729508120326543e-03
3.951730143542248053e-03
4.170921915603781338e-03
4.362068502769100853e-03
4.523508804809089900e-03
4.644356631159141102e-03
4.704796209480888169e-03
4.707561276754951285e-03
4.658301636405043356e-03
4.562207720672867284e-03
4.391451955124664464e-03
4.354495621755133383e-03
4.367163214850006137e-03
4.324778863394884709e-03
4.221994890972746717e-03
4.093831474341752541e-03
3.934456720938339647e-03
3.749908328166101645e-03
3.547381769116675354e-03
3.347518506492841439e-03
3.147188293833147466e-03
2.961245041034121783e-03
2.973338743559983399e-03
3.035262489176571155e-03
3.032953779310787468e-03
3.089476989201284107e-03
3.230879632557082104e-03
3.313241836307184718e-03
3.315444949854168266e-03
3.306732818959101650e-03
3.350483295974843179e-03
3.482842433259136783e-03
3.584064597382030648e-03
3.658530658175507266e-03
3.704785803607890671e-03
3.718608758637831357e-03
3.714691882698517578e-03
3.687666279189538709e-03
3.644378737761189146e-03
3.593663085705883775e-03
3.619105458437438250e-03
3.683395485274382208e-03
3.734276168756683889e-03
3.749585537573707494e-03
3.726284519189076994e-03
3.662088876945579496e-03
3.572230163133544023e-03
3.458483193568923086e-03
3.339666363132515192e-03
3.213545670168516111e-03
3.088430534705727259e-03
2.969692626586889483e-03
2.857878602185726091e-03
2.752010804805610222e-03
2.744220316179157848e-03
2.881474355056506953e-03
2.983225541865697217e-03
3.040875899053163689e-03
3.055481852861863246e-03
3.001894608636868078e-03
2.900372958430152970e-03
2.731389338295503455e-03
2.554568608000268304e-03
2.406972748626862169e-03
2.504012774860731039e-03
2.616857730782351510e-03
2.729484854711250463e-03
2.859901240611750772e-03
2.980294877009931342e-03
3.111884440374579341e-03
3.227671390056308098e-03
3.342529910457942011e-03
3.434668687743946958e-03
3.491833937054128478e-03
3.540385616538105351e-03
3.563475295597140491e-03
3.575641274608409859e-03
3.534269340100981704e-03
3.442932894501565810e-03
3.302074433513602081e-03
3.222885297898436807e-03
3.189042961054988634e-03
3.138652428922972248e-03
3.071049602729858385e-03
2.982414503511388038e-03
2.887518191597188144e-03
2.778132031828473014e-03
2.662198378622443462e-03
2.542226014605963869e-03
2.423317166986793669e-03
2.341341548509373593e-03
2.347282111411802541e-03
2.339200534229146644e-03
2.301635431194187786e-03
2.238228334423053578e-03
2.195263138042274909e-03
2.229246224642794649e-03
2.288956036273853689e-03
2.440754664472355451e-03
2.582066362378870883e-03
2.714802225727730445e-03
2.838763014127804185e-03
2.942638126696373035e-03
3.027976843235219429e-03
3.090854674620335807e-03
3.118413325654184609e-03
3.127815054662586025e-03
3.107389079626432515e-03
3.065904828684767880e-03
3.009583161991902234e-03
2.974764143470365330e-03
3.025971091280332814e-03
3.035516104440805218e-03
3.018490085061442674e-03
2.980885306106934030e-03
2.917392126274426234e-03
2.837465354013274377e-03
2.745557463873254944e-03
2.641226209308150663e-03
2.538130225894968950e-03
2.429107019371962162e-03
2.322121531806553563e-03
2.218514970378338003e-03
2.122266719933929568e-03
2.035848881439650260e-03
2.030443911436002891e-03
2.088951205704708824e-03
2.143320363973799658e-03
2.220333355069686876e-03
2.264938831268603625e-03
2.273023046818672954e-03
2.252474036060575502e-03
2.180276348664134112e-03
2.153352141855191526e-03
2.220376472008844804e-03
2.282097641108121744e-03
2.344934616777760716e-03
2.403082518401600254e-03
2.453599422001961905e-03
2.504144704151972656e-03
2.547842318043863630e-03
2.586291674767454696e-03
2.617736652910374051e-03
2.648195688885857102e-03
2.674502746482176896e-03
2.700603252176664304e-03
2.714770249337611352e-03
2.707151853365091787e-03
2.683150553481727929e-03
2.636729589049618960e-03
2.570822602473432639e-03
2.535251685068407035e-03
2.494796127703369226e-03
2.446562184751477353e-03
2.389160304244464239e-03
2.328777222589478724e-03
2.265932879139759271e-03
2.196989485799216713e-03
2.125671113839960880e-03
2.055370798852096392e-03
1.984419555603911256e-03
1.927654868843692304e-03
1.948456623912714347e-03
1.954012830063245332e-03
1.937876170184898994e-03
1.893911134072223668e-03
1.837999484715413523e-03
1.755639736633091141e-03
1.718658137062123448e-03
1.813709947151048718e-03
1.914277201919584170e-03
2.016432433099957233e-03
2.117715335489406270e-03
2.216139275019984867e-03
2.308767802512795564e-03
2.392869477333275929e-03
2.465251935854839704e-03
2.528190659447371313e-03
2.570883599122414376e-03
2.598016028126037824e-03
2.609164433005378703e-03
2.602893089061308896e-03
2.570634210690619925e-03
2.516636157045365474e-03
2.443347495923453572e-03
2.446995868963353082e-03
2.437407659389129178e-03
2.411948054924922813e-03
2.373105750536008696e-03
2.323111336285738071e-03
2.260027432050670804e-03
2.190103723079261933e-03
2.114266631491612536e-03
2.033433396587264186e-03
1.951464068726455059e-03
1.870525751112794843e-03
1.790747618855365042e-03
1.714553270914992433e-03
1.643634564602924897e-03
1.580676749682818905e-03
1.602005781974308318e-03
1.690907530414731408e-03
1.754486622441042698e-03
1.798250672218337787e-03
1.823359183294043229e-03
1.813080164433933383e-03
1.835460324806331700e-03
1.900537514810174411e-03
1.957255093165632953e-03
2.008026259051387541e-03
2.053015628329712960e-03
2.088243208567069908e-03
2.118647740524642886e-03
2.142889459726210477e-03
2.159764763915217323e-03
2.176405396998121189e-03
2.187370874538796528e-03
2.199161294494933472e-03
2.209737609201872788e-03
2.217272637188349993e-03
2.214256626968447161e-03
2.202109131703711142e-03
2.196749346915133350e-03
2.182040721780603709e-03
2.153073358282436844e-03
2.123141027704333883e-03
2.080612604721948644e-03
2.033422022870157164e-03
1.984670525459059087e-03
1.934063429492677288e-03
1.881193823475679761e-03
1.827384251791935865e-03
1.772928757804770328e-03
1.718764967635677543e-03
1.664076936160996389e-03
1.612743233950025834e-03
1.578791765768999822e-03
1.614801197378001874e-03
1.631154344707202997e-03
1.628540491106389432e-03
1.618346407197851500e-03
1.582130414032933974e-03
1.522938547051599922e-03
1.477815505524171513e-03
1.500666660576716049e-03
1.570701448904615605e-03
1.643088930978947593e-03
1.717199489572385218e-03
1.792517257730830149e-03
1.865587742847479857e-03
1.934267429811009631e-03
1.998083211671108916e-03
2.058283166185476132e-03
2.109279492407412082e-03
2.152517923893426666e-03
2.188136647968852433e-03
2.209655854790798513e-03
2.222572098950909014e-03
2.219802644579021988e-03
2.189129830634656271e-03
2.140791247386086837e-03
2.079023813059022174e-03
2.057728276038117698e-03
2.044381039815190704e-03
2.023352930402122496e-03
1.990160360191145505e-03
1.950949154197356705e-03
1.904562650938690371e-03
1.850890683809031101e-03
1.790668675472117943e-03
1.727410704917997641e-03
1.663078143552654264e-03
1.597799229337310001e-03
1.533587431114674660e-03
1.471356950499297378e-03
1.413986137777184515e-03
1.359752850368711741e-03
1.349589358737662836e-03
1.359381265243070347e-03
1.412915271850112564e-03
1.454712786499945398e-03
1.487999112207205599e-03
1.497508622279902779e-03
1.492230292269941527e-03
1.559612888660077967e-03
1.624415129735518049e-03
1.682147409899942270e-03
1.737682053762679146e-03
1.779564302280850496e-03
1.813743687600982701e-03
1.845079509441072130e-03
1.867439587879771157e-03
1.883086516635462671e-03
1.892299453101570217e-03
1.899978389071216300e-03
1.906079181096587138e-03
1.909427963815074625e-03
1.910401401219424811e-03
1.901295825796789352e-03
1.893602806171512665e-03
1.890369047536616387e-03
1.877856199615640653e-03
1.858653236865598357e-03
1.832075635372049094e-03
1.799632032573689200e-03
1.761898431767189299e-03
1.721777443832034349e-03
1.678485076104213602e-03
1.633498181622228262e-03
1.588376372762517752e-03
1.542458516710698557e-03
1.497474971795892396e-03
1.453923941973855882e-03
1.411740083582163630e-03
1.370482307938708511e-03
1.333512207353698686e-03
1.325196583219528934e-03
1.345826054519438930e-03
1.353182618489823241e-03
1.345556785460499949e-03
1.322356966576981874e-03
1.283630975708049959e-03
1.252491338684075250e-03
1.276339630337880449e-03
1.328987262856212714e-03
1.384865164958087869e-03
1.444029132058988196e-03
1.502612440119455162e-03
1.562982199709156417e-03
1.621252944156770237e-03
1.677206119360785674e-03
1.730520156902476403e-03
1.778225194232124773e-03
1.821542431763328862e-03
1.858215444329625043e-03
1.889474087941656055e-03
1.912589152367499823e-03
1.919001938629788517e-03
1.909344187294909068e-03
1.885144354241224951e-03
1.841104140838739633e-03
1.791365950555512399e-03
1.756587661431108227e-03
1.748018986519300766e-03
1.730643361829792282e-03
1.707162586115251734e-03
1.676042638620228731e-03
1.638475170259445779e-03
1.597210404408078155e-03
1.549509447441310694e-03
1.499096127893673192e-03
1.446157850301776904e-03
1.392654187291703094e-03
1.338986004830261534e-03
1.286402453842871996e-03
1.237147743274935596e-03
1.192772852920104265e-03
1.154092751489615987e-03
1.120313259470567813e-03
1.163963083361696516e-03
1.212998381110858004e-03
1.249734982372296965e-03
1.272661619771353614e-03
1.290940028515791260e-03
1.337398134552136852e-03
1.388114879627255771e-03
1.436070191117078121e-03
1.477077209256022483e-03
1.515512196128110389e-03
1.547982556322546888e-03
1.573067911229825144e-03
1.593916429809383306e-03
1.611772120323706758e-03
1.624162600254830391e-03
1.632640994263773182e-03
1.640217949055777780e-03
1.648137198970445194e-03
1.657129157377840167e-03
1.663283807679105664e-03
1.660137783487308782e-03
1.650649989822394748e-03
1.634956749313937197e-03
1.624917861061336843e-03
1.607020489092447768e-03
1.584811352958181985e-03
1.558902411602614002e-03
1.528964057140647093e-03
1.495905440709960343e-03
1.463200297377620362e-03
1.428660567118877900e-03
1.394192904182106618e-03
1.357699302962506183e-03
1.322805752738326346e-03
1.287217709725285708e-03
1.252870190930593930e-03
1.218389785845513940e-03
1.186684048673641856e-03
1.156275170703296995e-03
1.133517421935154035e-03
1.144506107785187021e-03
1.148153664831369491e-03
1.139292833333027666e-03
1.117273229745446850e-03
1.091671468375632337e-03
1.080366837255763990e-03
1.117930655328336353e-03
1.160293585198146626e-03
1.210272275682905407e-03
1.261703058676649780e-03
1.313647065061984698e-03
1.366171457288234414e-03
1.418559018567910890e-03
1.468177137985471337e-03
1.515312031382998192e-03
1.556105685026981655e-03
1.596234110734728873e-03
1.628935268879860843e-03
1.655921196947740537e-03
1.674757292071199499e-03
1.688652673166562979e-03
1.682741360829104194e-03
1.662576771978924173e-03
1.631183494139903933e-03
1.591597364117985913e-03
1.548663725538967917e-03
1.545302551437366390e-03
1.534821678609410434e-03
1.517567129184771435e-03
1.494637432719964076e-03
1.465841561439196195e-03
1.431352385175499453e-03
1.392930510778739306e-03
1.350515838166366223e-03
1.306083570816324313e-03
1.260619785559746742e-03
1.214760057839658902e-03
1.171126015819867749e-03
1.128651474360614637e-03
1.088545343139540877e-03
1.051722970160401394e-03
1.018264821527115060e-03
9.915381482960283765e-04
1.008867051405876181e-03
1.051646525325744541e-03
1.085274144668718632e-03
1.112499974874114894e-03
1.117898621019575156e-03
1.155768257692674217e-03
1.193722315811190926e-03
1.233410140714735759e-03
1.271702858574863537e-03
1.305818420118398659e-03
1.335499025860414912e-03
1.362140951111118214e-03
1.382293635843662161e-03
1.398335421389590438e-03
1.419223731168567371e-03
1.435652180414970225e-03
1.447290105049625630e-03
1.453716983557035158e-03
1.456060447516421830e-03
1.458893713362885425e-03
1.460206284198184434e-03
1.459500413839187605e-03
1.454820274063711727e-03
1.444850958064958224e-03
1.430476951759185322e-03
1.418739763757059791e-03
1.402680610499001945e-03
1.382678063393760759e-03
1.360521735316394532e-03
1.333807258189656508e-03
1.305826230337453486e-03
1.278515160769794212e-03
1.250085692023727990e-03
1.221103652380761684e-03
1.191097797153789495e-03
1.163116539169256614e-03
1.134942324983678752e-03
1.105134875518359872e-03
1.076057773672589590e-03
1.049715930019262666e-03
1.023298270629136031e-03
9.992981769099129608e-04
1.007761646572236103e-03
1.007416084209178386e-03
1.006751907211222985e-03
9.940185165225878805e-04
9.751541526971385654e-04
9.609233472482325844e-04
9.546932347198611168e-04
9.921287898890795987e-04
1.034337771304211229e-03
1.080041968136935537e-03
1.126225144224168861e-03
1.174765688867346336e-03
1.222804401890709158e-03
1.271059064772039893e-03
1.317289906855562132e-03
1.359295783111835743e-03
1.399142947455550567e-03
1.433408658136431368e-03
1.463576034663627290e-03
1.489580593959871635e-03
1.509948769759600351e-03
1.518720232410758486e-03
1.518374095553887138e-03
1.503189682500627455e-03
1.482874261544087080e-03
1.450203215928702605e-03
1.411475559760455578e-03
1.390808041729835187e-03
1.382978001834039850e-03
1.371981666622584806e-03
1.355001406864730917e-03
1.331660516185245724e-03
1.303377338585709477e-03
1.271404421050559286e-03
1.234879480824346842e-03
1.196183861440991425e-03
1.156274893915093527e-03
1.114706075467791768e-03
1.073474199021567932e-03
1.032453968781543718e-03
9.942149798345401024e-04
9.580331029190869430e-04
9.245275547111464487e-04
8.967661519616310084e-04
9.067180799186003171e-04
9.172404149725976730e-04
9.589642058064618002e-04
9.932525315664852972e-04
1.017132490129635247e-03
1.034392520955051964e-03
1.034366721460011629e-03
1.032237683863068689e-03
1.060432552726614519e-03
1.089116590747868374e-03
1.115325980410697415e-03
1.138255182295017098e-03
1.163430738169823897e-03
1.193192418509902986e-03
1.218721182088183808e-03
1.241597784404940841e-03
1.261693445504252775e-03
1.277789728984873863e-03
1.292850181845939250e-03
1.304407725470524415e-03
1.313368613974380539e-03
1.319250609333355584e-03
1.334931965197377890e-03
1.347989692032092179e-03
1.354642229915686835e-03
1.355170871446681469e-03
1.348129496727246135e-03
1.336934851103199762e-03
1.319979263401299674e-03
1.296783417809421746e-03
1.267131202140475699e-03
1.233534636421396158e-03
1.197871353791374327e-03
1.181130552474068951e-03
1.162322606117871526e-03
1.140830368640516346e-03
1.117208750917780824e-03
1.092501817802876696e-03
1.066159548566980586e-03
1.040025478213968402e-03
1.011096163162750194e-03
9.823190473407794610e-04
9.543595725456099910e-04
9.256638835845876212e-04
9.000823225256415760e-04
8.734744455729526180e-04
8.538366625556181866e-04
8.431744463470447482e-04
8.296983308263006229e-04
8.151474666449609607e-04
8.322123884216270362e-04
8.648337023196561724e-04
9.035578842053748616e-04
9.438252067457131300e-04
9.896200258703857777e-04
1.037039659555344384e-03
1.083191945273204171e-03
1.127447636201067693e-03
1.168800240256978595e-03
1.207847077633938948e-03
1.241599743913690546e-03
1.269952736871388099e-03
1.292432498032375365e-03
1.308251997471143735e-03
1.319223182530332439e-03
1.324618711660036086e-03
1.323732142763461850e-03
1.315089111421335888e-03
1.301484647704354014e-03
1.282628640652955232e-03
1.256830269412978485e-03
1.257542271068445849e-03
1.257395259612575922e-03
1.251585652998349341e-03
1.238509451735703149e-03
1.221507878236022249e-03
1.199035967548028880e-03
1.172775397917297235e-03
1.144873818586411574e-03
1.113651294532197467e-03
1.081026846760674287e-03
1.048649763411263480e-03
1.015534686650026996e-03
9.832639920667740618e-04
9.517489890618346937e-04
9.225163438849048880e-04
8.951611324666264302e-04
8.700287973112952322e-04
8.617357958891347369e-04
8.561814103034415258e-04
8.519027296821635176e-04
8.491493034854524780e-04
8.494533831614192732e-04
8.722163422275053257e-04
8.915047008266896444e-04
8.983168671599095489e-04
8.988831724949519764e-04
8.839156015650884157e-04
8.722944632414408872e-04
8.872582071236811974e-04
9.111550167388571264e-04
9.448602041800813200e-04
9.769916479865359271e-04
1.007317961827125519e-03
1.036011759329130699e-03
1.064287916972717074e-03
1.090737374277644944e-03
1.115951500514467121e-03
1.140603077422058798e-03
1.162827694714096971e-03
1.182877532480752780e-03
1.201030217066578754e-03
1.220129499871547285e-03
1.242539017724586525e-03
1.262849476401567417e-03
1.274035335639134292e-03
1.279175033794988092e-03
1.276434636358847463e-03
1.264096176617129919e-03
1.246311283114781565e-03
1.220019573015984626e-03
1.188630514268651517e-03
1.152843234435235731e-03
1.127140574072899026e-03
1.116525694688175196e-03
1.103439455682780901e-03
1.086705091252443411e-03
1.066056753609323504e-03
1.043456217742683156e-03
1.017724572501321756e-03
9.904714341917864040e-04
9.604298365766816836e-04
9.296316151927164206e-04
8.985791669932352566e-04
8.669368804287980179e-04
8.355800822364978231e-04
8.064899253450719119e-04
7.784076797758554545e-04
7.543271946245100334e-04
7.331716212658212495e-04
7.427133227842497298e-04
7.625886368426426642e-04
7.868684100680034543e-04
8.121367760962894256e-04
8.403362271638681325e-04
8.737904037895705134e-04
9.058602702400608830e-04
9.431526398945566658e-04
9.780806842834000037e-04
1.011365894294957712e-03
1.041325248123392555e-03
1.067123748198811617e-03
1.088540670641735542e-03
1.106197135867487136e-03
1.124127516201667287e-03
1.139767678273645446e-03
1.150868349040518046e-03
1.157588852280511116e-03
1.159575467247930813e-03
1.159152824159015438e-03
1.150672601711810739e-03
1.138528417022832695e-03
1.119340297154630681e-03
1.119859103967613123e-03
1.118146308251632970e-03
1.111831654786260559e-03
1.102363970631015100e-03
1.090165009485777325e-03
1.075592024781274469e-03
1.057930876416007804e-03
1.038246462990499719e-03
1.016814366843726836e-03
9.950538044755652400e-04
9.733763386104987703e-04
9.524220988807452493e-04
9.294575052986309149e-04
9.082159653549803924e-04
8.890154306958608643e-04
8.690027046162895896e-04
8.495807608321082061e-04
8.309363342880182746e-04
8.142304423587043427e-04
7.985535398252197048e-04
7.841541355963765891e-04
7.708777577010716975e-04
7.590536734704000921e-04
7.484331208627847953e-04
7.396180980665245652e-04
7.324691041270814384e-04
7.273080344889493176e-04
7.239440793783968875e-04
7.305699109812213710e-04
7.444246735797133141e-04
7.715670069838864720e-04
8.010538896257579644e-04
8.343525107363247706e-04
8.680382787153162472e-04
9.012382977373056825e-04
9.340623464065833659e-04
9.660846139870893357e-04
9.968882560658365311e-04
1.026731749250164860e-03
1.053971182277069207e-03
1.084138479634261243e-03
1.114949538163545473e-03
1.143222201300142515e-03
1.165731680040055229e-03
1.181489467598578758e-03
1.190501512257385874e-03
1.189836621032669406e-03
1.181402189985442108e-03
1.164521880163665868e-03
1.139494058650852848e-03
1.108973299614984809e-03
1.075018012958922631e-03
1.060966319880923825e-03
1.056862762718879800e-03
1.049671126594320381e-03
1.037066990184687398e-03
1.021516605473588024e-03
1.001608166730727500e-03
9.789200476253423489e-04
9.540355729890093173e-04
9.259366705636207229e-04
8.965256846995006690e-04
8.665780900500574813e-04
8.370132818480424675e-04
8.074542232210379922e-04
7.790472159582284561e-04
7.521029948099611229e-04
7.279987376646868125e-04
7.175618892856505671e-04
7.267420829401849414e-04
7.390443240675170777e-04
7.520292649652315919e-04
7.646413950833097495e-04
7.782662492525072029e-04
7.921215271446679917e-04
8.063124317922998330e-04
8.190596165652819227e-04
8.331315695118413078e-04
8.469940429746691812e-04
8.592279656456369707e-04
8.744495476746272367e-04
8.883701737157634337e-04
9.114898536841942178e-04
9.324487747321696940e-04
9.512500736575113525e-04
9.680414800023739996e-04
9.821524725765196084e-04
9.946158027543117175e-04
1.005285737688293990e-03
1.013853018909799397e-03
1.020856387270979715e-03
1.024025698699471132e-03
1.024219085626221215e-03
1.020383177352618409e-03
1.028113824221577044e-03
1.034168600917290126e-03
1.037608340435064447e-03
1.038782054534614918e-03
1.036225104136340169e-03
1.030360118012829673e-03
1.021130523642194143e-03
1.008562489747372171e-03
9.927353942616179427e-04
9.733162170442732908e-04
9.499717691917319851e-04
9.249635313045845297e-04
8.971908089746016834e-04
8.804844711939041613e-04
8.682436415344552127e-04
