# game: kuhn_poker 
# eval_every: 1 
# num_iterations: 1000 
# num_players: 2 
# bootstrap: False 
# truncate_negative: False 
# buffer_size: -1 
# num_hidden_layers: 2 
# num_hidden_units: 5 
# num_hidden_factors: 0 
# use_skip_connections: True 
# num_epochs: 200 
# batch_size: 1000 
# step_size: 0.01 
# 
4.396482799911866080e-01
4.131924728408431502e-01
4.126928123241961344e-01
4.797296330159211974e-01
5.210522715801562121e-01
4.988031004866534390e-01
4.718026487737599362e-01
4.545889323617616773e-01
4.413659790991216192e-01
4.307692893134786871e-01
4.223592823480826208e-01
4.150695784442048897e-01
4.089861542919919213e-01
4.037813665033660460e-01
3.992401267137405396e-01
3.954170574455896925e-01
3.920782255247921011e-01
3.889182092682930136e-01
3.863245812140070345e-01
3.840057505880143940e-01
3.818804369751200301e-01
3.798392006296590351e-01
3.780054892650978049e-01
3.763242954745139035e-01
3.746953431749651120e-01
3.731929178403018965e-01
3.719835498428142317e-01
3.707424341897769260e-01
3.695476052586684768e-01
3.684206997398051242e-01
3.673648890347348539e-01
3.664974406519810879e-01
3.655298645782315559e-01
3.646262468574905102e-01
3.637749495306995540e-01
3.629723140953181604e-01
3.622918506217478463e-01
3.617018138390355464e-01
3.611638987950930302e-01
3.606049370687907096e-01
3.601619595844288146e-01
3.596676452692137982e-01
3.593431858521703992e-01
3.591431790306442995e-01
3.588454760965522627e-01
3.584977193527457695e-01
3.581599768672479311e-01
3.580401793896730300e-01
3.578549168364404398e-01
3.573644851662627353e-01
3.568932861106062782e-01
3.564402100955561536e-01
3.560042312886249061e-01
3.555843998449168541e-01
3.551798349991650006e-01
3.547897188979074468e-01
3.544132910809073556e-01
3.540498435334615279e-01
3.536987162418638864e-01
3.533592931933218217e-01
3.530309987693241447e-01
3.527132944880381205e-01
3.524056760569536095e-01
3.521076707018421792e-01
3.518188347422743223e-01
3.515387513875434244e-01
3.512670287299701211e-01
3.510032979152680754e-01
3.507472114720078804e-01
3.504984417842706979e-01
3.502566796933723192e-01
3.500216332161111277e-01
3.497930263683649565e-01
3.495705980840723703e-01
3.493541012206952123e-01
3.491433016431972347e-01
3.489379773794013540e-01
3.487379178403190449e-01
3.485429230996951455e-01
3.483528032275876596e-01
3.481673776733106296e-01
3.479864746935288355e-01
3.478099308216942576e-01
3.476375903753800567e-01
3.474693049983914594e-01
3.473049332348218110e-01
3.471443401324840750e-01
3.469873968733818703e-01
3.468339804290913042e-01
3.466839732391188700e-01
3.465372629104648272e-01
3.463937419367820736e-01
3.462533074356518581e-01
3.461158609026313004e-01
3.459813079808324865e-01
3.458495582449049310e-01
3.457205249983781870e-01
3.455941250834135836e-01
3.454702787020849097e-01
3.453489092483830736e-01
3.452299431502003912e-01
3.451133097206097733e-01
3.449989410178075921e-01
3.448867717131364197e-01
3.447767389666498428e-01
3.446687823097197567e-01
3.445628435342278917e-01
3.444588665879119160e-01
3.443567974754736527e-01
3.442565841650798153e-01
3.441581764999184778e-01
3.440615261144923664e-01
3.439665863553571512e-01
3.438733122060315672e-01
3.437816602158247914e-01
3.436915884323458736e-01
3.436030563374735669e-01
3.435160247865823857e-01
3.434304559508323251e-01
3.433463132623449376e-01
3.432635613620971249e-01
3.431821660503781013e-01
3.431020942396627582e-01
3.430233139097654815e-01
3.429457940651466918e-01
3.428695046942521474e-01
3.427944167307733769e-01
3.427205020167241045e-01
3.426477332672338560e-01
3.425760840369665994e-01
3.425055286880774874e-01
3.424360423596263248e-01
3.423676009383698760e-01
3.423001810308636816e-01
3.422337599368020511e-01
3.421683156235356127e-01
3.421038267017038059e-01
3.420402724019275809e-01
3.419776325525079042e-01
3.419158875580801116e-01
3.418550183791760899e-01
3.417950065126510450e-01
3.417358339729307248e-01
3.416774832740397949e-01
3.416199374123751187e-01
3.415631798501852501e-01
3.415071944997261078e-01
3.414519657080568038e-01
3.413974782424503140e-01
3.413437172763853500e-01
3.412906683760961180e-01
3.412383174876528757e-01
3.411866509245486956e-01
3.411356553557707283e-01
3.410853177943318215e-01
3.410356255862446728e-01
3.409865663999167573e-01
3.409381282159473781e-01
3.408902993173110740e-01
3.408430682799077904e-01
3.407964239634659886e-01
3.407503555027828757e-01
3.407048522992859318e-01
3.406599040129050238e-01
3.406155005542377268e-01
3.405716320770002525e-01
3.405282889707477167e-01
3.404854618538553090e-01
3.404431415667487082e-01
3.404013191653727510e-01
3.403599859148901396e-01
3.403191332835992511e-01
3.402787529370632225e-01
3.402388367324413743e-01
3.401993767130152557e-01
3.401603651029007636e-01
3.401217943019401724e-01
3.400836568807656946e-01
3.400459455760290739e-01
3.400086532857893862e-01
3.399717730650552161e-01
3.399352981214718850e-01
3.398992218111518415e-01
3.398635376346397230e-01
3.398282392330087553e-01
3.397933203840836081e-01
3.397587749987833194e-01
3.397245971175819057e-01
3.396907809070811579e-01
3.396573206566909642e-01
3.396242107754147699e-01
3.395914457887352356e-01
3.395590203355964842e-01
3.395269291654797739e-01
3.394951671355693756e-01
3.394637292080051050e-01
3.394326104472180639e-01
3.394018060173481510e-01
3.393713111797382331e-01
3.393411212905044216e-01
3.393112317981784587e-01
3.392816382414201026e-01
3.392523362467972925e-01
3.392233215266315383e-01
3.391945898769065382e-01
3.391661371752370258e-01
3.391379593788977354e-01
3.391100525229078233e-01
3.390824127181715220e-01
3.390550361496706966e-01
3.390279190747103044e-01
3.390010578212117043e-01
3.389744487860558708e-01
3.389480884334716282e-01
3.389219732934695695e-01
3.388960999603194413e-01
3.388704650910691618e-01
3.388450654041056387e-01
3.388198976777538340e-01
3.387949587489141878e-01
3.387702455117382883e-01
3.387457549163387927e-01
3.387214839675347644e-01
3.386974297236308162e-01
3.386735892952282834e-01
3.386499598440681491e-01
3.386265385819051676e-01
3.386033227694101866e-01
3.385803097151030006e-01
3.385574967743115726e-01
3.385348813481590113e-01
3.385124608825765824e-01
3.384902328673427552e-01
3.384681948351450087e-01
3.384463443606681166e-01
3.384246790597038035e-01
3.384031965882834392e-01
3.383818946418329920e-01
3.383607709543486886e-01
3.383398232975933784e-01
3.383190494803133275e-01
3.382984473474735521e-01
3.382780147795131365e-01
3.382577496916179816e-01
3.382376500330118163e-01
3.382177137862641958e-01
3.381979389666157076e-01
3.381783236213193877e-01
3.381588658289971239e-01
3.381395636990136566e-01
3.381204153708625704e-01
3.381014190135699371e-01
3.380825728251095619e-01
3.380638750318340491e-01
3.380453238879174704e-01
3.380269176748127991e-01
3.380086547007206121e-01
3.379905333000710055e-01
3.379725518330170542e-01
3.379547086849405968e-01
3.379370022659681227e-01
3.379194310104992605e-01
3.379019933767449801e-01
3.378846878462766767e-01
3.378675129235856334e-01
3.378504671356516997e-01
3.378335490315222955e-01
3.378167571819015169e-01
3.378000901787462373e-01
3.377835466348736437e-01
3.377671251835757116e-01
3.377508244782431723e-01
3.377346431919974190e-01
3.377185800173301278e-01
3.377026336657512617e-01
3.376868028674447353e-01
3.376710863709310173e-01
3.376554829427375060e-01
3.376399913670758979e-01
3.376246104455262187e-01
3.376093389967277369e-01
3.375941758560768169e-01
3.375791198754304334e-01
3.375641699228167369e-01
3.375493248821512804e-01
3.375345836529590193e-01
3.375199451501025294e-01
3.375054083035159413e-01
3.374909720579438166e-01
3.374766353726859625e-01
3.374623972213474099e-01
3.374482565915933319e-01
3.374342124849093461e-01
3.374202639163659811e-01
3.374064099143890827e-01
3.373926495205335496e-01
3.373789817892630660e-01
3.373654057877324974e-01
3.373519205955768374e-01
3.373385253047021526e-01
3.373252190190824118e-01
3.373120008545595905e-01
3.372988699386474387e-01
3.372858254103400233e-01
3.372728664199230453e-01
3.372599921287898761e-01
3.372472017092602581e-01
3.372344943444027798e-01
3.372218692278616814e-01
3.372093255636852693e-01
3.371968625661595498e-01
3.371844794596436934e-01
3.371721754784089420e-01
3.371599498664815675e-01
3.371478018774869412e-01
3.371357307744986542e-01
3.371237358298888598e-01
3.371118163251822786e-01
3.370999715509127581e-01
3.370882008064823854e-01
3.370765034000234861e-01
3.370648786482631776e-01
3.370533258763899198e-01
3.370418444179232864e-01
3.370304336145856228e-01
3.370190928161764798e-01
3.370078213804487688e-01
3.369966186729875801e-01
3.369854840670916118e-01
3.369744169436554859e-01
3.369634166910560613e-01
3.369524827050384141e-01
3.369416143886064807e-01
3.369308111519137006e-01
3.369200724121563240e-01
3.369093975934689955e-01
3.368987861268212813e-01
3.368882374499171384e-01
3.368777510070950498e-01
3.368673262492306586e-01
3.368569626336411771e-01
3.368466596239907407e-01
3.368364166901983703e-01
3.368262333083467119e-01
3.368161089605926639e-01
3.368060431350800021e-01
3.367960353258527828e-01
3.367860850327705213e-01
3.367761917614250367e-01
3.367663550230587388e-01
3.367565743344836937e-01
3.367468492180028528e-01
3.367371792013320597e-01
3.367275638175238894e-01
3.367180026048919861e-01
3.367084951069378995e-01
3.366990408722775330e-01
3.366896394545706994e-01
3.366802904124500118e-01
3.366709933094521601e-01
3.366617477139501879e-01
3.366525531990862685e-01
3.366434093427064789e-01
3.366343157272957409e-01
3.366252719399147608e-01
3.366162775721369682e-01
3.366073322199873430e-01
3.365984354838819637e-01
3.365895869685686659e-01
3.365807862830676456e-01
3.365720330406152816e-01
3.365633268586061266e-01
3.365546673585381732e-01
3.365460541659570648e-01
3.365374869104031941e-01
3.365289652253574681e-01
3.365204887481900720e-01
3.365120571201082322e-01
3.365036699861059244e-01
3.364953269949141346e-01
3.364870277989516767e-01
3.364787720542770644e-01
3.364705594205406602e-01
3.364623895609383242e-01
3.364542621421650614e-01
3.364461768343699477e-01
3.364381333111112760e-01
3.364301312493125362e-01
3.364221703292197829e-01
3.364142502343583363e-01
3.364063706514910379e-01
3.363985312705770614e-01
3.363907317847314449e-01
3.363829718901845678e-01
3.363752512862429600e-01
3.363675696752504996e-01
3.363599267625502764e-01
3.363523222564464565e-01
3.363447558681676997e-01
3.363372273118304667e-01
3.363297363044025490e-01
3.363222825656683179e-01
3.363148658181933093e-01
3.363074857872899726e-01
3.363001422009836983e-01
3.362928347899794002e-01
3.362855632876287082e-01
3.362783274298973279e-01
3.362711269553334548e-01
3.362639616050357438e-01
3.362568311226226125e-01
3.362497352542017648e-01
3.362426737483398820e-01
3.362356463560329800e-01
3.362286528306768218e-01
3.362216929280388289e-01
3.362147664062287156e-01
3.362078730256714554e-01
3.362010125490785262e-01
3.361941847414218199e-01
3.361873893699059423e-01
3.361806262039422899e-01
3.361738950151227923e-01
3.361671955771937670e-01
3.361605276660315500e-01
3.361538910596165719e-01
3.361472855380092106e-01
3.361407108833252000e-01
3.361341668797120374e-01
3.361276533133248923e-01
3.361211699723037905e-01
3.361147166467505221e-01
3.361082931287054931e-01
3.361018992121260762e-01
3.360955346928642395e-01
3.360891993686451751e-01
3.360828930390445946e-01
3.360766155054698001e-01
3.360703665711367583e-01
3.360641460410506709e-01
3.360579537219853252e-01
3.360517894224633317e-01
3.360456529527360847e-01
3.360395441247642223e-01
3.360334627521991413e-01
3.360274086503629021e-01
3.360213816362306316e-01
3.360153815284114831e-01
3.360094081471306504e-01
3.360034613142109383e-01
3.359975408530557761e-01
3.359916465886315651e-01
3.359857783474496928e-01
3.359799359575506017e-01
3.359741192484861916e-01
3.359683280513037218e-01
3.359625621985289912e-01
3.359568215241506839e-01
3.359511058636041048e-01
3.359454150537555250e-01
3.359397489328868058e-01
3.359341073406798550e-01
3.359284901182016392e-01
3.359228971078892512e-01
3.359173281535352551e-01
3.359117831002728649e-01
3.359062617945619555e-01
3.359007640841745745e-01
3.358952898181811753e-01
3.358898388469366836e-01
3.358844110220668422e-01
3.358790061964550544e-01
3.358736242242283954e-01
3.358682649607453996e-01
3.358629282625822388e-01
3.358576139875206756e-01
3.358523219945348526e-01
3.358470521437790790e-01
3.358418042965755079e-01
3.358365783154019790e-01
3.358313740638798617e-01
3.358261914067623977e-01
3.358210302099228772e-01
3.358158903403430373e-01
3.358107716661016262e-01
3.358056740563633569e-01
3.358005973813672496e-01
3.357955415124161958e-01
3.357905063218658004e-01
3.357854916831135572e-01
3.357804974705884682e-01
3.357755235597402743e-01
3.357705698270294636e-01
3.357656361499165021e-01
3.357607224068526186e-01
3.357558284772688140e-01
3.357509542415666459e-01
3.357460995811081261e-01
3.357412643782067274e-01
3.357364485161168366e-01
3.357316518790253723e-01
3.357268743520417376e-01
3.357221158211893819e-01
3.357173761733959205e-01
3.357126552964848631e-01
3.357079530791661215e-01
3.357032694110283488e-01
3.356986041825288369e-01
3.356939572849860776e-01
3.356893286105709917e-01
3.356847180522983809e-01
3.356801255040191556e-01
3.356755508604113425e-01
3.356709940169734230e-01
3.356664548700148409e-01
3.356619333166490082e-01
3.356574292547855887e-01
3.356529425831225044e-01
3.356484732011382199e-01
3.356440210090846366e-01
3.356395859079794874e-01
3.356351677995987326e-01
3.356307665864700640e-01
3.356263821718647455e-01
3.356220144597912292e-01
3.356176633549880495e-01
3.356133287629164963e-01
3.356090105897542863e-01
3.356047087423885689e-01
3.356004231284090977e-01
3.355961536561018477e-01
3.355919002344424085e-01
3.355876627730893791e-01
3.355834411823782060e-01
3.355792353733144662e-01
3.355750452575680942e-01
3.355708707474670538e-01
3.355667117559908985e-01
3.355625681967651097e-01
3.355584399840549903e-01
3.355543270327595584e-01
3.355502292584063850e-01
3.355461465771445995e-01
3.355420789057404485e-01
3.355380261615708015e-01
3.355339882626178216e-01
3.355299651274638029e-01
3.355259566752846201e-01
3.355219628258455655e-01
3.355179834994954646e-01
3.355140186171611250e-01
3.355100681003425622e-01
3.355061318711073381e-01
3.355022098520860085e-01
3.354983019664665722e-01
3.354944081379896414e-01
3.354905282909435016e-01
3.354866623501591705e-01
3.354828102410054580e-01
3.354789718893845807e-01
3.354751472217266661e-01
3.354713361649857006e-01
3.354675386466345888e-01
3.354637545946606014e-01
3.354599839375607684e-01
3.354562266043376595e-01
3.354524825244945552e-01
3.354487516280311166e-01
3.354450338454393332e-01
3.354413291076986936e-01
3.354376373462724104e-01
3.354339584931028684e-01
3.354302924806076280e-01
3.354266392416749287e-01
3.354229987096604138e-01
3.354193708183820233e-01
3.354157555021166637e-01
3.354121526955962107e-01
3.354085623340032352e-01
3.354049843529675057e-01
3.354014186885618809e-01
3.353978652772985902e-01
3.353943240561253480e-01
3.353907949624218565e-01
3.353872779339959198e-01
3.353837729090800579e-01
3.353802798263274543e-01
3.353767986248087363e-01
3.353733292440082003e-01
3.353698716238205368e-01
3.353664257045472219e-01
3.353629914268930756e-01
3.353595687319628760e-01
3.353561575612580281e-01
3.353527578566731782e-01
3.353493695604930491e-01
3.353459926153888881e-01
3.353426269644154689e-01
3.353392725510079275e-01
3.353359293189783763e-01
3.353325972125130727e-01
3.353292761761688112e-01
3.353259661548705362e-01
3.353226670939076226e-01
3.353193789389313784e-01
3.353161016359518243e-01
3.353128351313345856e-01
3.353095793717983386e-01
3.353063343044116462e-01
3.353030998765901827e-01
3.352998760360937913e-01
3.352966627310238201e-01
3.352934599098202906e-01
3.352902675212591777e-01
3.352870855144495232e-01
3.352839138388308271e-01
3.352807524441702713e-01
3.352776012805604444e-01
3.352744602984162325e-01
3.352713294484724882e-01
3.352682086817814211e-01
3.352650979497098227e-01
3.352619972039371232e-01
3.352589063964521165e-01
3.352558254795511283e-01
3.352527544058350184e-01
3.352496931282072934e-01
3.352466415998714977e-01
3.352435997743284934e-01
3.352405676053744621e-01
3.352375450470985729e-01
3.352345320538805407e-01
3.352315285803882938e-01
3.352285345815758655e-01
3.352255500126809507e-01
3.352225748292228524e-01
3.352196089869999840e-01
3.352166524420882032e-01
3.352137051508381482e-01
3.352107670698732944e-01
3.352078381560876785e-01
3.352049183666441223e-01
3.352020076589716790e-01
3.351991059907641346e-01
3.351962133199773985e-01
3.351933296048276723e-01
3.351904548037898390e-01
3.351875888755945776e-01
3.351847317792274739e-01
3.351818834739259678e-01
3.351790439191784654e-01
3.351762130747215629e-01
3.351733909005387702e-01
3.351705773568579017e-01
3.351677724041502437e-01
3.351649760031275571e-01
3.351621881147412996e-01
3.351594087001797950e-01
3.351566377208673453e-01
3.351538751384619541e-01
3.351511209148535508e-01
3.351483750121623251e-01
3.351456373927372834e-01
3.351429080191537513e-01
3.351401868542126516e-01
3.351374738609380066e-01
3.351347690025757164e-01
3.351320722425917831e-01
3.351293835446704783e-01
3.351267028727132891e-01
3.351240301908363639e-01
3.351213654633697914e-01
3.351187086548556016e-01
3.351160597300461563e-01
3.351134186539028170e-01
3.351107853915942236e-01
3.351081599084948515e-01
3.351055421701834014e-01
3.351029321424413010e-01
3.351003297912513723e-01
3.350977350827962775e-01
3.350951479834568536e-01
3.350925684598108356e-01
3.350899964786318019e-01
3.350874320068868428e-01
3.350848750117357833e-01
3.350823254605299062e-01
3.350797833208101206e-01
3.350772485603057960e-01
3.350747211469332631e-01
3.350722010487948710e-01
3.350696882341770988e-01
3.350671826715496127e-01
3.350646843295636557e-01
3.350621931770511042e-01
3.350597091830226915e-01
3.350572323166672861e-01
3.350547625473501712e-01
3.350522998446119338e-01
3.350498441781671888e-01
3.350473955179034125e-01
3.350449538338797772e-01
3.350425190963256528e-01
3.350400912756394955e-01
3.350376703423879610e-01
3.350352562673042933e-01
3.350328490212873267e-01
3.350304485754003192e-01
3.350280549008698427e-01
3.350256679690846173e-01
3.350232877515940122e-01
3.350209142201076573e-01
3.350185473464936670e-01
3.350161871027776961e-01
3.350138334611421076e-01
3.350114863939244181e-01
3.350091458736166317e-01
3.350068118728641853e-01
3.350044843644642278e-01
3.350021633213654537e-01
3.349998487166662708e-01
3.349975405236145232e-01
3.349952387156058808e-01
3.349929432661827855e-01
3.349906541490339507e-01
3.349883713379930295e-01
3.349860948070375044e-01
3.349838245302878548e-01
3.349815604820066683e-01
3.349793026365975313e-01
3.349770509686039177e-01
3.349748054527087460e-01
3.349725660637327129e-01
3.349703327766341276e-01
3.349681055665071350e-01
3.349658844085814380e-01
3.349636692782215763e-01
3.349614601509249279e-01
3.349592570023219862e-01
3.349570598081745842e-01
3.349548685443758389e-01
3.349526831869485965e-01
3.349505037120446005e-01
3.349483300959441578e-01
3.349461623150547518e-01
3.349440003459102089e-01
3.349418441651704770e-01
3.349396937496199600e-01
3.349375490761669072e-01
3.349354101218430801e-01
3.349332768638024760e-01
3.349311492793203837e-01
3.349290273457931066e-01
3.349269110407367966e-01
3.349248003417865105e-01
3.349226952266960433e-01
3.349205956733362077e-01
3.349185016596949449e-01
3.349164131638762698e-01
3.349143301640992165e-01
3.349122526386973941e-01
3.349101805661181541e-01
3.349081139249218131e-01
3.349060526937809312e-01
3.349039968514796461e-01
3.349019463769128402e-01
3.348999012490854743e-01
3.348978614471118664e-01
3.348958269502148033e-01
3.348937977377253183e-01
3.348917737890814150e-01
3.348897550838278447e-01
3.348877416016150521e-01
3.348857333221985644e-01
3.348837302254388248e-01
3.348817322912994165e-01
3.348797394998477284e-01
3.348777518312531787e-01
3.348757692657873264e-01
3.348737917838225941e-01
3.348718193658321574e-01
3.348698519923890560e-01
3.348678896441654174e-01
3.348659323019321787e-01
3.348639799465580880e-01
3.348620325590094815e-01
3.348600901203491187e-01
3.348581526117361262e-01
3.348562200144250545e-01
3.348542923097653778e-01
3.348523694792010508e-01
3.348504515042692864e-01
3.348485383666010562e-01
3.348466300479193136e-01
3.348447265300393827e-01
3.348428277948675147e-01
3.348409338244013322e-01
3.348390446007283305e-01
3.348371601060255998e-01
3.348352803225597141e-01
3.348334052326855659e-01
3.348315348188459772e-01
3.348296690635713668e-01
3.348278079494789172e-01
3.348259514592724639e-01
3.348240995757415517e-01
3.348222522817608238e-01
3.348204095602899666e-01
3.348185713943728214e-01
3.348167377671369405e-01
3.348149086617930870e-01
3.348130840616349024e-01
3.348112639500379628e-01
3.348094483104596675e-01
3.348076371264385731e-01
3.348058303815941161e-01
3.348040280596255580e-01
3.348022301443122073e-01
3.348004366195124204e-01
3.347986474691635461e-01
3.347968626772805933e-01
3.347950822279570637e-01
3.347933061053632864e-01
3.347915342937466954e-01
3.347897667774309971e-01
3.347880035408159483e-01
3.347862445683763566e-01
3.347844898446624695e-01
3.347827393542990304e-01
3.347809930819845015e-01
3.347792510124915077e-01
3.347775131306656160e-01
3.347757794214251126e-01
3.347740498697606704e-01
3.347723244607349602e-01
3.347706031794820958e-01
3.347688860112071341e-01
3.347671729411857977e-01
3.347654639547639754e-01
3.347637590373575001e-01
3.347620581744513713e-01
3.347603613515996446e-01
3.347586685544250429e-01
3.347569797686179571e-01
3.347552949799370570e-01
3.347536141742082361e-01
3.347519373373241125e-01
3.347502644552439177e-01
3.347485955139931080e-01
3.347469304996628647e-01
3.347452693984097616e-01
3.347436121964554867e-01
3.347419588800859547e-01
3.347403094356518061e-01
3.347386638495672417e-01
3.347370221083099118e-01
3.347353841984208600e-01
3.347337501065034138e-01
3.347321198192237945e-01
3.347304933233099522e-01
3.347288706055515650e-01
3.347272516527994846e-01
3.347256364519657912e-01
3.347240249900229059e-01
3.347224172540036458e-01
3.347208132310005579e-01
3.347192129081658640e-01
3.347176162727109050e-01
3.347160233119060857e-01
3.347144340130800977e-01
3.347128483636199192e-01
3.347112663509705377e-01
3.347096879626342281e-01
3.347081131861704417e-01
3.347065420091958066e-01
3.347049744193830723e-01
3.347034104044617209e-01
3.347018499522166346e-01
3.347002930504886509e-01
3.346987396871736742e-01
3.346971898502226761e-01
3.346956435276411401e-01
3.346941007074890062e-01
3.346925613778802266e-01
3.346910255269824330e-01
3.346894931430166031e-01
3.346879642142571720e-01
3.346864387290308107e-01
3.346849166757173699e-01
3.346833980427483257e-01
3.346818828186075567e-01
3.346803709918302894e-01
3.346788625510033199e-01
3.346773574847643484e-01
3.346758557818017010e-01
3.346743574308548297e-01
3.346728624207125913e-01
3.346713707402144689e-01
3.346698823782490173e-01
3.346683973237545850e-01
3.346669155657185923e-01
3.346654370931771982e-01
3.346639618952149675e-01
3.346624899609650372e-01
3.346610212796085615e-01
3.346595558403742121e-01
3.346580936325385114e-01
3.346566346454247221e-01
3.346551788684037909e-01
3.346537262908926835e-01
3.346522769023552168e-01
3.346508306923015041e-01
3.346493876502872888e-01
3.346479477659142221e-01
3.346465110288294187e-01
3.346450774287251795e-01
3.346436469553385473e-01
3.346422195984519732e-01
3.346407953478913733e-01
3.346393741935276833e-01
3.346379561252755819e-01
3.346365411330933792e-01
3.346351292069831285e-01
3.346337203369900148e-01
3.346323145132021892e-01
3.346309117257509902e-01
3.346295119648098337e-01
3.346281152205948239e-01
3.346267214833642534e-01
3.346253307434178814e-01
3.346239429910977670e-01
3.346225582167868806e-01
3.346211764109096043e-01
3.346197975639314537e-01
3.346184216663585786e-01
3.346170487087377632e-01
3.346156786816562034e-01
3.346143115757410635e-01
3.346129473816596978e-01
3.346115860901189842e-01
3.346102276918652141e-01
3.346088721776841468e-01
3.346075195384006218e-01
3.346061697648783362e-01
3.346048228480194564e-01
3.346034787787651177e-01
3.346021375480939808e-01
3.346007991470236198e-01
3.345994635666087458e-01
3.345981307979420949e-01
3.345968008321538179e-01
3.345954736604114244e-01
3.345941492739191725e-01
3.345928276639185128e-01
3.345915088216875333e-01
3.345901927385406260e-01
3.345888794058288762e-01
3.345875688149390070e-01
3.345862609572939350e-01
3.345849558243523258e-01
3.345836534076082058e-01
3.345823536985912394e-01
3.345810566888662296e-01
3.345797623700326184e-01
3.345784707337251529e-01
3.345771817716128860e-01
3.345758954753996206e-01
3.345746118368229660e-01
3.345733308476553924e-01
3.345720524997024548e-01
3.345707767848039582e-01
3.345695036948333478e-01
3.345682332216970978e-01
3.345669653573353219e-01
3.345657000937209968e-01
3.345644374228599061e-01
3.345631773367908623e-01
3.345619198275847639e-01
3.345606648873454825e-01
3.345594125082086978e-01
3.345581626823423971e-01
3.345569154019462088e-01
3.345556706592517915e-01
3.345544284465221674e-01
3.345531887560518891e-01
3.345519515801668176e-01
3.345507169112236778e-01
3.345494847416103923e-01
3.345482550637456365e-01
3.345470278700785061e-01
3.345458031530888499e-01
3.345445809052866037e-01
3.345433611192121792e-01
3.345421437874356307e-01
3.345409289025571553e-01
3.345397164572064264e-01
3.345385064440430378e-01
3.345372988557557825e-01
3.345360936850626521e-01
3.345348909247109481e-01
