# game: kuhn_poker 
# eval_every: 1 
# num_iterations: 1000 
# num_players: 2 
# bootstrap: False 
# truncate_negative: False 
# buffer_size: -1 
# num_hidden_layers: 0 
# num_hidden_units: 4 
# num_hidden_factors: 0 
# use_skip_connections: True 
# num_epochs: 200 
# batch_size: 1000 
# step_size: 0.01 
# 
3.630006852923927663e-01
4.872889846378488654e-01
5.433345245720825334e-01
4.495110312392367469e-01
3.931220407667747052e-01
3.587097844728795448e-01
3.550845772276154388e-01
3.515086569493470203e-01
3.494891765750830492e-01
3.473227211760354649e-01
3.460509586596671183e-01
3.449911565604344421e-01
3.440944009364026446e-01
3.432028418367426559e-01
3.425448746096764752e-01
3.418537875724252939e-01
3.413525843863823850e-01
3.407687744602249102e-01
3.403774354569572003e-01
3.400252303536921983e-01
3.397065685933308155e-01
3.391909057090556345e-01
3.389362286514906453e-01
3.387027746818764840e-01
3.384879970296797436e-01
3.380363322270145687e-01
3.378621470843883867e-01
3.377004037375549994e-01
3.375498151042017891e-01
3.374092657129901252e-01
3.372777840243653125e-01
3.371036647066058545e-01
3.369894122415160731e-01
3.366828889073029130e-01
3.365871873200700914e-01
3.364968024876515695e-01
3.364113033218213422e-01
3.362017551475700583e-01
3.361282058706199782e-01
3.360583340575007405e-01
3.359918706254945153e-01
3.359285721188083884e-01
3.358682177287000137e-01
3.358106067199490008e-01
3.357555562004657101e-01
3.357028991818200581e-01
3.356524828873636013e-01
3.356041672718351188e-01
3.355578237222391902e-01
3.355133339146205151e-01
3.354705888053337581e-01
3.354294877387060669e-01
3.353899376557196721e-01
3.353518523906167115e-01
3.353151520442401168e-01
3.352797624245157371e-01
3.352456145458303505e-01
3.352126441801996370e-01
3.351807914540783084e-01
3.351500004854911507e-01
3.351202190568546846e-01
3.350913983194618861e-01
3.350634925261106178e-01
3.350364587887991741e-01
3.350102568587873808e-01
3.349848489266524787e-01
3.349601994402509053e-01
3.349362749387416738e-01
3.349130439010424842e-01
3.348904766072758332e-01
3.348685450119235352e-01
3.348472226275517327e-01
3.348264844180928179e-01
3.348063067007800431e-01
3.347866670559277447e-01
3.347675442438334259e-01
3.347489181281559922e-01
3.347307696051871062e-01
3.347130805384948560e-01
3.346958336984690030e-01
3.346916986660814497e-01
3.347422421964413863e-01
3.347915822396207997e-01
3.348397406861349790e-01
3.348816036537042296e-01
3.349275928803950864e-01
3.349725292601402060e-01
3.350164373338051504e-01
3.350593633604309618e-01
3.351013355857328513e-01
3.351423866794062123e-01
3.351825460352731989e-01
3.352218332921670374e-01
3.352602892364603404e-01
3.352979337625230372e-01
3.353347985925520525e-01
3.353708983734614568e-01
3.354062626290078009e-01
3.354409210288789578e-01
3.354748939100126170e-01
3.355081905087228256e-01
3.355408350065250400e-01
3.355728333982500033e-01
3.356025693493086548e-01
3.356333780652073218e-01
3.356636032192785168e-01
3.356932603587097774e-01
3.357223637334593169e-01
3.357509369747174732e-01
3.357789866437049797e-01
3.358065415838069612e-01
3.358336041406692618e-01
3.358601951377920836e-01
3.358863155255596977e-01
3.359119826687907429e-01
3.359371990243210648e-01
3.359619771006677746e-01
3.359863387262026491e-01
3.360102928983392800e-01
3.360338580758064908e-01
3.360570336418746695e-01
3.360798262584961948e-01
3.361022516417108141e-01
3.361243136966391987e-01
3.361460223567676042e-01
3.361673874903140513e-01
3.361884086211901490e-01
3.362090946014184567e-01
3.362294635178494362e-01
3.362495175718347440e-01
3.362692677786623952e-01
3.362887273237092911e-01
3.363078944968700412e-01
3.363267733189300168e-01
3.363453764241523536e-01
3.363636970637874368e-01
3.363817515861333707e-01
3.363995395619371886e-01
3.364170738222674317e-01
3.364343616936234516e-01
3.364514086677645732e-01
3.364682107125201438e-01
3.364847827813979841e-01
3.365011183969195407e-01
3.365172227107000591e-01
3.365331090030340144e-01
3.365487834609646178e-01
3.365642508120370024e-01
3.365795089513682337e-01
3.365945629051059762e-01
3.366094134998560694e-01
3.366240670833036686e-01
3.366385280889844234e-01
3.366528059984224552e-01
3.366669049359228838e-01
3.366808230186311146e-01
3.366945624892290212e-01
3.367081290314992703e-01
3.367215185285694079e-01
3.367347353830077994e-01
3.367477908082219806e-01
3.367606845824258066e-01
3.367734256253754888e-01
3.367860166400717947e-01
3.367984528828341095e-01
3.368107343542152687e-01
3.368228657278018456e-01
3.368348518262715419e-01
3.368466991080655282e-01
3.368584033803130318e-01
3.368699709962104660e-01
3.368814042881994597e-01
3.368927083761417696e-01
3.369038900210356013e-01
3.369149418190280909e-01
3.369258669874488077e-01
3.369366692289380572e-01
3.369473490054246678e-01
3.369579046478413664e-01
3.369683502595777203e-01
3.369786794105474326e-01
3.369888955938988850e-01
3.369989952696187396e-01
3.370089811139121427e-01
3.370188657453120351e-01
3.370286429245921700e-01
3.370383191802038825e-01
3.370478918801117496e-01
3.370573599530551356e-01
3.370667321004359174e-01
3.370760045288124784e-01
3.370851761525706092e-01
3.370942534146117442e-01
3.371032322831987171e-01
3.371121218284619525e-01
3.371209199038156523e-01
3.371296333066168271e-01
3.371382629936647835e-01
3.371468045821763293e-01
3.371552559539635618e-01
3.371636190562213309e-01
3.371719011637440144e-01
3.371801018755449242e-01
3.371882225206518369e-01
3.371962631189465709e-01
3.372042291874424169e-01
3.372121200001365615e-01
3.372199374020361518e-01
3.372276792567766579e-01
3.372353437188725378e-01
3.372429326754751155e-01
3.372504531858196986e-01
3.372579059000092583e-01
3.372652898062883375e-01
3.372726013952939694e-01
3.372798421083491038e-01
3.372870199497823851e-01
3.372941354842445838e-01
3.373011786471117324e-01
3.373081612260535600e-01
3.373150766084273555e-01
3.373219298019295431e-01
3.373287221606275921e-01
3.373354568250174768e-01
3.373421345515975056e-01
3.373487521849619641e-01
3.373553094049940304e-01
3.373618064720469434e-01
3.373375442909331556e-01
3.373440668690734223e-01
3.373505329556594212e-01
3.373569413567868436e-01
3.373632945886295142e-01
3.373695958330577005e-01
3.373491289547092542e-01
3.373554329597498458e-01
3.373372960799616571e-01
3.373436004852047310e-01
3.373487587847197045e-01
3.373549640365989255e-01
3.373470274410503844e-01
3.373531819077839611e-01
3.373592928856455897e-01
3.373653531268177574e-01
3.373713608079965121e-01
3.373773225048885549e-01
3.373832361725727091e-01
3.373890990002890167e-01
3.373949107098307976e-01
3.374006776824729492e-01
3.374063992770242049e-01
3.374120803374384137e-01
3.374177128101679135e-01
3.374232973781743361e-01
3.374288397968232545e-01
3.374343413884328680e-01
3.374398022273847886e-01
3.374452159041912980e-01
3.374505902268642998e-01
3.374559205678113738e-01
3.374612104570681170e-01
3.374664635208581842e-01
3.374716800347131174e-01
3.374768550185394123e-01
3.374819913791564652e-01
3.374870859087415464e-01
3.374921395466938812e-01
3.374971602526462000e-01
3.375021385520868278e-01
3.375070810521083042e-01
3.375119890965064262e-01
3.375168590703272464e-01
3.375216958775028031e-01
3.375264947362718315e-01
3.375312619058675745e-01
3.375359975395913481e-01
3.375406980685784486e-01
3.375453614039279904e-01
3.375499880900580951e-01
3.375545833270374718e-01
3.375591455062241786e-01
3.375636786740865425e-01
3.375681826858937251e-01
3.375726535707519460e-01
3.375770935803429351e-01
3.375814991115063668e-01
3.375858708042943079e-01
3.375902139562666493e-01
3.375945264734379059e-01
3.375988117899747509e-01
3.376030703602117544e-01
3.376072966642851836e-01
3.376114914942084377e-01
3.376156631116745688e-01
3.376198057417656440e-01
3.376239213169372477e-01
3.376280062658689740e-01
3.376320615899223165e-01
3.376360900627701223e-01
3.376400948357337617e-01
3.376440758080473947e-01
3.376480289873055596e-01
3.376519566196369837e-01
3.376558578799662147e-01
3.376597319880116910e-01
3.376635834621099508e-01
3.376674085850591700e-01
3.376712094594583879e-01
3.376749828015609411e-01
3.376787297486085748e-01
3.376824557224904488e-01
3.376861604301928943e-01
3.376898402754531792e-01
3.376934955767375568e-01
3.376971248963451244e-01
3.377007305872199439e-01
3.377043166328436152e-01
3.377078829068322907e-01
3.377114253826870027e-01
3.377149462230967236e-01
3.377184433973410282e-01
3.377219213798098307e-01
3.377253764427748384e-01
3.377288106634313558e-01
3.377322208043004315e-01
3.377356071443876617e-01
3.377389744572173447e-01
3.377423205818754770e-01
3.377456481735405802e-01
3.377489531277628743e-01
3.377522389430352989e-01
3.377555076019281288e-01
3.377587591965309777e-01
3.377619904379197679e-01
3.377652002994238067e-01
3.377683899180404237e-01
3.377715645442005421e-01
3.377747196932011087e-01
3.377778537256468372e-01
3.377809672121366846e-01
3.377840626270682822e-01
3.377871425577658182e-01
3.377902059215592834e-01
3.377932519210354867e-01
3.377962774922231848e-01
3.377992831467906965e-01
3.378022725572835672e-01
3.378052466620051764e-01
3.378082061694419047e-01
3.378111484706769474e-01
3.378140716842326086e-01
3.378169769008362855e-01
3.378198650240953338e-01
3.378227374153207618e-01
3.378255931359744890e-01
3.378284345556848978e-01
3.378312579700806229e-01
3.378340701865611417e-01
3.378368641439862818e-01
3.378396401144987959e-01
3.378424020143890871e-01
3.378451481379294852e-01
3.378478803796720054e-01
3.378505963689172331e-01
3.378532980371306005e-01
3.378559844791347855e-01
3.378586587682809173e-01
3.378613207217615599e-01
3.378639673707924396e-01
3.378665999496174854e-01
3.378692158015960123e-01
3.378718152861053814e-01
3.378744019109963803e-01
3.378769753028502687e-01
3.378795336968447582e-01
3.378820825806042594e-01
3.378846182672271548e-01
3.378871379898151783e-01
3.378896421469099742e-01
3.378921343222293094e-01
3.378946130893411004e-01
3.378970813346267033e-01
3.378995387788811811e-01
3.379019827055901315e-01
3.379044116932232722e-01
3.379068265437982777e-01
3.379092312149276633e-01
3.379116252943965559e-01
3.379140069500545795e-01
3.379163747461882972e-01
3.379187326022186633e-01
3.379210775199009142e-01
3.379234100944149555e-01
3.379257279075126297e-01
3.379280353584225294e-01
3.379303297801712347e-01
3.379326138832083881e-01
3.379348843963173032e-01
3.379371443902630112e-01
3.379393942266614159e-01
3.379416306823362914e-01
3.379438571989625828e-01
3.379460722880907042e-01
3.379482784755112323e-01
3.379504751403601959e-01
3.379526612382757200e-01
3.379548343237395169e-01
3.379569945818912124e-01
3.379591453829828285e-01
3.379612853246987125e-01
3.379634173384326590e-01
3.379655410024740569e-01
3.379676532695250479e-01
3.379697557735164559e-01
3.379718468629065997e-01
3.379739295614199723e-01
3.379760016676398582e-01
3.379780619184229451e-01
3.379801108888191852e-01
3.379821518170296191e-01
3.379841813874392975e-01
3.379862026718060686e-01
3.379882128410880426e-01
3.379902141209794597e-01
3.379922083115476927e-01
3.379941941007075790e-01
3.379961701789097606e-01
3.379981354809490357e-01
3.380000931299430023e-01
3.380020409662809477e-01
3.380039801517522591e-01
3.380059085773523542e-01
3.380078262197183658e-01
3.380097359432672754e-01
3.380116369180812264e-01
3.380135291426197286e-01
3.380154139608249619e-01
3.380172888763225414e-01
3.380191554284669997e-01
3.380210131563096132e-01
3.380228645990830949e-01
3.380247096248648608e-01
3.380265454101573086e-01
3.380283728728104009e-01
3.380301914275161135e-01
3.380320023356839787e-01
3.380338045883372056e-01
3.380355978417227680e-01
3.380373819151650805e-01
3.380391581464130546e-01
3.380409260712806674e-01
3.380426866569904432e-01
3.380444392014443911e-01
3.380461857334501330e-01
3.380479268783419533e-01
3.380496592902708652e-01
3.380513844766741549e-01
3.380531005728585892e-01
3.380548107294054638e-01
3.380565115234370754e-01
3.380582037776082571e-01
3.380598885099839745e-01
3.380615680688281444e-01
3.380632422306737439e-01
3.380649082066121136e-01
3.380665673653423520e-01
3.380682174270475127e-01
3.380698587378355713e-01
3.380714938860984176e-01
3.380731238529690041e-01
3.380747442093672284e-01
3.380763583770156622e-01
3.380779657262715787e-01
3.380795665917460391e-01
3.380811625651853891e-01
3.380827511533671670e-01
3.380843323530942635e-01
3.380859090739134487e-01
3.380874775881348993e-01
3.380890405761772799e-01
3.380905966018157294e-01
3.380921479148715769e-01
3.380936920796278056e-01
3.380952285909869515e-01
3.380967602059561927e-01
3.380982834727405129e-01
3.380997986911047359e-01
3.381013087216606094e-01
3.381028122445638440e-01
3.381043117445270418e-01
3.381058066217422775e-01
3.381072947613113500e-01
3.381087765650608867e-01
3.381102499115683502e-01
3.381117184390535768e-01
3.381131797921154702e-01
3.381146371791563521e-01
3.381160904264475242e-01
3.381175369754607640e-01
3.381189779679170115e-01
3.381204113825289070e-01
3.381218373833164703e-01
3.381232583996222618e-01
3.381246750210287200e-01
3.381260844658824927e-01
3.381274883813553123e-01
3.381288868871991649e-01
3.381302815538634876e-01
3.381316720837656553e-01
3.381330562582488541e-01
3.381344334748985214e-01
3.381358070020732409e-01
3.381371728118689468e-01
3.381385334209454641e-01
3.381398897973824647e-01
3.381412391901225112e-01
3.381425843793748887e-01
3.381439240550685454e-01
3.381452603314197836e-01
3.381465928532905729e-01
3.381479189875000735e-01
3.381492417260726357e-01
3.381505585231285860e-01
3.381518705451063145e-01
3.381531757691049744e-01
3.381544742600300912e-01
3.381557687134426615e-01
3.381570580063445464e-01
3.381583442369697212e-01
3.381596272853432672e-01
3.381609047088693920e-01
3.381621769279260503e-01
3.381634451330062241e-01
3.381647084837740569e-01
3.381659660123109701e-01
3.381672205248071883e-01
3.381684694449883510e-01
3.381697140057570716e-01
3.381709522187976713e-01
3.381721842464382455e-01
3.381734125079676745e-01
3.381746359255802803e-01
3.381758556564895546e-01
3.381770697392597613e-01
3.381782801059626808e-01
3.381794856265421534e-01
3.381806879149805711e-01
3.381818843199505542e-01
3.381830769747160570e-01
3.381842650827417973e-01
3.381854506429842755e-01
3.381866334156636844e-01
3.381878112090429545e-01
3.381889848190593462e-01
3.381901526983911999e-01
3.381913151765062464e-01
3.381924737590692454e-01
3.381936278962913711e-01
3.381947784055343575e-01
3.381959266272064335e-01
3.381970685429440682e-01
3.381982081360449532e-01
3.381993452206872863e-01
3.382004774561272464e-01
3.382016058662257185e-01
3.382027286489713291e-01
3.382038459520966267e-01
3.382049600273519530e-01
3.382060710042235074e-01
3.382071766199703511e-01
3.382082790396461203e-01
3.382093773599503805e-01
3.382104728242008584e-01
3.382115629108711774e-01
3.382126500123162627e-01
3.382137333533419277e-01
3.382148134091457203e-01
3.382158918853038210e-01
3.382169654078099330e-01
3.382180366461355336e-01
3.382191036819564012e-01
3.382201657084987767e-01
3.382212230322954039e-01
3.382222778862935542e-01
3.382233273913868299e-01
3.382243740226090756e-01
3.382254168528354699e-01
3.382264573911434313e-01
3.382274957688363726e-01
3.382285289221038660e-01
3.382295571290160341e-01
3.382305826183584774e-01
3.382316044431535884e-01
3.382326240045641641e-01
3.382336390388847036e-01
3.382346521421649155e-01
3.382356633778992316e-01
3.382366705529827322e-01
3.382376745900662618e-01
3.382386742777073740e-01
3.382396720814562219e-01
3.382406658286193912e-01
3.382416565937451658e-01
3.382426431953970969e-01
3.382436277588468654e-01
3.382446085574888350e-01
3.382455849244654367e-01
3.382465563722839019e-01
3.382475254416108523e-01
3.382484909998101363e-01
3.382494547397201234e-01
3.382504167801032580e-01
3.382513753351542030e-01
3.382523293450361845e-01
3.382532790139224921e-01
3.382542282461390437e-01
3.382551731232982251e-01
3.382561138439195147e-01
3.382570528466448123e-01
3.382579876337133973e-01
3.382589203930775890e-01
3.382598491808282981e-01
3.382607753306747789e-01
3.382616978275302388e-01
3.382626186766753418e-01
3.382635349736387020e-01
3.382644491022318012e-01
3.382653599864757221e-01
3.382662681165676810e-01
3.382671748144020496e-01
3.382680800001993671e-01
3.382689817172356284e-01
3.382698799750167851e-01
3.382707764375157966e-01
3.382716695837165721e-01
3.382725600673098798e-01
3.382734464258204121e-01
3.382743291658655282e-01
3.382752093538107241e-01
3.382760884606912377e-01
3.382769634393959501e-01
3.382778349486732505e-01
3.382787039667166651e-01
3.382795713443968455e-01
3.382804353453653379e-01
3.382812961263883533e-01
3.382821544633173860e-01
3.382830102786914539e-01
3.382838640666908647e-01
3.382847139182659779e-01
3.382855617819170435e-01
3.382864067148775855e-01
3.382872491611694787e-01
3.382880899291366705e-01
3.382889267885135776e-01
3.382897617485396413e-01
3.382905941859924992e-01
3.382914238351835134e-01
3.382922519694479546e-01
3.382930766503371989e-01
3.382939003255844845e-01
3.382947228187997979e-01
3.382955420540052494e-01
3.382963590411804944e-01
3.382971722167092965e-01
3.382979816385224270e-01
3.382987892333647606e-01
3.382995942151995616e-01
3.383003982968405543e-01
3.383012013200837331e-01
3.383020012474421967e-01
3.383027985154204997e-01
3.383035918298791245e-01
3.383043825128200788e-01
3.383051714326135162e-01
3.383059598790059130e-01
3.383067456716330468e-01
3.383075293449432919e-01
3.383083092339598252e-01
3.383090855135268971e-01
3.383098601890450752e-01
3.383106324334077541e-01
3.383114038443704175e-01
3.383121743526269487e-01
3.383129418847625192e-01
3.383137073768766045e-01
3.383144695189824747e-01
3.383152284590004166e-01
3.383159857888214939e-01
3.383167398267791226e-01
3.383174920666035534e-01
3.383182435168090030e-01
3.383189940868026602e-01
3.383197418900721343e-01
3.383204872206138081e-01
3.383212310596594996e-01
3.383219710816594006e-01
3.383227080488929728e-01
3.383234451647025853e-01
3.383241801577980268e-01
3.383249131831000955e-01
3.383256427723579929e-01
3.383263690449077599e-01
3.383270938804782135e-01
3.383278165329591802e-01
3.383285384836814957e-01
3.383292596451085155e-01
3.383299780575136917e-01
3.383306946770022750e-01
3.383314085540151117e-01
3.383321215012199401e-01
3.383328319566181186e-01
3.383335402064382436e-01
3.383342452455646576e-01
3.383349479774841462e-01
3.383356485493226318e-01
3.383363484930442810e-01
3.383370476655206405e-01
3.383377443364675718e-01
3.383384390348398441e-01
3.383391320027480109e-01
3.383398216722862673e-01
3.383405082103546624e-01
3.383411934572362334e-01
3.383418776029285535e-01
3.383425588803137263e-01
3.383432385788609498e-01
3.383439160978404248e-01
3.383445918117722329e-01
3.383452666570800349e-01
3.383459385863897273e-01
3.383466088658747539e-01
3.383472784437311920e-01
3.383479469649580684e-01
3.383486130068442121e-01
3.383492785130907121e-01
3.383499415901730645e-01
3.383506026774664166e-01
3.383512606013415747e-01
3.383519166688410129e-01
3.383525719076050375e-01
3.383532263650449456e-01
3.383538782408858081e-01
3.383545277403822715e-01
3.383551742541483498e-01
3.383558196781586425e-01
3.383564632063447708e-01
3.383571063138489654e-01
3.383577488095838581e-01
3.383583890497031677e-01
3.383590277898204102e-01
3.383596640735634931e-01
3.383602998445320309e-01
3.383609332776993384e-01
3.383615652535167939e-01
3.383621949267035522e-01
3.383628213476426172e-01
3.383634477519900097e-01
3.383640733018411506e-01
3.383646957058136229e-01
3.383653152833895339e-01
3.383659338632726277e-01
3.383665506930320088e-01
3.383671671528443170e-01
3.383677831242653533e-01
3.383683969267278768e-01
3.383690091583355097e-01
3.383696188361388080e-01
3.383702282422025309e-01
3.383708350628358286e-01
3.383714415368453965e-01
3.383720458049590540e-01
3.383726486445757242e-01
3.383732486267269080e-01
3.383738460007971738e-01
3.383744423507311638e-01
3.383750378349548171e-01
3.383756306857966800e-01
3.383762223745926390e-01
3.383768137921453478e-01
3.383774047367213988e-01
3.383779936232449437e-01
3.383785812612459254e-01
3.383791673010145828e-01
3.383797507057996201e-01
3.383803316796543115e-01
3.383809130255812092e-01
3.383814917454298077e-01
3.383820682939584490e-01
3.383826454185274724e-01
3.383832201042727972e-01
3.383837923276145077e-01
3.383843637433127105e-01
3.383849341332835770e-01
3.383855030243776429e-01
3.383860698287160518e-01
3.383866350160609215e-01
3.383871999958746324e-01
3.383877645824390212e-01
3.383883274229837479e-01
3.383888876537329837e-01
3.383894454352525116e-01
3.383900024042308385e-01
3.383905577631511896e-01
3.383911123949078226e-01
3.383916646226881597e-01
3.383922160521359301e-01
3.383927659192285664e-01
3.383933151904192638e-01
3.383938620412437759e-01
3.383944079830296658e-01
3.383949532177301101e-01
3.383954962202778138e-01
3.383960388983437428e-01
3.383965790042356425e-01
3.383971182962354218e-01
3.383976564036434986e-01
3.383981937561480469e-01
3.383987291738826952e-01
3.383992629896138693e-01
3.383997956722283318e-01
3.384003280874346986e-01
3.384008600658137134e-01
3.384013904494788672e-01
3.384019197789548405e-01
3.384024476322326502e-01
3.384029742951443764e-01
3.384034988047899262e-01
3.384040214470795949e-01
3.384045440613835387e-01
3.384050639249830406e-01
3.384055837037588388e-01
3.384061032198251162e-01
3.384066209849165285e-01
3.384071376956429011e-01
3.384076528343235579e-01
3.384081652183406064e-01
3.384086775771991129e-01
3.384091897437226937e-01
3.384097001756687928e-01
3.384102093916827592e-01
3.384107168193574156e-01
3.384112239315079096e-01
3.384117284395350422e-01
3.384122308344125196e-01
3.384127325334106429e-01
3.384132328862906602e-01
3.384137332233465578e-01
3.384142334654525186e-01
3.384147320272890003e-01
3.384152284588348714e-01
3.384157230662726001e-01
3.384162168466124943e-01
3.384167107429562060e-01
3.384172025411102402e-01
3.384176925072411857e-01
3.384181820035969124e-01
3.384186697619834261e-01
3.384191562221479099e-01
3.384196423904957673e-01
3.384201283301584429e-01
3.384206120116092231e-01
3.384210936051944008e-01
3.384215746378828604e-01
3.384220543482924226e-01
3.384225339144111278e-01
3.384230134991520478e-01
3.384234915254558107e-01
3.384239682521956727e-01
3.384244428553455641e-01
3.384249174730384890e-01
3.384253909344679956e-01
3.384258619306264038e-01
3.384263328535804805e-01
3.384268035636484040e-01
3.384272718408403158e-01
3.384277383195096744e-01
3.384282051006837766e-01
3.384286715746313012e-01
3.384291365780717209e-01
3.384296007865455480e-01
3.384300637403113710e-01
3.384305257411127643e-01
3.384309857034375479e-01
3.384314436533779058e-01
3.384319008904277948e-01
3.384323581479682930e-01
3.384328153061294531e-01
3.384332710936904243e-01
3.384337249164273698e-01
3.384341769095547958e-01
3.384346279567146398e-01
3.384350785590926058e-01
3.384355273856584079e-01
3.384359754897133254e-01
3.384364234286808548e-01
3.384368700952533615e-01
3.384373158314652463e-01
3.384377595379772230e-01
3.384382027477330634e-01
3.384386449431626698e-01
3.384390868807762853e-01
3.384395272905242336e-01
3.384399679414848983e-01
3.384404078174940711e-01
3.384408456808187804e-01
3.384412815989935597e-01
3.384417169811332338e-01
3.384421522359107870e-01
3.384425875445057352e-01
3.384430214153480998e-01
3.384434538990128694e-01
3.384438861870630033e-01
3.384443173830911089e-01
3.384447468325679775e-01
3.384451749456396930e-01
3.384456029856000581e-01
3.384460286340038038e-01
3.384464539404309358e-01
3.384468794344669407e-01
3.384473041704506024e-01
3.384477270876756760e-01
3.384481489773741858e-01
3.384485692120586808e-01
3.384489891246853510e-01
3.384494093867961295e-01
3.384498284522255984e-01
3.384502464325142568e-01
3.384506636145395708e-01
3.384510788507132939e-01
3.384514926952222336e-01
3.384519074636681557e-01
3.384523203108205647e-01
3.384527313254618863e-01
3.384531419343460579e-01
3.384535514841974235e-01
3.384539602540598269e-01
3.384543691356879380e-01
3.384547780568777364e-01
3.384551856476905041e-01
3.384555925585469582e-01
3.384559982763529762e-01
3.384564034361112750e-01
3.384568067080236942e-01
3.384572081961134682e-01
3.384576093125829521e-01
3.384580094199362010e-01
3.384584090376369092e-01
3.384588073642469386e-01
3.384592056214699163e-01
3.384596022500349077e-01
3.384599989243164408e-01
3.384603937212908864e-01
3.384607880973166116e-01
3.384611822091431188e-01
3.384615746657668733e-01
3.384619674153378499e-01
3.384623600696387014e-01
3.384627518279689218e-01
3.384631419301377120e-01
3.384635318579869989e-01
3.384639205924929728e-01
3.384643093971013705e-01
3.384646969810571893e-01
3.384650836781757377e-01
3.384654697582384353e-01
3.384658539952734024e-01
3.384662366973868464e-01
3.384666189711643125e-01
3.384670004094694207e-01
3.384673817981355137e-01
3.384677630903810686e-01
3.384681428346854037e-01
3.384685225245647189e-01
3.384689012878551173e-01
3.384692780406880486e-01
3.384696546356624758e-01
3.384700298752603143e-01
3.384704042300602511e-01
3.384707785066340402e-01
3.384711514474190719e-01
3.384715238315636476e-01
3.384718950576994789e-01
3.384722657145599056e-01
3.384726360014750357e-01
3.384730064799152394e-01
3.384733762852278893e-01
3.384737445973086123e-01
3.384741127238024561e-01
3.384744793903119442e-01
3.384748444096268294e-01
3.384752090835703164e-01
3.384755737821736332e-01
3.384759369703497223e-01
3.384763002924577324e-01
3.384766635599912865e-01
3.384770260668311659e-01
3.384773875301744783e-01
3.384777485854219004e-01
3.384781084151503583e-01
