# game: kuhn_poker 
# eval_every: 1 
# num_iterations: 1000 
# num_players: 2 
# bootstrap: False 
# truncate_negative: False 
# buffer_size: -1 
# num_hidden_layers: 3 
# num_hidden_units: 4 
# num_hidden_factors: 0 
# use_skip_connections: True 
# num_epochs: 200 
# batch_size: 1000 
# step_size: 0.01 
# 
4.166666666666666297e-01
4.166666666666666297e-01
4.166666666666666297e-01
4.270833333333332593e-01
4.333333333333332926e-01
4.375000000000000000e-01
4.226190476190475609e-01
4.114583333333333148e-01
3.698507757575704158e-01
3.370323648566035946e-01
3.205119498396257760e-01
3.066373302311189986e-01
2.913003390659769654e-01
2.780887076932903046e-01
2.672672816597994050e-01
2.594967194343158479e-01
2.472810076264102264e-01
2.326358550999095831e-01
2.161786916376468026e-01
2.037603788582419695e-01
1.918857864250204381e-01
1.817894878359042621e-01
1.750021545401246048e-01
1.683010693205043984e-01
1.616459326873048719e-01
1.579615021348874659e-01
1.551974958813076289e-01
1.521089116430585919e-01
1.497373399766299684e-01
1.465177486500766901e-01
1.421389207914057207e-01
1.376970795179519313e-01
1.335244407458928972e-01
1.295972513133352155e-01
1.258944727054616131e-01
1.215722346242056329e-01
1.183189978075213922e-01
1.152478060474264876e-01
1.122927340899662341e-01
1.094854157314621435e-01
1.068150397327586876e-01
1.042718244965741003e-01
1.023404357977124035e-01
1.009392941361692553e-01
9.869619871628632080e-02
9.603589704889836653e-02
9.296565897575212456e-02
9.131471675220251272e-02
8.945115110335977171e-02
8.742492561164194598e-02
8.525683438243650270e-02
8.303071505492662374e-02
8.049939127185512522e-02
7.960058058563954098e-02
7.957566485759018371e-02
7.875656171930162097e-02
7.784487171426035523e-02
7.688142388603214084e-02
7.577448623247648452e-02
7.459100098622198360e-02
7.341844400203495491e-02
7.223427554958072871e-02
7.108769974643014411e-02
6.997695443714657682e-02
6.890038590662803109e-02
6.782683892519764113e-02
6.644349434541055310e-02
6.496325275407469069e-02
6.416912569874805294e-02
6.366637390402490881e-02
6.306837314992413956e-02
6.220636287218775373e-02
6.135422091512063303e-02
6.052510982176514953e-02
5.971810835757207503e-02
5.924169522271124921e-02
5.935074925211306085e-02
5.903277924400804344e-02
5.786917093878329865e-02
5.610413963483812383e-02
5.492745222673112160e-02
5.527386541099324480e-02
5.561193128960811860e-02
5.544591623461112007e-02
5.577400349462360851e-02
5.644865860981232442e-02
5.819445946911547263e-02
5.990058303615150570e-02
6.156836674773877305e-02
6.319908859905920551e-02
6.471355464812791891e-02
6.605918710196395649e-02
6.703114049660680029e-02
6.800082341088140025e-02
6.890360769863174140e-02
6.959658907210591883e-02
7.016775825741514150e-02
7.072727092872824195e-02
7.127548031374225657e-02
7.181272551104661561e-02
7.233933218958327194e-02
7.285561324696354646e-02
7.336186942943476175e-02
7.385838991608120740e-02
7.434545286964105992e-02
7.482332595614521464e-02
7.529226683541767606e-02
7.575252362432652320e-02
7.620433533453319086e-02
7.664793228636615496e-02
7.696191660703916027e-02
7.739082806606464859e-02
7.781214817183002008e-02
7.799951811298663773e-02
7.797111048929714072e-02
7.810819828447437829e-02
7.804531127236677412e-02
7.781195839200596986e-02
7.782649258667023728e-02
7.746392113316116768e-02
7.727787840137739783e-02
7.713590496599406765e-02
7.663085926881546550e-02
7.641339567823268730e-02
7.615026960154236413e-02
7.566725531050369491e-02
7.467575164342271643e-02
7.458623951127346663e-02
7.357234889358413299e-02
7.280449143571027237e-02
7.189739231428804445e-02
7.108788391147799479e-02
7.046301447669067741e-02
6.981903328956987065e-02
6.913893985772490147e-02
6.833317961212861946e-02
6.763849900048379826e-02
6.666988313499114249e-02
6.608726108408144451e-02
6.569365565440662968e-02
6.477274052230577728e-02
6.448788953634129739e-02
6.513639670138787752e-02
6.594488251140381840e-02
6.676174491895259244e-02
6.760507089578243756e-02
6.818936284407464687e-02
6.891112119213438358e-02
6.928755662076388488e-02
6.911881145186885012e-02
6.873647427546036859e-02
6.812385955429370310e-02
6.730766957768105629e-02
6.671304397401037201e-02
6.674565671170026859e-02
6.678485371963127637e-02
6.615646702116112499e-02
6.549813994286635133e-02
6.487657359026996473e-02
6.430798417997998784e-02
6.380280730111775878e-02
6.325967054723855010e-02
6.269488661741162705e-02
6.214571177651709299e-02
6.161572819979665994e-02
6.114046631504804763e-02
6.069291485456076995e-02
5.983561575851281678e-02
5.989992178863093319e-02
5.940444381341536406e-02
5.896621810052479762e-02
5.846709595870089315e-02
5.819703032290232669e-02
5.794634759641192900e-02
5.768071436868468793e-02
5.721949647145718743e-02
5.684988043796435075e-02
5.639176392285077943e-02
5.584395146173176672e-02
5.530222580573318503e-02
5.476648606858244839e-02
5.423663358128769096e-02
5.371257183155617176e-02
5.319420640518846000e-02
5.268144492937329448e-02
5.217419701781170205e-02
5.167237421760104144e-02
5.117588995781560679e-02
5.068465949971864837e-02
5.019859988854644128e-02
4.971762990680830829e-02
4.924167002904428214e-02
4.877064237799044744e-02
4.830447068210000361e-02
4.784308023437019997e-02
4.738639785243145552e-02
4.693435183985056325e-02
4.648687194860659511e-02
4.604388934269976197e-02
4.560533656285006843e-02
4.517114749225067949e-02
4.474125732333852912e-02
4.431560252554667123e-02
4.389412081400592691e-02
4.347675111916132762e-02
4.306343355727462741e-02
4.265410940178129828e-02
4.223711324127385480e-02
4.181916675678071238e-02
4.137503409472320648e-02
4.089642189244963033e-02
4.042622195424422360e-02
3.994612816707085456e-02
3.946438947683436615e-02
3.898306491449898825e-02
3.845404322684883858e-02
3.795877826575244640e-02
3.745501113912966251e-02
3.694693881158628290e-02
3.642809870041813225e-02
3.590251701822261277e-02
3.537090430147546427e-02
3.483127326366625143e-02
3.428812205172399041e-02
3.404684670615407138e-02
3.381098280888023000e-02
3.358120761762659057e-02
3.330963454200766560e-02
3.303292501226348654e-02
3.274373098029914608e-02
3.242968170311705256e-02
3.210575887537991946e-02
3.178106876407715831e-02
3.144333232052806681e-02
3.112553086702654626e-02
3.102130821513904291e-02
3.090649099027723001e-02
3.078533550268058860e-02
3.066364416233549606e-02
3.053697958022291714e-02
3.040698141248929232e-02
3.027772980888099319e-02
3.033892680432995204e-02
3.054786112052323976e-02
3.075746286955002851e-02
3.096328190810554437e-02
3.116566589526972852e-02
3.137001476568432312e-02
3.157067764484278172e-02
3.176771965419983301e-02
3.196336025006454862e-02
3.215630773090433214e-02
3.235017873197182370e-02
3.254195080522578887e-02
3.273185766525871232e-02
3.291978485960206369e-02
3.310807409838215087e-02
3.329384766948831342e-02
3.347692086405579248e-02
3.365801374759419540e-02
3.382710889550893940e-02
3.384028257320187416e-02
3.384741727831064306e-02
3.402929230670095895e-02
3.415792452806440394e-02
3.407756642501638678e-02
3.399851814589724408e-02
3.387813010169221650e-02
3.393996103017685173e-02
3.394644832083779096e-02
3.387658685236091816e-02
3.384223555663906646e-02
3.382568924458534410e-02
3.360015189215317943e-02
3.338624576243348629e-02
3.310560168254744751e-02
3.284489236731077955e-02
3.257355974252251762e-02
3.229723945377993566e-02
3.202143120823186528e-02
3.174611741409666399e-02
3.175767999431131083e-02
3.221924211593218956e-02
3.252926685697310472e-02
3.283622738860003665e-02
3.313968616101506393e-02
3.343965392795936187e-02
3.373673568188240157e-02
3.402750597481557504e-02
3.429006423907032808e-02
3.444209862137029288e-02
3.457678283450735246e-02
3.468993667227368571e-02
3.479234106929368631e-02
3.489363100330433731e-02
3.496512917203142834e-02
3.504058952831767826e-02
3.511930061536902570e-02
3.518125710014827212e-02
3.524027188087186513e-02
3.529028972972325651e-02
3.534345260312288239e-02
3.541228724025258234e-02
3.571465747853994066e-02
3.601369904142917577e-02
3.629237025899384461e-02
3.658102718802669351e-02
3.684617256844052724e-02
3.711068429661468215e-02
3.735907898223225776e-02
3.760042981498537551e-02
3.784195451561225831e-02
3.807637533745017455e-02
3.829069075221674945e-02
3.851550497665379158e-02
3.870853139076202432e-02
3.889207592624835397e-02
3.906574467707635279e-02
3.923796077203339783e-02
3.938867850424912498e-02
3.954648561621884606e-02
3.968291566419251959e-02
3.981805627614493082e-02
3.995236268678914460e-02
4.008584259644490388e-02
4.021850361094958526e-02
4.035035324310271010e-02
4.048139891408433777e-02
4.061164795484728529e-02
4.074110760748470006e-02
4.086978502657151457e-02
4.099768728048322486e-02
4.112482135268993866e-02
4.125119414302663712e-02
4.127171177681790426e-02
4.132533875709007432e-02
4.129215801853836076e-02
4.126053870953505509e-02
4.134671671925257974e-02
4.126242897942994370e-02
4.116217775129088485e-02
4.114839866271094437e-02
4.112229407477915877e-02
4.110340144178592503e-02
4.092522985947771863e-02
4.088643698243926705e-02
4.064853178478614049e-02
4.060858552633150875e-02
4.037283981820480316e-02
4.013844122840928841e-02
3.990537824311307658e-02
3.967363947932331381e-02
3.944321368303288500e-02
3.923685535923915335e-02
3.900895811424398563e-02
3.878234119084916776e-02
3.855699383004951297e-02
3.833290539305239664e-02
3.811006535960323460e-02
3.788846332633913350e-02
3.766808900516985248e-02
3.744893222168579894e-02
3.728837501643425534e-02
3.707146556139845339e-02
3.685574465132099298e-02
3.664120254403008259e-02
3.642782960353566080e-02
3.621561629858674469e-02
3.600455320125195424e-02
3.579463098552360112e-02
3.558584042594414854e-02
3.537817239625412613e-02
3.517161786806310975e-02
3.496616790954090725e-02
3.476181368413011619e-02
3.455854644927941477e-02
3.435635755519647616e-02
3.415523844362117201e-02
3.395518064661823265e-02
3.375617578538839259e-02
3.355821556909871495e-02
3.336129179373142906e-02
3.316539634095025391e-02
3.297052117698509588e-02
3.277665835153334428e-02
3.258379999667929128e-02
3.239193832582901167e-02
3.220106563266286748e-02
3.201117429010377768e-02
3.182225674930080905e-02
3.163430553862919825e-02
3.144731326270544525e-02
3.126127260141681186e-02
3.107617630896666872e-02
3.089201721293344249e-02
3.070878821334424580e-02
3.052648228176260692e-02
3.034509246038935570e-02
3.016461186117777582e-02
2.998503366496180211e-02
2.980635112059681902e-02
2.962855754411361509e-02
2.945164631788543819e-02
2.927561088980648596e-02
2.910044477248291406e-02
2.892614154243627889e-02
2.875269483931822134e-02
2.858009836513644708e-02
2.840834588349308576e-02
2.823743121883284801e-02
2.806734825570333935e-02
2.789809093802539386e-02
2.772965326837451006e-02
2.756202930727222333e-02
2.739521317248802545e-02
2.722919903835141486e-02
2.706398113507355041e-02
2.689955374807889710e-02
2.673591121734616993e-02
2.657304793675954735e-02
2.641095835346732312e-02
2.624963696725191031e-02
2.599057557182640754e-02
2.583100660436990492e-02
2.567218854970082509e-02
2.551411611970130777e-02
2.535678407579022853e-02
2.510283520342032615e-02
2.494719533900527364e-02
2.479227938093597761e-02
2.463808229042116493e-02
2.453282438396373055e-02
2.437993872342042456e-02
2.413175146069471144e-02
2.398049072944805071e-02
2.382992385476634389e-02
2.368004607333229483e-02
2.353085266532908837e-02
2.338233895394506434e-02
2.323450030488519169e-02
2.308733212588867656e-02
2.294082986625389786e-02
2.279498901636869967e-02
2.264980510724851070e-02
2.245845723067216304e-02
2.231467892604435677e-02
2.217154392479267488e-02
2.193604196669793338e-02
2.170158901509780525e-02
2.146817807661555166e-02
2.132818950741227626e-02
2.118882035665653474e-02
2.095808712562116649e-02
2.082014713936550243e-02
2.059123839114135324e-02
2.045470789766351549e-02
2.031877491181552364e-02
2.018343551979184802e-02
2.004868584189431480e-02
1.991452203216131922e-02
1.982613189043558322e-02
1.977885134263782096e-02
1.973613244121263932e-02
1.978339652356103651e-02
1.983045731953389512e-02
1.987731613784182727e-02
1.992397427598574522e-02
1.997043302037715407e-02
2.001669364645569660e-02
1.997410493653406505e-02
2.002016133083298066e-02
1.997774573475805115e-02
1.993550948581249149e-02
1.989345144888801653e-02
1.993928979668316281e-02
1.998493554637850722e-02
1.985568690438577200e-02
1.972697905169015775e-02
1.977278215732727884e-02
1.964478330557459240e-02
1.961665482580485231e-02
1.958844240099216760e-02
1.946162022897407473e-02
1.933532211551824975e-02
1.935194029718853570e-02
1.922638760792313994e-02
1.910135053545161665e-02
1.897682590999846819e-02
1.885281058771709484e-02
1.872930145042484007e-02
1.860629540534167181e-02
1.848378938483211109e-02
1.849376857093079640e-02
1.837198631333619714e-02
1.837606294031299270e-02
1.836183169918295666e-02
1.835803150329692879e-02
1.837912078855818976e-02
1.839618105995186048e-02
1.841979503281998554e-02
1.855835727264948387e-02
1.860438976139394684e-02
1.869890670708357350e-02
1.876058570849711837e-02
1.883104394245935231e-02
1.908203660918350586e-02
1.933203916676878853e-02
1.958105746231669775e-02
1.962444765713144967e-02
1.966766769431982365e-02
1.971071857285011664e-02
1.975360128388661818e-02
1.979631681086480022e-02
1.983886612956714535e-02
1.988125020819711541e-02
1.992347000745292585e-02
1.996552648059971014e-02
2.020851452466507214e-02
2.045056619861862490e-02
2.069168690459563531e-02
2.093188200325618586e-02
2.097160381287652142e-02
2.101117372265151606e-02
2.124938395086617415e-02
2.148668671154499443e-02
2.150583223585808557e-02
2.152528818386112430e-02
2.174391951893531183e-02
2.180124376113359852e-02
2.181398762673816827e-02
2.182936057578754863e-02
2.202641878069433456e-02
2.202969918257860482e-02
2.223751351812419674e-02
2.243411114056650946e-02
2.242470524456979808e-02
2.240766056564144626e-02
2.260356216101280791e-02
2.258574652046932418e-02
2.256217181299227659e-02
2.253435167117437410e-02
2.250695927212564840e-02
2.247833381132585684e-02
2.244968744887146372e-02
2.241713923208871195e-02
2.257285438117406784e-02
2.253594567734448773e-02
2.269411639626839339e-02
2.264990451426973639e-02
2.279713719608347788e-02
2.294400336755955672e-02
2.293704478763478050e-02
2.299872420354620584e-02
2.304915071067611954e-02
2.310112587170953802e-02
2.314064182367997491e-02
2.318267079629815486e-02
2.321723254657337421e-02
2.326273171564141595e-02
2.346445588568990548e-02
2.349379508617160939e-02
2.350929395635298347e-02
2.353427137240521327e-02
2.355236283195186187e-02
2.356097092116304914e-02
2.357684222800796037e-02
2.358148718361433027e-02
2.357917559498276527e-02
2.357415908213369993e-02
2.375371978239179671e-02
2.374119378936731528e-02
2.371601868737216456e-02
2.368889622995223876e-02
2.365645596125040551e-02
2.362523364322724473e-02
2.359117293655019210e-02
2.357044992090340241e-02
2.353532357557716614e-02
2.367921509513207234e-02
2.364209778527756600e-02
2.360354735135444804e-02
2.374246017025472000e-02
2.370530635809156572e-02
2.380758312692735079e-02
2.390765223674234941e-02
2.400602573219087765e-02
2.410232317348465214e-02
2.419667591048418887e-02
2.425359780982616620e-02
2.434649420636175732e-02
2.443723527953040042e-02
2.449150893907448001e-02
2.458068528814946752e-02
2.466856898701874634e-02
2.475445173671944610e-02
2.483825391116306625e-02
2.492044463937426180e-02
2.500105606578770234e-02
2.507914751721687652e-02
2.515548553434363011e-02
2.522998982642937760e-02
2.530234833983205367e-02
2.537261355656839079e-02
2.544014038466801964e-02
2.550611620961112935e-02
2.553547057544316989e-02
2.560019868075794069e-02
2.566294448815703566e-02
2.572285489750650300e-02
2.578063186989862365e-02
2.583585661458234761e-02
2.588882803657815979e-02
2.593848287193814550e-02
2.598575185453405600e-02
2.603043480066336013e-02
2.607199602888929379e-02
2.611039604608958453e-02
2.614559867203214427e-02
2.617693638862741978e-02
2.620494362406311506e-02
2.622984172880765685e-02
2.625465977533758544e-02
2.627939814916593897e-02
2.630405723333453794e-02
2.632863740843377487e-02
2.635313905262226530e-02
2.637756254164569381e-02
2.640190824885693677e-02
2.642617654523451987e-02
2.645036779940132532e-02
2.647448237764363221e-02
2.649852064392946294e-02
2.652248295992684635e-02
2.654636968502196992e-02
2.657018117633738741e-02
2.659391778874917178e-02
2.661757987490537269e-02
2.664116778524283635e-02
2.666468186800496909e-02
2.668812246925836296e-02
2.671148993291039275e-02
2.673478460072539753e-02
2.675800681234202782e-02
2.678115690528895532e-02
2.677193547340206425e-02
2.679499233283968995e-02
2.681797791914153350e-02
2.684089256227575881e-02
2.686373659017693427e-02
2.688651032876140934e-02
2.690921410194313523e-02
2.693184823164890274e-02
2.695441303783324694e-02
2.697690883849415688e-02
2.699933594968736972e-02
2.702169468554155296e-02
2.704398535827282068e-02
2.703454667739113582e-02
2.705675019786546454e-02
2.707888643494446579e-02
2.710095569399895155e-02
2.712295827855479291e-02
2.714489449030654811e-02
2.716676462913128476e-02
2.715724067230257388e-02
2.717902659722395975e-02
2.720074719703305388e-02
2.722240276510617951e-02
2.724399359306553525e-02
2.723442544343107619e-02
2.725593399965522967e-02
2.727737854231926384e-02
2.729875935677325560e-02
2.732007672667394194e-02
2.734133093399712666e-02
2.723924809730451924e-02
2.725676575828414605e-02
2.715510877830168424e-02
2.705375122977723978e-02
2.704582486563653076e-02
2.694638763917250879e-02
2.684578198769582702e-02
2.674547093549134447e-02
2.664545319045710792e-02
2.666738196925866333e-02
2.656776965346097086e-02
2.657442187379935317e-02
2.653548396432703349e-02
2.643649680810955527e-02
2.640304124068962310e-02
2.630453225673853868e-02
2.620630798083353752e-02
2.610836718047226945e-02
2.601070863025620183e-02
2.591333111183918847e-02
2.581623341387759285e-02
2.571941433197894034e-02
2.568636564155041269e-02
2.570922730245780996e-02
2.573202364433424538e-02
2.575475494671902732e-02
2.577742148755876594e-02
2.580002354321853097e-02
2.582256138849312044e-02
2.584503529661816290e-02
2.586744553928127521e-02
2.588979238663297044e-02
2.590760256332655387e-02
2.591154670285875095e-02
2.590340874220067868e-02
2.588718827744088125e-02
2.586256498246650160e-02
2.583034925895513756e-02
2.579028631008034589e-02
2.574371722575288790e-02
2.569232233787144271e-02
2.563314034040839462e-02
2.556927023161961743e-02
2.549963747123695779e-02
2.542563357377891631e-02
2.534533767471316978e-02
2.526090959558596749e-02
2.523302088477410998e-02
2.536951959355429609e-02
2.550094341690917199e-02
2.562624512154312861e-02
2.574668086624096186e-02
2.586178469592562146e-02
2.591896141648319940e-02
2.602212197970102392e-02
2.612142647437246112e-02
2.617045975158785454e-02
2.621660246465612465e-02
2.619801096072668645e-02
2.617162161982891644e-02
2.617574849864109932e-02
2.628852437345766124e-02
2.641765525091779865e-02
2.654002318089662693e-02
2.666600821852915804e-02
2.685633379553914457e-02
2.707419925416834627e-02
2.723684806887036181e-02
2.737716307877352540e-02
2.749916599241075676e-02
2.753068606189162937e-02
2.765383111114819159e-02
2.752937321183571151e-02
2.741519462403207985e-02
2.727463765678442287e-02
2.712735673672200809e-02
2.698046752123423042e-02
2.683396844974489381e-02
2.668785796995717940e-02
2.654213453779785681e-02
2.653458321349214111e-02
2.638944726035613586e-02
2.624469425168748926e-02
2.610032267387163429e-02
2.595633102126035374e-02
2.581271779611990502e-02
2.566948150857811806e-02
2.552662067657360256e-02
2.537926475480389854e-02
2.522953195432886542e-02
2.507970013215476968e-02
2.492576872381432884e-02
2.487949751991125336e-02
2.472195950789768393e-02
2.456318395943729582e-02
2.440411021046054452e-02
2.437759711197134971e-02
2.421763713925739747e-02
2.405688580958842415e-02
2.389525837695688493e-02
2.373161327412323662e-02
2.356577084215399909e-02
2.339955179102107263e-02
2.323229510552604626e-02
2.306308137816961978e-02
2.289478907191747070e-02
2.272482717143092801e-02
2.255464381846272737e-02
2.238198291853563116e-02
2.220860461563431421e-02
2.203526398477506643e-02
2.186149359312852813e-02
2.168729031385241424e-02
2.151140067698009695e-02
2.133552568677107852e-02
2.115815589243227879e-02
2.098031406932138188e-02
2.080176559404048331e-02
2.062260741674465381e-02
2.057291328585850176e-02
2.039391447534508184e-02
2.021426009244789435e-02
2.003410579882589082e-02
1.991602582308585334e-02
1.983781656997968268e-02
1.975975300791549261e-02
1.968096325604240526e-02
1.960045317744724125e-02
1.951932067042669305e-02
1.943673563383707670e-02
1.932785050264618221e-02
1.924550104205405288e-02
1.916166274566552530e-02
1.907790876913328937e-02
1.899257634567541597e-02
1.890682273739341390e-02
1.881999993387031833e-02
1.873227134740571009e-02
1.864408789228494401e-02
1.855411840676576829e-02
1.846330536517160059e-02
1.837145440487084058e-02
1.827893279147455030e-02
1.818445608636334865e-02
1.809003435221046008e-02
1.799413433891258740e-02
1.787172688470106685e-02
1.777548224082461936e-02
1.767809482021959200e-02
1.757917920997059680e-02
1.745383034781791687e-02
1.735473985909821715e-02
1.725419288632884518e-02
1.715227173771965985e-02
1.704869393830360513e-02
1.691837558052303181e-02
1.681453811007302401e-02
1.670930542423387788e-02
1.667223090949013220e-02
1.656632586600356727e-02
1.642485045648678366e-02
1.630306438488599019e-02
1.615403941652909792e-02
1.602430857512618378e-02
1.589246001621405502e-02
1.583667390964016430e-02
1.568716275636614088e-02
1.553676864678693592e-02
1.537582517230812185e-02
1.522049279562992519e-02
1.506568728038251703e-02
1.500428118072305583e-02
1.484801019263737309e-02
1.468729485218589481e-02
1.453549997474640199e-02
1.443272404717363400e-02
1.434611724580953096e-02
1.426271953328867026e-02
1.417808744191972892e-02
1.408788629095303335e-02
1.399710985642568795e-02
1.391026173264608978e-02
1.381942061969251845e-02
1.372396606019588017e-02
1.363462285551189646e-02
1.354126866623864278e-02
1.344074203617764973e-02
1.334707397127507522e-02
1.325435985633033331e-02
1.315698386821212429e-02
1.305376302034866320e-02
1.300552346531258507e-02
1.290379862428775448e-02
1.280015009667201387e-02
1.270442805514579443e-02
1.260561756959444057e-02
1.261505302347717961e-02
1.267219500169683433e-02
1.268153268860028327e-02
1.269084903221923133e-02
1.270014410569761387e-02
1.270941798174482495e-02
1.271867073273930115e-02
1.272790243088056661e-02
1.273711314783956827e-02
1.274630295516177014e-02
1.275586118199575902e-02
1.295375941389520502e-02
1.315120991226320646e-02
1.334821419484047422e-02
1.354477377250321024e-02
1.373082472287706635e-02
1.392651073109249515e-02
1.412175650079286471e-02
1.431656351595481103e-02
1.441740538258803883e-02
1.461144416575954619e-02
1.480504837158908016e-02
1.499821945841603443e-02
1.519095887800983591e-02
1.538326807568496379e-02
1.557514849023314274e-02
1.576660155420533949e-02
1.595762869371333825e-02
1.603249058777153624e-02
1.622279858930791852e-02
1.629720051251595803e-02
1.648679386739937414e-02
1.656073915433164956e-02
1.663452102634141450e-02
1.670814002448681168e-02
1.678159668745282662e-02
1.690077995097505337e-02
1.697386306797121769e-02
1.704678556273220291e-02
1.711954796417561320e-02
1.730636863518766888e-02
1.737868732592462440e-02
1.745084777009847654e-02
1.763669383812951907e-02
1.770841506022566292e-02
1.777997985653767543e-02
1.785138873828570616e-02
1.792264221446426831e-02
1.799374079178153729e-02
1.806468497479413182e-02
1.813547526583289549e-02
1.820611216512518782e-02
1.827659617068388975e-02
1.834692777840496447e-02
1.841710748199357206e-02
1.839724005212312052e-02
1.857946285376255169e-02
1.855946343195236103e-02
1.862911275436893166e-02
1.869861245420512130e-02
1.876796301305461157e-02
1.883716491049419739e-02
1.890621862396349440e-02
1.897512462894315743e-02
1.904388339891691095e-02
1.911249540521703372e-02
1.918096111723729957e-02
1.924928100244197027e-02
1.931745552618888140e-02
1.938548515185745114e-02
1.945337034095373507e-02
1.961972953157881117e-02
1.968722275593745574e-02
1.975457313744352628e-02
1.982178112921126334e-02
1.988884718216812897e-02
1.995577174563589740e-02
2.002255526677101938e-02
2.008919819099519444e-02
2.015570096190508198e-02
2.022206402106255241e-02
2.028828780832259149e-02
2.035437276169593801e-02
2.042031931723695126e-02
2.048612790932113903e-02
2.055179897029052460e-02
2.061733293099651809e-02
2.068273022017935725e-02
2.074799126505799673e-02
2.081311649091663329e-02
2.087810632125947086e-02
2.094296117798702395e-02
2.100768148097445498e-02
2.107226764869041258e-02
2.113672009756145664e-02
2.120103924250532623e-02
2.126522549674858542e-02
2.132927927157568515e-02
2.139320097676411514e-02
2.137116884395240390e-02
2.143491592675406121e-02
2.149853197747839118e-02
2.156201739980870280e-02
2.162537259560848302e-02
2.168859796516398042e-02
2.175169390716968909e-02
2.181466081861907491e-02
2.187749909495351197e-02
2.194020912983843385e-02
2.200279131554183643e-02
2.206524604261858591e-02
2.212757370005735691e-02
2.218977467523136626e-02
2.225184935399782127e-02
2.231379812071684898e-02
2.237562135802004248e-02
2.243731944699001168e-02
2.249889276737268573e-02
2.256034169720905203e-02
2.262166661310230364e-02
2.268286789001003334e-02
2.274394590150599638e-02
2.280490101961882288e-02
2.286573361491478495e-02
2.292644405637134231e-02
2.298703271158633599e-02
2.304749994665081236e-02
2.310784612618962952e-02
2.316807161340800336e-02
