# game: kuhn_poker 
# eval_every: 1 
# num_iterations: 1000 
# num_players: 2 
# bootstrap: False 
# truncate_negative: False 
# buffer_size: -1 
# num_hidden_layers: 1 
# num_hidden_units: 4 
# num_hidden_factors: 0 
# use_skip_connections: True 
# num_epochs: 200 
# batch_size: 1000 
# step_size: 0.01 
# 
4.583333333333332593e-01
3.749999999999998890e-01
3.750000000000000000e-01
3.750000000000000000e-01
3.750000000000000000e-01
3.749999999999998890e-01
3.749999999999998890e-01
3.749999999999998890e-01
3.750000000000000000e-01
3.749999999999998890e-01
3.749999999999999445e-01
3.750000000000000000e-01
3.750000000000000000e-01
3.750000000000000000e-01
3.750000000000000000e-01
3.750000000000000000e-01
3.749999999999998890e-01
3.749999999999998890e-01
3.750000000000000000e-01
3.749999999999998890e-01
3.749999999999998890e-01
3.749999999999999445e-01
3.750000000000000000e-01
3.749999999999998890e-01
3.749999999999998890e-01
3.749999999999998890e-01
3.750000000000000000e-01
3.749999999999998890e-01
3.749999999999998890e-01
3.749999999999998890e-01
3.749999999999999445e-01
3.749999999999998890e-01
3.749999999999998890e-01
3.749999999999999445e-01
3.749999999999999445e-01
3.749999999999998890e-01
3.750000000000000000e-01
3.749999999999998890e-01
3.749999999999999445e-01
3.749999999999999445e-01
3.750000000000000000e-01
3.749999999999999445e-01
3.749999999999999445e-01
3.750000000000000000e-01
3.750000000000000000e-01
3.749999999999999445e-01
3.750000000000000000e-01
3.750000000000000000e-01
3.749999999999998890e-01
3.750000000000000000e-01
3.749999999999999445e-01
3.749999999999999445e-01
3.750000000000000000e-01
3.749999999999999445e-01
3.749999999999998890e-01
3.749999999999999445e-01
3.750000000000000000e-01
3.749999999999998890e-01
3.749999999999998890e-01
3.749999999999999445e-01
3.749999999999998890e-01
3.749999999999999445e-01
3.749999999999998890e-01
3.750000000000000000e-01
3.749999999999999445e-01
3.750000000000000000e-01
3.749999999999998890e-01
3.749999999999999445e-01
3.749999999999999445e-01
3.749999999999999445e-01
3.749999999999998890e-01
3.750000000000000000e-01
3.750000000000000000e-01
3.750000000000000000e-01
3.749999999999998890e-01
3.750000000000000000e-01
3.750000000000000000e-01
3.749999999999999445e-01
3.750000000000000000e-01
3.750000000000000000e-01
3.749999999999998890e-01
3.749999999999998890e-01
3.750000000000000000e-01
3.749999999999999445e-01
3.749999999999999445e-01
3.749999999999999445e-01
3.749999999999999445e-01
3.749999999999998890e-01
3.749999999999998890e-01
3.749999999999998890e-01
3.749999999999999445e-01
3.749999999999998890e-01
3.750000000000000000e-01
3.749999999999998890e-01
3.749999999999999445e-01
3.749999999999998890e-01
3.749999999999999445e-01
3.750000000000000000e-01
3.749999999999998890e-01
3.749999999999998890e-01
3.750000000000000000e-01
3.749999999999999445e-01
3.749999999999998890e-01
3.749999999999999445e-01
3.749999999999999445e-01
3.749999999999998890e-01
3.750000000000000000e-01
3.749999999999998890e-01
3.750000000000000000e-01
3.750000000000000000e-01
3.749999999999998890e-01
3.750000000000000000e-01
3.749999999999998890e-01
3.749999999999998890e-01
3.749999999999998890e-01
3.750000000000000000e-01
3.749999999999998890e-01
3.750000000000000000e-01
3.749999999999999445e-01
3.749999999999999445e-01
3.750000000000000000e-01
3.750000000000000000e-01
3.750000000000000000e-01
3.750000000000000000e-01
3.750000000000000000e-01
3.750000000000000000e-01
3.749999999999998890e-01
3.749999999999998890e-01
3.749999999999998890e-01
3.749999999999999445e-01
3.749999999999999445e-01
3.750000000000000000e-01
3.749999999999998890e-01
3.750000000000000000e-01
3.756172839506172201e-01
3.756127450980391580e-01
3.756082725060826411e-01
3.756038647342994641e-01
3.755995203836929863e-01
3.755952380952380376e-01
3.755910165484632746e-01
3.755868544600938774e-01
3.755827505827505353e-01
3.755787037037037202e-01
3.755747126436780325e-01
3.755707762557076723e-01
3.755668934240361523e-01
3.755630630630629740e-01
3.755592841163310491e-01
3.755555555555555314e-01
3.755518763796908965e-01
3.755482456140351033e-01
3.755446623093681158e-01
3.755411255411255089e-01
3.755376344086021057e-01
3.755341880341879768e-01
3.755307855626326408e-01
3.755274261603375185e-01
3.755241090146750338e-01
3.755208333333333037e-01
3.755175983436852549e-01
3.755144032921809982e-01
3.755112474437627412e-01
3.755081300813006839e-01
3.755050505050504528e-01
3.755020080321284648e-01
3.754990019960079417e-01
3.754960317460316888e-01
3.754930966469427478e-01
3.754901960784313153e-01
3.754873294346978696e-01
3.754844961240309531e-01
3.754816955684007196e-01
3.754789272030650826e-01
3.754761904761904079e-01
3.754734848484848619e-01
3.754708097928436406e-01
3.754681647940074640e-01
3.754655493482308426e-01
3.754629629629628873e-01
3.754604051565376688e-01
3.754578754578754007e-01
3.754553734061929493e-01
3.754528985507246119e-01
3.754504504504503903e-01
3.754480286738350880e-01
3.754456327985739028e-01
3.754432624113474559e-01
3.754409171075836493e-01
3.754385964912280160e-01
3.754363001745200101e-01
3.754340277777777901e-01
3.754317789291882201e-01
3.754295532646047540e-01
3.754273504273503703e-01
3.754251700680272252e-01
3.754230118443315778e-01
3.754208754208754328e-01
3.754187604690116808e-01
3.754166666666666208e-01
3.754145936981757581e-01
3.754125412541253759e-01
3.754105090311986581e-01
3.754084967320260868e-01
3.754065040650406138e-01
3.754045307443365509e-01
3.754025764895329575e-01
3.754006410256409687e-01
3.753987240829346206e-01
3.753968253968253399e-01
3.753949447077409296e-01
3.753930817610061643e-01
3.753912363067292146e-01
3.753894080996883487e-01
3.753875968992247403e-01
3.753858024691357764e-01
3.753840245775729167e-01
3.753822629969417735e-01
3.753805175038051889e-01
3.753787878787877563e-01
3.753770739064856143e-01
3.753753753753753530e-01
3.753736920777278607e-01
3.753720238095237249e-01
3.753703703703702432e-01
3.753687315634217647e-01
3.753671071953009752e-01
3.753654970760234022e-01
3.753639010189228076e-01
3.753623188405796895e-01
3.753607503607503393e-01
3.753591954022987842e-01
3.753576537911300637e-01
3.753561253561252808e-01
3.753546099290779869e-01
3.753531073446327859e-01
3.753516174402250494e-01
3.753501400560223522e-01
3.753486750348674628e-01
3.753472222222221655e-01
3.753457814661133596e-01
3.753443526170797684e-01
3.753429355281205915e-01
3.753415300546447675e-01
3.753401360544217358e-01
3.753387533875337523e-01
3.753373819163292602e-01
3.753360215053762605e-01
3.753346720214189580e-01
3.753333333333332966e-01
3.753320053120849376e-01
3.753306878306877925e-01
3.753293807641633340e-01
3.753280839895012377e-01
3.753267973856208584e-01
3.753255208333332593e-01
3.751621271076523434e-01
3.751614987080102992e-01
3.751608751608750403e-01
3.751602564102563542e-01
3.751596424010216202e-01
3.751590330788803773e-01
3.751584283903675043e-01
3.751578282828282318e-01
3.751572327044024879e-01
3.751566416040099661e-01
3.751560549313357473e-01
3.751554726368159232e-01
3.751548946716232180e-01
3.751543209876543328e-01
3.751537515375152898e-01
3.751531862745097756e-01
3.751526251526250966e-01
3.751520681265206880e-01
3.751515151515150692e-01
3.751509661835747966e-01
3.751504211793019739e-01
3.751498800959232049e-01
3.751493428912783257e-01
3.751488095238094678e-01
3.751482799525504008e-01
3.751477541371157631e-01
3.751472320376913472e-01
3.751467136150233861e-01
3.751461988304093387e-01
3.751456876456875644e-01
3.751451800232287193e-01
3.751446759259259300e-01
3.751441753171855797e-01
3.751436781609194249e-01
3.751431844215348810e-01
3.751426940639268626e-01
3.751422070534697895e-01
3.751417233560090381e-01
3.751412429378531144e-01
3.751407657657657158e-01
3.751402918069584036e-01
3.751398210290827206e-01
3.751393534002229746e-01
3.751388888888887996e-01
3.751384274640088279e-01
3.751379690949226964e-01
3.751375137513750513e-01
3.751370614035087203e-01
3.751366120218578848e-01
3.751361655773419734e-01
3.751357220412594451e-01
3.751352813852812940e-01
3.751348435814454985e-01
3.751344086021504154e-01
3.751339764201500060e-01
3.751335470085469526e-01
3.751331203407880510e-01
3.751326963906581602e-01
3.751322751322750948e-01
3.751318565400842964e-01
3.751314405888537817e-01
3.751310272536687584e-01
3.751306165099267953e-01
3.751302083333332149e-01
3.751298026998960977e-01
3.751293995859212860e-01
3.751289989680082204e-01
3.751286008230452218e-01
3.751282051282051055e-01
3.751278118609406853e-01
3.751274209989805541e-01
3.751270325203250877e-01
3.751266464032421144e-01
3.751262626262624744e-01
3.751258811681771888e-01
3.751255020080320746e-01
3.751251251251250807e-01
3.751247504990019577e-01
3.751243781094526497e-01
3.751240079365079083e-01
3.751236399604351845e-01
3.751232741617356314e-01
3.751229105211405512e-01
3.751225490196077872e-01
3.751221896383186150e-01
3.751218323586744119e-01
3.751214771622934374e-01
3.751211240310077244e-01
3.751207729468598595e-01
3.751204238921000966e-01
3.751200768491833593e-01
3.751197318007661874e-01
3.751193887297038509e-01
3.751190476190475742e-01
3.751187084520417603e-01
3.751183712121212155e-01
3.751180358829083183e-01
3.751177024482108546e-01
3.751173708920186867e-01
3.751170411985018660e-01
3.751167133520074137e-01
3.751163873370576551e-01
3.751160631383472222e-01
3.751157407407407218e-01
3.751154201292704604e-01
3.751151012891343894e-01
3.751147842056932191e-01
3.751144688644688086e-01
3.751141552511415567e-01
3.751138433515481818e-01
3.751135331516801674e-01
3.751132246376811530e-01
3.751129177958445471e-01
3.751126126126125837e-01
3.751123090745731581e-01
3.751120071684587165e-01
3.751117068811438138e-01
3.751114081996435035e-01
3.751111111111110619e-01
3.751108156028368223e-01
3.751105216622456773e-01
3.751102292768958568e-01
3.751099384344765975e-01
3.751096491228068652e-01
3.751093613298337459e-01
3.751090750436300025e-01
3.751087902523932982e-01
3.751085069444444198e-01
3.751082251082250574e-01
3.751079447322970273e-01
3.751076658053401625e-01
3.751073883161511469e-01
3.751071122536417946e-01
3.751068376068375509e-01
3.751065643648763270e-01
3.751062925170067786e-01
3.751060220525869182e-01
3.751057529610828389e-01
3.751054852320674371e-01
3.751052188552188027e-01
3.751049538203190536e-01
3.751046901172528925e-01
3.751044277360066070e-01
3.751041666666665719e-01
3.751039068994180825e-01
3.751036484245439118e-01
3.751033912324234221e-01
3.751031353135312330e-01
3.751028806584362219e-01
3.751026272577996368e-01
3.751023751023749853e-01
3.751021241830064801e-01
3.751018744906274849e-01
3.751016260162600702e-01
3.751013787510137365e-01
3.751011326860840267e-01
3.751008878127521928e-01
3.751006441223831978e-01
3.751004016064256597e-01
3.751001602564102422e-01
3.750999200639487663e-01
3.750996810207335996e-01
3.750994431185360467e-01
3.750992063492062933e-01
3.750989707046713528e-01
3.750987361769352324e-01
3.750985027580771014e-01
3.750982704402514578e-01
3.750980392156861853e-01
3.750978090766822204e-01
3.750975800156127193e-01
3.750973520249220594e-01
3.750971250971250059e-01
3.750968992248061573e-01
3.750966744006186682e-01
3.750964506172839164e-01
3.750962278675904482e-01
3.750960061443932014e-01
3.750957854406129499e-01
3.750955657492354156e-01
3.750953470633104914e-01
3.750951293759512417e-01
3.750949126803340694e-01
3.750946969696968836e-01
3.750944822373393217e-01
3.750942684766213620e-01
3.750940556809631010e-01
3.750938438438438105e-01
3.750936329588014928e-01
3.750934230194319374e-01
3.750932140193884434e-01
3.750930059523809312e-01
3.750927988121751655e-01
3.750925925925925331e-01
3.750923872875092102e-01
3.750921828908554412e-01
3.750919793966150939e-01
3.750917767988252161e-01
3.750915750915750357e-01
3.750913742690057950e-01
3.750911743253099173e-01
3.750909752547306741e-01
3.750907770515612416e-01
3.750905797101449224e-01
3.750903832248734249e-01
3.750901875901875293e-01
3.750899928005758666e-01
3.750897988505746961e-01
3.750896057347669066e-01
3.750894134477824604e-01
3.750892219842968389e-01
3.750890313390312647e-01
3.750888415067519244e-01
3.750886524822694135e-01
3.750884642604387365e-01
3.750882768361581965e-01
3.750880902043692844e-01
3.750879043600562346e-01
3.750877192982455810e-01
3.750875350140055464e-01
3.750873515024457650e-01
3.750871687587168379e-01
3.750869867780096678e-01
3.750868055555555136e-01
3.750866250866250473e-01
3.750864453665282983e-01
3.750862663906141536e-01
3.750860881542699143e-01
3.750859106529209064e-01
3.750857338820301479e-01
3.750855578370978494e-01
3.750853825136610808e-01
3.750852079072937717e-01
3.750850340136053784e-01
3.750848608282416619e-01
3.750846883468834103e-01
3.750845165652467728e-01
3.750843454790822040e-01
3.750841750841750200e-01
3.750840053763440096e-01
3.750838363514419349e-01
3.750836680053546979e-01
3.750835003340012852e-01
3.750833333333332131e-01
3.750831669993346384e-01
3.750830013280211928e-01
3.750828363154405931e-01
3.750826719576718649e-01
3.750825082508250086e-01
3.750823451910407780e-01
3.750821827744903469e-01
3.750820209973753094e-01
3.750818598559265693e-01
3.750816993464051730e-01
3.750815394651010326e-01
3.750813802083332593e-01
3.750812215724496079e-01
3.750810635538261439e-01
3.750809061488673546e-01
3.750807493540051496e-01
3.750805931656995273e-01
3.750804375804375201e-01
3.750802825947333607e-01
3.750801282051281493e-01
3.750799744081892984e-01
3.750798212005107546e-01
3.750796685787124995e-01
3.750795165394401609e-01
3.750793650793650125e-01
3.750792141951837522e-01
3.750790638836178914e-01
3.750789141414140881e-01
3.750787649653434253e-01
3.750786163522012995e-01
3.750784682988071994e-01
3.750783208020049830e-01
3.750781738586616010e-01
3.750780274656678737e-01
3.750778816199376031e-01
3.750777363184079061e-01
3.750775915580384368e-01
3.750774473358116090e-01
3.750773036487321521e-01
3.750771604938271109e-01
3.750770178681452904e-01
3.750768757687577004e-01
3.750767341927563336e-01
3.750765931372548323e-01
3.750764525993883214e-01
3.750763125763125205e-01
3.750761730652041326e-01
3.750760340632602885e-01
3.750758955676988249e-01
3.750757575757575069e-01
3.750756200846944166e-01
3.750754830917873983e-01
3.750753465943338361e-01
3.750752105896509869e-01
3.750750750750749818e-01
3.750749400479616025e-01
3.750748055056851715e-01
3.750746714456391073e-01
3.750745378652354800e-01
3.750744047619046784e-01
3.750742721330955765e-01
3.750741399762751449e-01
3.750740082889283400e-01
3.750738770685578816e-01
3.750737463126843085e-01
3.750736160188456458e-01
3.750734861845972379e-01
3.750733568075116375e-01
3.750732278851787171e-01
3.750730994152046138e-01
3.750729713952130062e-01
3.750728438228437822e-01
3.750727166957533165e-01
3.750725900116144151e-01
3.750724637681159823e-01
3.750723379629629095e-01
3.750722125938763529e-01
3.750720876585927899e-01
3.750719631548646849e-01
3.750718390804597124e-01
3.750717154331612013e-01
3.750715922107674127e-01
3.750714694110919289e-01
3.750713470319634313e-01
3.750712250712250340e-01
3.750711035267348947e-01
3.750709823963656042e-01
3.750708616780045190e-01
3.750707413695527626e-01
3.750706214689265017e-01
3.750705019740552260e-01
3.750703828828828579e-01
3.750702641933670312e-01
3.750701459034792018e-01
3.750700280112044260e-01
3.750699105145413048e-01
3.750697934115019283e-01
3.750696767001114873e-01
3.750695603784084398e-01
3.750694444444443443e-01
3.750693288962839156e-01
3.750692137320044139e-01
3.750690989496959782e-01
3.750689845474612927e-01
3.750688705234159204e-01
3.750687568756875256e-01
3.750686436024162074e-01
3.750685307017543324e-01
3.750684181718664245e-01
3.750683060109288869e-01
3.750681942171303351e-01
3.750680827886709867e-01
3.750679717237628275e-01
3.750678610206297225e-01
3.750677506775067505e-01
3.750676406926406470e-01
3.750675310642895832e-01
3.750674217907227215e-01
3.750673128702207704e-01
3.750672043010752077e-01
3.750670960815887800e-01
3.750669882100750030e-01
3.750668806848581616e-01
3.750667735042734763e-01
3.750666666666665483e-01
3.750665601703939700e-01
3.750664540138223813e-01
3.750663481953290246e-01
3.751987281399046248e-01
3.751984126984126422e-01
3.751980982567352796e-01
3.751977848101264446e-01
3.751974723538704093e-01
3.751971608832807004e-01
3.751968503937006538e-01
3.751965408805030822e-01
3.751962323390894971e-01
3.751959247648902207e-01
3.751956181533645518e-01
3.751953124999999334e-01
3.751950078003119526e-01
3.751947040498441743e-01
3.751944012441679188e-01
3.751940993788819290e-01
3.751937984496124256e-01
3.751934984520123306e-01
3.751931993817619881e-01
3.751929012345678327e-01
3.751926040061632772e-01
3.751923076923077138e-01
3.751920122887864029e-01
3.751917177914110280e-01
3.751914241960183638e-01
3.751911314984708867e-01
3.751908396946564972e-01
3.751905487804877426e-01
3.751902587519025389e-01
3.751899696048631716e-01
3.751896813353565729e-01
3.751893939393938782e-01
3.751891074130105364e-01
3.751888217522658109e-01
3.751885369532427794e-01
3.751882530120480563e-01
3.751879699248119593e-01
3.751876876876876210e-01
3.751874062968515444e-01
3.751871257485029365e-01
3.751868460388639859e-01
3.751865671641789746e-01
3.751862891207152773e-01
3.751860119047618625e-01
3.751857355126299587e-01
3.751854599406527768e-01
3.751851851851850661e-01
3.751849112426035027e-01
3.751846381093056904e-01
3.751843657817108824e-01
3.751840942562591485e-01
3.751838235294117085e-01
3.751835535976504321e-01
3.751832844574779502e-01
3.751830161054172663e-01
3.751827485380116456e-01
3.751824817518247812e-01
3.751822157434401839e-01
3.751819505094613483e-01
3.751816860465115866e-01
3.751814223512336399e-01
3.751811594202898448e-01
3.751808972503617445e-01
3.751806358381503115e-01
3.751803751803750586e-01
3.751801152737751499e-01
3.751798561151078459e-01
3.751795977011493921e-01
3.751793400286943525e-01
3.751790830945558319e-01
3.751788268955650318e-01
3.751785714285713613e-01
3.751783166904421041e-01
3.751780626780626404e-01
3.751778093883356702e-01
3.751775568181817677e-01
3.751773049645389380e-01
3.751770538243625053e-01
3.751768033946251135e-01
3.751765536723163375e-01
3.751763046544428493e-01
3.751760563380281965e-01
3.751758087201124692e-01
3.751755617977527990e-01
3.751753155680223051e-01
3.751750700280111483e-01
3.751748251748251439e-01
3.751745810055865382e-01
3.751743375174336759e-01
3.751740947075208332e-01
3.751738525730180518e-01
3.751736111111111382e-01
3.751733703190013314e-01
3.751731301939057461e-01
3.751728907330566520e-01
3.751726519337015286e-01
3.751724137931033987e-01
3.751721763085398842e-01
3.751719394773039284e-01
3.751717032967032406e-01
3.751714677640602957e-01
3.751712328767122795e-01
3.751709986320108658e-01
3.751707650273223837e-01
3.751705320600271509e-01
3.751702997275203622e-01
3.751700680272107569e-01
3.751698369565217295e-01
3.751696065128901081e-01
3.751693766937668761e-01
3.751691474966170059e-01
3.751689189189189033e-01
3.751686909581646301e-01
3.751684636118598482e-01
3.751682368775235421e-01
3.751680107526881303e-01
3.751677852348993536e-01
3.751675603217158317e-01
3.751673360107094513e-01
3.751671122994651997e-01
3.751668891855807209e-01
3.751666666666666483e-01
3.751664447403461056e-01
3.751662234042552613e-01
3.751660026560424410e-01
3.751657824933686269e-01
3.751655629139072357e-01
3.751653439153438407e-01
3.751651254953763948e-01
3.751649076517150627e-01
3.751646903820815560e-01
3.751644736842104644e-01
3.751642575558475912e-01
3.751640419947506189e-01
3.751638269986893315e-01
3.751636125654449483e-01
3.751633986928104014e-01
3.751631853785899473e-01
3.751629726205996107e-01
3.751627604166666297e-01
3.751625487646293999e-01
3.751623376623376416e-01
3.751621271076523434e-01
3.751619170984455409e-01
3.751617076326002054e-01
3.751614987080102992e-01
3.751612903225806095e-01
3.751610824742267480e-01
3.751608751608750403e-01
3.751606683804626918e-01
3.751604621309371224e-01
3.751602564102563542e-01
3.751600512163891787e-01
3.751598465473146016e-01
3.751596424010216202e-01
3.751594387755101678e-01
3.751592356687898366e-01
3.751590330788804328e-01
3.751588310038118657e-01
3.751586294416243139e-01
3.751584283903675043e-01
3.751582278481012112e-01
3.751580278128950896e-01
3.751578282828282318e-01
3.751576292559898329e-01
3.751574307304785250e-01
3.751572327044024879e-01
3.751570351758793387e-01
3.752091175240484522e-01
3.752088554720133251e-01
3.752085940759282146e-01
3.752083333333332549e-01
3.752080732417810705e-01
3.752078137988361650e-01
3.752075550020754768e-01
3.752072968490878235e-01
3.752070393374740687e-01
3.752067824648469552e-01
3.752065262288309944e-01
3.752062706270625769e-01
3.752060156571899174e-01
3.752057613168724437e-01
3.752055076037813519e-01
3.752052545155992735e-01
3.752050020500204419e-01
3.752047502047500815e-01
3.752044989775050743e-01
3.752042483660130157e-01
3.752039983680129920e-01
3.752037489812549698e-01
3.752035002035001288e-01
3.752032520325202514e-01
3.752030044660982222e-01
3.752027575020275285e-01
3.752025111381125377e-01
3.752022653721681644e-01
3.752020202020201478e-01
3.752017756255043857e-01
3.752015316404674894e-01
3.752012882447664510e-01
3.752010454362685321e-01
3.752008032128513193e-01
3.752005615724026688e-01
3.752003205128204844e-01
3.752000800320127727e-01
3.751998401278976436e-01
3.751996007984031434e-01
3.751993620414672548e-01
3.751991238550377861e-01
3.751988862370723155e-01
3.751986491855383576e-01
3.751984126984126422e-01
3.751981767736820572e-01
3.751979414093427057e-01
3.751977066034005714e-01
3.751974723538704093e-01
3.751972386587770769e-01
3.751970055161544249e-01
3.751967729240456295e-01
3.751965408805030822e-01
3.751963093835884999e-01
3.751960784313724817e-01
3.751958480219349523e-01
3.751956181533645518e-01
3.751953888237592460e-01
3.751951600312255497e-01
3.751949317738790812e-01
3.751947040498441743e-01
3.751944768572539335e-01
3.751942501942501229e-01
3.751940240589832776e-01
3.751937984496123146e-01
3.751935733643050330e-01
3.751933488012374474e-01
3.751931247585940099e-01
3.751929012345678327e-01
3.751926782273602434e-01
3.751924557351807854e-01
3.751922337562475507e-01
3.751920122887864029e-01
3.751917913310317543e-01
3.751915708812260108e-01
3.751913509376195721e-01
3.751911314984708867e-01
3.751909125620465080e-01
3.751906941266208717e-01
3.751904761904761298e-01
3.751902587519025389e-01
3.751900418091979605e-01
3.751898253606681388e-01
3.751896094046264230e-01
3.751893939393938782e-01
3.751891789632992302e-01
3.751889644746786989e-01
3.751887504718760535e-01
3.751885369532427794e-01
3.751883239171374118e-01
3.751881113619262020e-01
3.751878992859827289e-01
3.751876876876876210e-01
3.751874765654292787e-01
3.751872659176028746e-01
3.751870557426112418e-01
3.751868460388639859e-01
3.751866368047778177e-01
3.751864280387769979e-01
3.751862197392923370e-01
3.751860119047618625e-01
3.751858045336305958e-01
3.751391982182626927e-01
3.751390433815350312e-01
3.751388888888887996e-01
3.751387347391785809e-01
3.751385809312637876e-01
3.751384274640088279e-01
3.751382743362831063e-01
3.751381215469612451e-01
3.751379690949226964e-01
3.751378169790517969e-01
3.751376651982377686e-01
3.751375137513750513e-01
3.751373626373625814e-01
3.751372118551042911e-01
3.751370614035087203e-01
3.751369112814895157e-01
3.751367614879649315e-01
3.751366120218578848e-01
3.751364628820960112e-01
3.751363140676117203e-01
3.751361655773419734e-01
3.751360174102283951e-01
3.751358695652172726e-01
3.751357220412594451e-01
3.751355748373100818e-01
3.751354279523293478e-01
3.751352813852812940e-01
3.751351351351350782e-01
3.751349892008638554e-01
3.751348435814454430e-01
3.751346982758619886e-01
3.751345532831000806e-01
3.751344086021504154e-01
3.751342642320085741e-01
3.751341201716738016e-01
3.751339764201500060e-01
3.751338329764453139e-01
3.751336898395721264e-01
3.751335470085469526e-01
3.751334044823905201e-01
3.751332622601278866e-01
3.751331203407880510e-01
3.751329787234042312e-01
3.751328374070137528e-01
3.751326963906581602e-01
3.751325556733827726e-01
3.751324152542372392e-01
3.751322751322750948e-01
3.751321353065538711e-01
3.751319957761350965e-01
3.751318565400843519e-01
3.751317175974709928e-01
3.751315789473683715e-01
3.751314405888538372e-01
3.751313025210083474e-01
3.751311647429170781e-01
3.751310272536687584e-01
3.751308900523560030e-01
3.751307531380752014e-01
3.751306165099267398e-01
3.751304801670145572e-01
3.751303441084462564e-01
3.751302083333333259e-01
3.751300728407908069e-01
3.751299376299375155e-01
3.751298026998960422e-01
3.751296680497924751e-01
3.751295336787564549e-01
3.751293995859212860e-01
3.751292657704239364e-01
3.751291322314049270e-01
3.751289989680082204e-01
3.751288659793813873e-01
3.751287332646755512e-01
3.751286008230452218e-01
3.751284686536484614e-01
3.751283367556467185e-01
3.751282051282051055e-01
3.751280737704917323e-01
3.751279426816785389e-01
3.751278118609406853e-01
3.751276813074565508e-01
3.751275510204080677e-01
3.751274209989805541e-01
3.751272912423624373e-01
3.751271617497456967e-01
3.751270325203251432e-01
3.751269035532993623e-01
3.751267748478701591e-01
3.751266464032420589e-01
3.751265182186234171e-01
3.751263902932254757e-01
3.751262626262625854e-01
3.751261352169524832e-01
3.751260080645161255e-01
3.751258811681771888e-01
3.751257545271629024e-01
3.751256281407034932e-01
3.751255020080320746e-01
3.751253761283851462e-01
3.751252505010019833e-01
3.751251251251250807e-01
3.751249999999999307e-01
