# game: kuhn_poker 
# eval_every: 1 
# num_iterations: 1000 
# num_players: 2 
# bootstrap: False 
# truncate_negative: False 
# buffer_size: -1 
# num_hidden_layers: 2 
# num_hidden_units: 50 
# num_hidden_factors: 0 
# use_skip_connections: True 
# num_epochs: 200 
# batch_size: 1000 
# step_size: 0.01 
# 
2.083333333333333148e-01
1.326987531708990198e-01
9.886261086041517321e-02
1.062875979166503226e-01
9.041173579124631154e-02
7.260898670692148005e-02
7.487988111254118007e-02
6.814035349367031369e-02
6.814745406259381522e-02
6.385270834182132926e-02
5.567553577474171345e-02
4.883128490439722635e-02
4.442862906027686409e-02
4.063676023685983130e-02
3.644244874974653103e-02
3.645298756592030287e-02
3.557117372429399738e-02
3.334139873112246244e-02
3.083900140498710418e-02
3.244221254499976559e-02
2.887197076396275097e-02
2.409228579465763631e-02
2.384108523351141651e-02
2.383358361732978992e-02
2.481429190037737209e-02
2.555936872302702612e-02
2.465460016169668256e-02
2.433267263987862195e-02
2.412632302895714731e-02
2.322438499992343641e-02
2.161435472199682573e-02
1.978268498163776590e-02
1.956041545779321766e-02
1.846725133543467012e-02
1.640066830112363316e-02
1.368855600579832466e-02
1.279705107579676149e-02
1.106843067964874416e-02
1.106457912203714922e-02
1.084139271387155046e-02
1.236480645711746096e-02
1.370272575825737249e-02
1.412561324171468513e-02
1.362416962078111249e-02
1.257670628379442546e-02
1.302423695011228899e-02
1.418314394135206102e-02
1.500850056796698695e-02
1.567946935250111307e-02
1.577926627876616306e-02
1.541314115143521679e-02
1.457649757195436657e-02
1.329113076076587907e-02
1.182204448803303443e-02
1.045545555934052073e-02
9.975119849170599462e-03
9.613188157414104262e-03
9.342910373836249560e-03
8.477791545287688413e-03
7.493095981345759826e-03
7.380757014939842708e-03
7.583446665115678442e-03
8.267541698295244323e-03
8.615203234072471572e-03
9.007417970312014965e-03
9.369033135560034253e-03
9.198807950502235764e-03
9.037435478653155219e-03
9.423656168371041808e-03
9.356337962889982318e-03
1.019176221162679252e-02
1.082704933756883925e-02
1.119970817759405324e-02
1.120188318579373732e-02
1.076519568422928952e-02
1.004477600087341771e-02
9.165770168152398423e-03
8.197671239529746856e-03
8.077177680657965375e-03
8.119450615976020469e-03
8.085099163582964987e-03
7.783474086673014547e-03
7.268488757108809706e-03
6.657662663606206399e-03
6.097311501409130585e-03
6.252666447135818428e-03
6.228580868564953521e-03
6.140108040878333728e-03
5.844778435250858051e-03
6.228238962863369421e-03
6.438455678387550174e-03
6.531625625618153741e-03
6.489528493947960275e-03
6.302419160174405066e-03
6.837869877926061601e-03
7.480539444783135261e-03
7.973709495438768835e-03
8.295138319423606132e-03
8.461879592438908970e-03
8.401549154664705865e-03
8.117053741375279685e-03
7.686940416557597189e-03
7.126158040228952606e-03
6.601799450566214755e-03
6.712711045571695401e-03
6.762275131658862515e-03
6.654359243872337570e-03
6.391286113069466479e-03
6.006139533948740006e-03
5.536580642108462902e-03
5.012077533973896548e-03
4.713603964692364423e-03
4.690994656058572465e-03
4.532850759542572661e-03
4.354923501721175150e-03
4.290476168146595271e-03
4.678442541918209630e-03
4.960359779822759441e-03
5.055761507893608009e-03
5.004300553316715083e-03
4.862495143515943585e-03
5.038050608693750432e-03
5.517034508941170978e-03
5.942245787042360616e-03
6.300518356443657320e-03
6.598327250024432766e-03
6.787294985207692477e-03
6.852207187069914163e-03
6.764100568300290828e-03
6.478242043720938703e-03
6.077253202000781895e-03
5.614484803444286243e-03
5.120092157738703742e-03
5.214193158822405527e-03
5.263120138513710522e-03
5.227190623543820358e-03
5.070841401029674289e-03
4.841311131317665994e-03
4.544224750094610910e-03
4.212350649516055645e-03
3.866772028566389796e-03
3.639390722718377491e-03
3.645012250597962078e-03
3.623695162736140229e-03
3.512265256932378676e-03
3.392403208895722333e-03
3.657391440635010538e-03
3.844011856947215922e-03
3.982166685510685200e-03
4.079382133450798475e-03
4.109914644909840042e-03
4.083470809530115320e-03
4.426619523732383543e-03
4.763879177168556245e-03
5.068729227933416182e-03
5.330075715330673258e-03
5.547042334497265248e-03
5.616371924625107592e-03
5.558515808739533659e-03
5.383771845286655644e-03
5.157857622986677937e-03
4.880032450383958720e-03
4.568725463214073912e-03
4.235317479881761660e-03
4.338755840380348339e-03
4.455675737298020467e-03
4.498888958739316601e-03
4.445747614414297111e-03
4.308525783898231598e-03
4.116473577467777423e-03
3.878958996355041933e-03
3.596516785390163617e-03
3.293725388299029166e-03
3.359974134140769619e-03
3.317715665061282682e-03
3.211889674433698882e-03
3.028718285707471258e-03
2.997437720115486703e-03
3.105489674553263413e-03
3.185826131563485042e-03
3.235453585103548191e-03
3.252834501340395867e-03
3.247045419903338281e-03
3.249846175349735411e-03
3.543862870997505077e-03
3.845558858662390112e-03
4.124861295023235508e-03
4.357598198824447211e-03
4.541865532402933336e-03
4.671301508330644170e-03
4.748007069460102869e-03
4.730243231579528418e-03
4.627659306658427063e-03
4.445083156516982381e-03
4.225215920451774743e-03
3.961288706355287070e-03
3.680216878569758654e-03
3.725153720734730722e-03
3.803396239742989904e-03
3.825388765434450944e-03
3.776834791967387250e-03
3.679414971952427171e-03
3.530818293463855451e-03
3.348819604079039669e-03
3.141787021873260199e-03
2.920285719505255617e-03
2.690308460473050944e-03
2.607669880459434486e-03
2.612452664684072889e-03
2.582067038318230923e-03
2.478683919023810800e-03
2.429074106235967756e-03
2.568676697622868099e-03
2.686080281156744132e-03
2.775875838545605045e-03
2.847982316032338090e-03
2.873803220078630094e-03
2.895404970246456822e-03
2.994830152008354229e-03
3.215784310912156441e-03
3.435376071756618410e-03
3.662071017684676022e-03
3.844970542673298297e-03
3.994617624441643144e-03
4.077426442623599545e-03
4.093154121824871261e-03
4.053965775981327457e-03
3.936464286336621710e-03
3.767549902912281645e-03
3.607087823529364634e-03
3.433630409003407546e-03
3.239926836698742152e-03
3.140850247919435567e-03
3.279268947755209496e-03
3.379913100138243198e-03
3.411916086976191087e-03
3.387326930333500741e-03
3.314358031634878632e-03
3.199978923652313512e-03
3.052253084483008694e-03
2.875183216693250055e-03
2.672325203519176906e-03
2.458135602598970904e-03
2.353940858597747265e-03
2.315403573821372962e-03
2.243160583836417699e-03
2.137651273641016925e-03
2.056870238809571649e-03
2.139712000468807496e-03
2.197435973809613863e-03
2.243373499937140192e-03
2.271048442793299760e-03
2.285357217205047364e-03
2.281075828421380569e-03
2.380545960183222398e-03
2.566027029054257502e-03
2.762449324168497755e-03
2.955302485516675404e-03
3.129476689893329056e-03
3.280294906045505554e-03
3.398764193107223219e-03
3.474776558104936131e-03
3.508987270873009656e-03
3.487018130402780303e-03
3.431328362935692766e-03
3.341231014505785524e-03
3.221887880655416314e-03
3.074324008877499237e-03
2.917994547969759989e-03
2.746519755086357373e-03
2.750890691182061865e-03
2.826326222511471586e-03
2.863053069924237359e-03
2.866257805576560846e-03
2.836364803895624620e-03
2.777364363458295626e-03
2.690937207080135174e-03
2.577284448480487988e-03
2.437518088125090188e-03
2.283178704902522060e-03
2.123709288406411266e-03
1.964017475096835330e-03
1.969745097158942526e-03
1.920285846300107124e-03
1.840536234262890591e-03
1.757462865059483681e-03
1.846801498447209200e-03
1.917364815243127740e-03
1.969661178086695719e-03
2.013235820952613553e-03
2.034323956638967035e-03
2.036007614044460512e-03
2.084250486446670436e-03
2.243577177352823471e-03
2.408743898110854431e-03
2.561656629092717852e-03
2.711052921658990700e-03
2.846191332801256690e-03
2.959726936175327561e-03
3.047635331156733907e-03
3.094686221788101044e-03
3.109064675769046548e-03
3.076231412754509842e-03
3.003010753287821410e-03
2.916574133347782372e-03
2.820709143938560093e-03
2.703664004468142590e-03
2.572128121666433787e-03
2.428281293028161647e-03
2.485981278149085316e-03
2.555119473936467989e-03
2.601901240406295779e-03
2.611486554629727230e-03
2.586601563771662171e-03
2.542785504986433409e-03
2.468023063820545815e-03
2.370954070716579931e-03
2.251856426294551738e-03
2.117949455378742574e-03
1.981921375244805050e-03
1.837856197407672365e-03
1.726207763672910067e-03
1.693744916961475999e-03
1.640676600387969142e-03
1.558047325881301015e-03
1.534519696012454082e-03
1.596050488860606409e-03
1.644375373828138587e-03
1.677302474147407407e-03
1.702174910841958155e-03
1.723394535997430088e-03
1.731711245363809493e-03
1.846742606472051573e-03
1.980743826614950187e-03
2.116099761916873101e-03
2.255154752920013328e-03
2.384717052950735550e-03
2.502647113319378391e-03
2.610050033991673235e-03
2.695637137825251939e-03
2.751783730918389015e-03
2.786540158945166601e-03
2.776195542151249640e-03
2.741234884950954909e-03
2.666795823161621781e-03
2.557863964206930074e-03
2.462227613848538832e-03
2.359361631271039705e-03
2.248025592960806174e-03
2.136038921801003410e-03
2.160509840738039644e-03
2.232121042552603907e-03
2.283769660050644079e-03
2.312849323672233615e-03
2.312561871145896175e-03
2.284825703067927538e-03
2.237403821253203251e-03
2.167802118163114633e-03
2.077401650381505149e-03
1.974248434851361145e-03
1.858885004842492084e-03
1.732829357039417095e-03
1.599846619753403365e-03
1.547364483885621533e-03
1.501567781913570876e-03
1.440701885469464205e-03
1.371915864489176018e-03
1.420002672268633193e-03
1.467019796977109269e-03
1.498322399696605522e-03
1.524119789930500346e-03
1.535258023180691156e-03
1.539600417261866028e-03
1.567511217646894162e-03
1.675345591049759442e-03
1.792490311055411345e-03
1.906732138722361247e-03
2.030260427816732438e-03
2.154153558146798542e-03
2.259013743763665927e-03
2.355053444657778661e-03
2.434173339231487931e-03
2.491985165184701367e-03
2.519726428605817414e-03
2.526478716821767279e-03
2.492908526224302257e-03
2.439967028887601863e-03
2.370840739216895088e-03
2.295753622311380582e-03
2.198594782836404971e-03
2.100186013799243412e-03
1.993980504244541319e-03
1.953036036043687140e-03
2.002655788055612840e-03
2.047146231863583576e-03
2.073959542055914262e-03
2.077874330553036719e-03
2.065349921991227466e-03
2.034833843556765887e-03
1.988455168775965509e-03
1.923502836853802078e-03
1.846860206828365714e-03
1.762684692660748675e-03
1.667258582397052047e-03
1.559046322598123258e-03
1.451571169648502302e-03
1.375568044338776330e-03
1.354529369636231495e-03
1.301685823111242701e-03
1.241478785819150055e-03
1.275812671437226431e-03
1.321337777638598165e-03
1.363092238910512677e-03
1.391518731636426365e-03
1.408821497314888260e-03
1.419185937757805327e-03
1.423375761922612837e-03
1.515183785884222090e-03
1.610055091001844074e-03
1.709232881927091885e-03
1.799076114267633697e-03
1.900632500285936999e-03
1.997487148116955380e-03
2.082578366533610614e-03
2.158245633495287086e-03
2.217582021913966361e-03
2.258512848538785089e-03
2.272351341701506211e-03
2.271441408929236738e-03
2.236975186651501968e-03
2.182133556568932597e-03
2.128893223148048408e-03
2.067035825781216030e-03
1.990201216653803007e-03
1.915922687593718532e-03
1.837160786969688209e-03
1.765269792189189113e-03
1.828193078559053886e-03
1.876291842335925386e-03
1.908442921879749399e-03
1.927211853643640005e-03
1.923433044721784002e-03
1.899269156958149907e-03
1.859812810039024322e-03
1.807431153159538839e-03
1.739904100864664294e-03
1.661968350576026321e-03
1.578323961998445712e-03
1.496375137004152256e-03
1.417084474415519768e-03
1.340879228599461959e-03
1.333687710851183539e-03
1.359083552090634139e-03
1.375273279079464173e-03
1.389224819368511943e-03
1.346619209155630603e-03
1.290267865382638268e-03
1.336770173969881181e-03
1.369793197284918662e-03
1.396267006761403584e-03
1.410277467977227861e-03
1.412606860371395934e-03
1.408026781624105439e-03
1.401159938093143875e-03
1.394015748594462645e-03
1.479278309918535816e-03
1.582877388872250268e-03
1.685206796989191513e-03
1.789728345352681327e-03
1.879505469635389669e-03
1.968400089077726456e-03
2.048206111859102174e-03
2.109880131120761559e-03
2.166273790050327053e-03
2.193654759168633950e-03
2.205399771293969913e-03
2.191346854619885542e-03
2.152418584241977406e-03
2.088299714497504622e-03
2.029042227018690303e-03
1.960141443950513818e-03
1.881735991592359269e-03
1.792028919007482290e-03
1.702120635584475350e-03
1.764622047754627054e-03
1.817134409504955750e-03
1.849196331017349815e-03
1.866161854058773217e-03
1.867013894200381108e-03
1.848620349256369089e-03
1.815464628946883430e-03
1.770470197890477992e-03
1.710936161840731495e-03
1.641536588895098348e-03
1.563074339147263458e-03
1.479008140690796225e-03
1.387688421913196857e-03
1.294015984269536457e-03
1.219072360983036729e-03
1.207588999825426335e-03
1.187476934641440440e-03
1.150975017499306086e-03
1.109949249413849648e-03
1.075412899862987492e-03
1.127223974785124261e-03
1.167514176660416902e-03
1.205725764363008157e-03
1.232430167919046360e-03
1.255976676746706211e-03
1.271606653954648891e-03
1.280290300382097568e-03
1.284626337029803889e-03
1.359999499190689409e-03
1.443545352363490020e-03
1.543985979187562085e-03
1.633821210654307077e-03
1.732605085047328464e-03
1.814309899327321007e-03
1.888131893213462753e-03
1.956483034960515566e-03
2.019780380118796348e-03
2.075864247651354466e-03
2.127530732779020495e-03
2.172303356213628467e-03
2.219444970687295404e-03
2.180094143364813553e-03
2.112216384775267297e-03
2.024815776882821217e-03
1.934802599280777136e-03
1.887052541764550062e-03
1.842044534711151371e-03
1.795235173497722325e-03
1.745168915487926853e-03
1.761011316606608812e-03
1.852201878894343956e-03
1.935053490334959214e-03
2.007885949503185330e-03
2.046091782188175223e-03
2.057393022007886207e-03
2.044780666772216815e-03
2.009449301754367978e-03
1.953139969570638623e-03
1.878340542173173588e-03
1.787827592988150416e-03
1.684877344278190581e-03
1.573220784772788594e-03
1.456740786830890144e-03
1.336203535787949814e-03
1.218099245855058799e-03
1.204875080076633909e-03
1.178463090424353155e-03
1.144105030038422566e-03
1.105325108576665771e-03
1.058228458268389849e-03
1.028464488689206924e-03
1.037574107474126262e-03
1.102121538525874245e-03
1.189766704340511350e-03
1.255368342359231004e-03
1.300867269477867794e-03
1.323346596864616309e-03
1.310682465510554229e-03
1.321816947852411106e-03
1.361118363535251952e-03
1.383235176280889211e-03
1.387565635144444309e-03
1.469859480838525689e-03
1.526259711841643218e-03
1.616623968619224083e-03
1.725435750114329148e-03
1.827760387311694323e-03
1.924363370157000652e-03
2.009351364315598021e-03
2.078858153152590704e-03
2.126173005562392859e-03
2.153654735977700296e-03
2.162444450604317225e-03
2.152319105414052247e-03
2.121624814587497188e-03
2.070977871654111624e-03
1.995658214066581282e-03
1.906150658907673767e-03
1.805858651758279754e-03
1.702185384698268189e-03
1.612892923890857366e-03
1.565871181276323743e-03
1.518272671489573344e-03
1.513701864344491055e-03
1.602646683832947838e-03
1.686675120332159494e-03
1.753292909420389734e-03
1.799976198223834922e-03
1.827948286609620832e-03
1.843025721610741519e-03
1.839971393284761669e-03
1.820323325013556426e-03
1.785351633590753773e-03
1.733476978507259014e-03
1.668412857858792009e-03
1.590999828517791759e-03
1.501974266048589080e-03
1.404991066757232954e-03
1.299781180123554813e-03
1.234588261891628180e-03
1.220201045740498813e-03
1.183960461949656873e-03
1.134083594059198674e-03
1.073633962434733524e-03
1.005118919338410244e-03
9.315118789390008924e-04
9.389787753969758288e-04
9.553043485011902813e-04
9.826348582399890841e-04
1.049559387600568217e-03
1.125474781615704023e-03
1.187406913424282617e-03
1.230011187794088912e-03
1.251239700524237053e-03
1.249953377168599999e-03
1.228648755054323471e-03
1.234109086752421813e-03
1.258251703856655412e-03
1.360550258204112906e-03
1.460294349138968606e-03
1.557596449220322032e-03
1.653040624090773569e-03
1.746758881978893729e-03
1.837425237416673296e-03
1.924591409432019340e-03
2.009582178559815580e-03
2.092241151964269186e-03
2.170273004780315373e-03
2.233869285798967264e-03
2.265496348851397945e-03
2.256949184173323575e-03
2.214204168619560154e-03
2.150072337840286396e-03
2.072048427955025529e-03
1.986576271214318679e-03
1.894726500770049782e-03
1.796764284063778749e-03
1.692920902479827516e-03
1.622848184681779937e-03
1.553112969650161101e-03
1.536438779432741653e-03
1.593797547025044281e-03
1.649774080856425407e-03
1.704067601946163135e-03
1.754800881038881544e-03
1.792923850253175244e-03
1.817124426023830619e-03
1.826250591877298657e-03
1.822319507773728642e-03
1.803412322251563005e-03
1.775515228384122457e-03
1.736832095405038690e-03
1.689382240378040079e-03
1.632234630705081679e-03
1.566391172894282535e-03
1.496803617522246554e-03
1.428163680548183434e-03
1.378762231854485654e-03
1.447353188532979340e-03
1.520908017692002012e-03
1.590624774418014642e-03
1.621251322330680145e-03
1.623391723630990269e-03
1.610025495988848254e-03
1.580787102614111816e-03
1.516265738462030388e-03
1.435089851173687592e-03
1.374623146099790416e-03
1.397887543605536020e-03
1.412365332377762961e-03
1.453994777164818730e-03
1.483378595773049424e-03
1.502240911610552843e-03
1.508637257836481504e-03
1.507102203518739802e-03
1.519434072962760895e-03
1.528280771683765416e-03
1.515078946682929528e-03
1.479095505123678711e-03
1.420821019837648080e-03
1.439496299372233779e-03
1.519637854881600303e-03
1.623880009075817643e-03
1.723162679134332409e-03
1.814481259327843654e-03
1.898512871399887780e-03
1.971198293272968805e-03
2.036823122366915317e-03
2.088533791842900333e-03
2.128599447613288564e-03
2.152336038881291769e-03
2.160942514900843214e-03
2.152882818096946149e-03
2.128117225872833140e-03
2.095948741796999082e-03
2.059370364515006324e-03
2.001039889409667039e-03
1.931276797683012525e-03
1.850963025658458605e-03
1.759218726423344981e-03
1.669659938782153130e-03
1.576689205518094772e-03
1.517323146910998233e-03
1.544688941986699371e-03
1.571632163039599073e-03
1.599857808630894551e-03
1.627105138367890280e-03
1.655546004723229547e-03
1.677167955884878436e-03
1.684626499071362193e-03
1.681689907550160124e-03
1.667986856797309958e-03
1.648764634120031269e-03
1.623141891860635511e-03
1.589438568478873659e-03
1.552852267251159102e-03
1.511444390434490970e-03
1.466106148646256768e-03
1.416267554145200780e-03
1.362078591576831865e-03
1.305860696307642455e-03
1.286562525535994705e-03
1.351431562738231174e-03
1.408606798606326649e-03
1.452345439612090505e-03
1.487264945201571820e-03
1.506749173443039380e-03
1.514962089529087175e-03
1.509484894857138215e-03
1.494857575365798885e-03
1.447341756725673001e-03
1.432674797086613827e-03
1.456910844192471632e-03
1.472965536990028523e-03
1.476074251613918031e-03
1.498750741379228923e-03
1.522218202390790420e-03
1.533055348980877364e-03
1.531011560906903046e-03
1.515514671705492367e-03
1.486579564295348321e-03
1.446561915900312911e-03
1.396930888620362410e-03
1.336671099269520768e-03
1.309154229944820003e-03
1.385028637266833007e-03
1.468066969460085636e-03
1.543255828263617735e-03
1.609480793923173669e-03
1.682712393425628283e-03
1.755903254499729949e-03
1.819313409913481117e-03
1.872660431781525414e-03
1.916321280193755694e-03
1.947258390607498058e-03
1.967343513272351574e-03
1.972885006499974780e-03
1.966002311156844762e-03
1.947759330226617180e-03
1.944234969210478781e-03
1.935090236801301211e-03
1.917249550906219291e-03
1.886581037409074124e-03
1.836623853466751166e-03
1.769793903839661509e-03
1.692674234899216312e-03
1.611253664452361178e-03
1.524370037816413781e-03
1.530241886943423113e-03
1.545304503135225271e-03
1.559886523446907258e-03
1.575747889264345059e-03
1.587842984611370634e-03
1.590824274471769328e-03
1.588089610789572559e-03
1.575996527430539862e-03
1.558172777600591585e-03
1.533198539778651837e-03
1.502439760786233869e-03
1.464953929373791208e-03
1.424835761673515222e-03
1.381183419765841247e-03
1.334499484530626834e-03
1.284472634906108635e-03
1.233495627174036047e-03
1.180952376727661957e-03
1.128171782785652999e-03
1.074173665267991185e-03
1.094547713474086637e-03
1.147498505524841006e-03
1.192939665389719517e-03
1.231636241563638379e-03
1.263630549535127434e-03
1.287787071177048936e-03
1.305350775300972987e-03
1.311940987947318726e-03
1.301740612856955304e-03
1.271833607410732814e-03
1.320297274982368263e-03
1.368031249101175906e-03
1.396552108072157683e-03
1.415103664427264096e-03
1.425453874979609736e-03
1.429002105852977822e-03
1.452445089930587407e-03
1.463296663612001502e-03
1.461625406113137293e-03
1.449131138013093345e-03
1.424754611103945523e-03
1.388529763010570850e-03
1.343697375283614548e-03
1.286949202778386869e-03
1.337671654642796915e-03
1.404211508497010819e-03
1.468602275514457878e-03
1.530884959012906998e-03
1.591534148150691719e-03
1.650558667682988645e-03
1.704277143390803273e-03
1.751680676433581274e-03
1.795413857287569970e-03
1.832063279045198501e-03
1.858986944689722254e-03
1.873545835786916136e-03
1.875412600490428128e-03
1.866659319854552246e-03
1.844408467710445532e-03
1.815059947660152551e-03
1.786348752266436746e-03
1.765452454452198783e-03
1.733430331297830529e-03
1.693973721627994866e-03
1.648677328321412894e-03
1.596521615036983199e-03
1.535795420202934469e-03
1.471670454560536356e-03
1.453301899837528000e-03
1.482161535038772904e-03
1.507869071576684039e-03
1.532488413557603346e-03
1.552969635027878770e-03
1.568177562434075467e-03
1.574563252027511018e-03
1.573116320178757910e-03
1.561443324241601482e-03
1.541846696283127871e-03
1.515587891839365042e-03
1.485557520145397437e-03
1.449012757003542706e-03
1.407879038343051725e-03
1.363748967087186070e-03
1.315771054333170209e-03
1.265423938512144630e-03
1.213330607536561301e-03
1.159798631850256223e-03
1.103416587017069794e-03
1.047168250286223401e-03
1.014316539683257634e-03
1.055703143394537413e-03
1.089109057144488357e-03
1.115654095128371104e-03
1.138109389231423130e-03
1.154556813289103756e-03
1.159786086219249945e-03
1.151493345961429604e-03
1.134053569246090687e-03
1.109107636071637870e-03
1.086443959295746442e-03
1.132006233848376064e-03
1.169478838764670403e-03
1.199945298670956895e-03
1.224523526245663296e-03
1.244202248552955803e-03
1.255486052776311201e-03
1.268631818344329032e-03
1.289913729975944445e-03
1.303297740434389285e-03
1.308008968694845953e-03
1.303613062654113142e-03
1.291661316090819689e-03
1.270964969302679215e-03
1.240924177012769913e-03
1.236045295330251426e-03
1.306029731502650337e-03
1.372194210942978554e-03
1.436126278352517494e-03
1.494956908688976904e-03
1.550786724855007792e-03
1.600688787206205888e-03
1.647807258405409314e-03
1.688184844558071607e-03
1.721079567570671376e-03
1.747409544975819795e-03
1.767430947233861183e-03
1.775220079273914786e-03
1.773258496778173932e-03
1.762087574248311084e-03
1.740027942802174765e-03
1.708684887515493633e-03
1.669287279487507991e-03
1.626974792368007794e-03
1.587167488837970541e-03
1.563588190789583221e-03
1.533921913576846707e-03
1.499364903640776348e-03
1.461848765460072030e-03
1.417973235155495226e-03
1.371111568298666317e-03
1.371736125168165898e-03
1.407492808010862850e-03
1.440671108531493827e-03
1.471328645462455231e-03
1.497720152997289444e-03
1.517605499753882370e-03
1.525387462396832206e-03
1.523169297807103195e-03
1.513566982031228081e-03
1.496093287653460502e-03
1.471834823860873609e-03
1.443248659644458254e-03
1.406967807518449964e-03
1.366300007316939569e-03
1.323408631081990361e-03
1.275614948100661783e-03
1.224866972456134517e-03
1.172546108673233611e-03
1.118104692241578269e-03
1.062685503899957196e-03
1.005145552750635884e-03
9.475917946667467007e-04
9.129325779004549002e-04
9.399317352680458537e-04
9.591787164900389406e-04
9.709786235156669942e-04
9.772286473940794416e-04
9.783894983270702284e-04
9.713750840832924283e-04
9.611528384930456692e-04
9.444458148667456143e-04
9.244149913867905077e-04
8.988348189732098259e-04
9.412187945155858770e-04
9.812155691204804686e-04
1.018344673321236460e-03
1.051550063041750693e-03
1.080244210883235523e-03
1.104937840106956504e-03
1.127865625258628324e-03
1.144614129551219106e-03
1.154498776970241947e-03
1.174450374965635424e-03
1.188833550934076388e-03
1.195576241502849246e-03
1.194103570723831220e-03
1.185177814646248828e-03
1.168006311623642768e-03
1.188117391433013426e-03
1.250329074049622013e-03
1.307318286794978413e-03
1.363137652874851780e-03
1.414463216335398732e-03
1.461306246969246159e-03
1.502212965573568315e-03
1.538344158728915945e-03
1.570522404969076913e-03
1.595177404509817709e-03
1.615279874938618798e-03
1.628445002213957382e-03
1.635686323391838393e-03
1.634429413526150565e-03
1.625379225516088155e-03
1.608566457268395533e-03
1.584238571021273634e-03
1.552394677278079449e-03
1.513763981002058667e-03
1.472980050087058235e-03
1.447818690831215171e-03
1.434001294592174292e-03
1.416113629651272188e-03
1.396221114832646437e-03
1.371983319466335560e-03
1.344603233608659965e-03
1.311530274185124245e-03
1.320832249903591826e-03
1.362103153872390449e-03
1.398409434080455371e-03
1.427798169450683607e-03
1.447602084043514425e-03
1.455931937466264925e-03
1.454247967554500587e-03
1.443456039279450431e-03
1.424926712724983169e-03
1.399402097274238255e-03
1.367631458944279510e-03
1.330613110847672642e-03
1.289652507648730850e-03
