# game: kuhn_poker 
# eval_every: 1 
# num_iterations: 1000 
# num_players: 2 
# bootstrap: False 
# truncate_negative: False 
# buffer_size: -1 
# num_hidden_layers: 2 
# num_hidden_units: 15 
# num_hidden_factors: 0 
# use_skip_connections: True 
# num_epochs: 200 
# batch_size: 1000 
# step_size: 0.01 
# 
4.166666666666666297e-01
1.962672339002121957e-01
1.585186361440087954e-01
1.293056439764337928e-01
1.055668888911314440e-01
8.715675991529422961e-02
7.643150955167898886e-02
7.681295541809449179e-02
6.736826037487439467e-02
6.478461809032570740e-02
5.904625654545780922e-02
5.716434185896954179e-02
5.518147077910012799e-02
5.318120615453930666e-02
4.743305345948820029e-02
4.150868735563484346e-02
3.651397200246461749e-02
3.437576940770947775e-02
3.317319397144544157e-02
3.150641114915361807e-02
3.334861702767441538e-02
3.316633350569556105e-02
3.015721558496417543e-02
2.992023785454242524e-02
2.994719273903501122e-02
2.681127874938751821e-02
2.569703688322336199e-02
2.627661748991100277e-02
2.586757875089135128e-02
2.633884043173659317e-02
2.578109071091880256e-02
2.389318479770644044e-02
2.054565094491267452e-02
1.989829416462060574e-02
1.923071300699341624e-02
2.102647739253565851e-02
2.154901990047217164e-02
2.073924894237164085e-02
2.009094842300787609e-02
2.092591287182568593e-02
2.053758607636999023e-02
1.881219004209694345e-02
1.714834392384748107e-02
1.743664453683643756e-02
1.702827915369783951e-02
1.581309164150629387e-02
1.388840150462514189e-02
1.478941652565732290e-02
1.696561738096505345e-02
1.825131304387750397e-02
1.862159639165936187e-02
1.810517903000832818e-02
1.645279034126265194e-02
1.488075907322486402e-02
1.365185633222537609e-02
1.297062446004168534e-02
1.362453972971097715e-02
1.425664838960030711e-02
1.444511448893223693e-02
1.418162794765889800e-02
1.358966009139306319e-02
1.278195146829252948e-02
1.259295746569802366e-02
1.215478097276434521e-02
1.130394436612378040e-02
1.095016319974426167e-02
1.104376591429309662e-02
1.078799792705803506e-02
1.028884467257520918e-02
1.001717475132754553e-02
1.003131898876991057e-02
9.890009459580573203e-03
1.031570654480359894e-02
1.142936701711902425e-02
1.212348679384708805e-02
1.234555923944855027e-02
1.210066339093807120e-02
1.141861720016482118e-02
1.026849838823429284e-02
1.017369399067702407e-02
1.025521919071742394e-02
1.006614491922727672e-02
9.650434037400179577e-03
9.744394677795475967e-03
9.761956130018595301e-03
9.668796226974807340e-03
9.455536625442489962e-03
9.099402187811578280e-03
9.053231743912454332e-03
8.933120093920887683e-03
8.421921429532241987e-03
8.298674447960230349e-03
8.546431431052103900e-03
8.731655124612242025e-03
8.714276128777592723e-03
8.928172096540315517e-03
9.062973442004490510e-03
9.078826897676389729e-03
9.041197487287960799e-03
8.835562726328877181e-03
8.535655087961557808e-03
8.178436342162781481e-03
7.836422531028369720e-03
8.018838281978829530e-03
7.948124517126703426e-03
7.699259588073464888e-03
7.918921151832208905e-03
7.965352543415765707e-03
8.174182991198070125e-03
8.066132874166548339e-03
7.802742003665652515e-03
7.352610044854962501e-03
7.006658597598525162e-03
6.921233594861297966e-03
6.751364689776245820e-03
6.855053764944468719e-03
6.987314167151897903e-03
6.960916524002408456e-03
6.751683901163374468e-03
6.598364047346511052e-03
6.783062766162140100e-03
7.107028373791374198e-03
7.281550998642721817e-03
7.282304335713363219e-03
7.422468589996233934e-03
7.629960998528473315e-03
7.789733815098787151e-03
7.931340487725063726e-03
7.905470130562558539e-03
7.759130771504307855e-03
7.504774424051785520e-03
7.184144489934124467e-03
6.659046024138109976e-03
6.251028037566996876e-03
6.060963143209585624e-03
6.153645602379492763e-03
6.342437506182185825e-03
6.384419262765117509e-03
6.542259047342041667e-03
6.453054957964499128e-03
6.311047330217978146e-03
6.380092075919191474e-03
6.339961566519308755e-03
6.235848058377652103e-03
6.038756210418161352e-03
6.123810896473430576e-03
6.286053646371025927e-03
6.364438325988153178e-03
6.251440082005899068e-03
6.025928824055726274e-03
5.891011534843504371e-03
6.002219113643153525e-03
6.098028848297742943e-03
6.129449141884513175e-03
6.046080549714200059e-03
5.815966757813872956e-03
5.604784242126598093e-03
5.751968867369783300e-03
5.929717112660493061e-03
6.001998619701437443e-03
6.019587705797191379e-03
6.072541096057731957e-03
6.251532303755275022e-03
6.361490208310505157e-03
6.243487608942110967e-03
5.990070339152386847e-03
5.539224824528815594e-03
5.026636305123011184e-03
4.704875103784200707e-03
5.089275836890699845e-03
5.469160521727384205e-03
5.797957229477845864e-03
6.026764996496264404e-03
6.146362891898404790e-03
6.191956176475887919e-03
6.154486370036349463e-03
6.022288960235933075e-03
5.844611213028344521e-03
5.560288244977090732e-03
5.141527057280936841e-03
5.053695025819870956e-03
5.035891672256709306e-03
4.956366491635277871e-03
4.821117672805880217e-03
4.630104450298377916e-03
4.341929638337516106e-03
4.061688146341585481e-03
4.039785142067375823e-03
3.974112624474862576e-03
3.894667064199386353e-03
3.749858575242043246e-03
4.067058872625317623e-03
4.455790111652507823e-03
4.801741448190843808e-03
5.102055217688306055e-03
5.306567367010572855e-03
5.415601669348096836e-03
5.401551190122172441e-03
5.280051454061324145e-03
5.116454245260637634e-03
4.913933661237684936e-03
4.669356710468031135e-03
4.553122797626873997e-03
4.425145155031229294e-03
4.398549123401762628e-03
4.375873082521741786e-03
4.644403756439430264e-03
4.845144154713404427e-03
5.010491888692347739e-03
5.084232460694254607e-03
5.143307709215144685e-03
5.149936198905691320e-03
5.100352800604057713e-03
4.999453871871006871e-03
4.855055528994151048e-03
4.668566944393492957e-03
4.455349694598209620e-03
4.318223637937906867e-03
4.194097380182754131e-03
4.057683776570980561e-03
3.893434401912476694e-03
3.729578461665633560e-03
3.551148693081901397e-03
3.373527438739476469e-03
3.359648017873112513e-03
3.289896951605475461e-03
3.263435697393679558e-03
3.217888066119667378e-03
3.202341804301983563e-03
3.563535017903185498e-03
3.947616997677816375e-03
4.227158926596280564e-03
4.421519314651428667e-03
4.576714220357991358e-03
4.648682481746047035e-03
4.604327443929856489e-03
4.482791219847515052e-03
4.316897002347219736e-03
4.113456029281425952e-03
3.935432562473029083e-03
3.833865931785473968e-03
3.708454516383352662e-03
3.559080784115542517e-03
3.463221498840179935e-03
3.555948631625116541e-03
3.645484640979468338e-03
3.726244745043599815e-03
3.796167751270729251e-03
3.849271024536499164e-03
3.871978519762536708e-03
3.889638874282647096e-03
3.919069231307692469e-03
3.938575222133700038e-03
3.962735603320388655e-03
3.979291374832660821e-03
3.978398748474887281e-03
3.941001487890782862e-03
3.913864609556699792e-03
4.000998013715617585e-03
4.102659723416335336e-03
4.160800777524370497e-03
4.211180792593555156e-03
4.193022672794866068e-03
4.181470003647269618e-03
4.264838321588138026e-03
4.176495723664963577e-03
4.060127523532602867e-03
3.922739005731701312e-03
3.776008190749746696e-03
3.609342788829489335e-03
3.429056388386142462e-03
3.226073553075414768e-03
3.064691517711604085e-03
3.065633842114418028e-03
3.280033302553858610e-03
3.449827902262420087e-03
3.592624125391380430e-03
3.718079539232616026e-03
3.780830965805614952e-03
3.789953643681231998e-03
3.776823040120391717e-03
3.803491657968616213e-03
3.748153256953296042e-03
3.627653018949406061e-03
3.483636279090818189e-03
3.308764652976359244e-03
3.112251525253517670e-03
2.936107107821050999e-03
2.923310153764291375e-03
2.910234695974622809e-03
2.905579956679643638e-03
2.935100519629058047e-03
2.999370053739264241e-03
3.144715175227352777e-03
3.260726622733578495e-03
3.342553120564417668e-03
3.398867307628783418e-03
3.398446306957070284e-03
3.482067653574311139e-03
3.648388021958742788e-03
3.825604092092427244e-03
3.973313942681327982e-03
4.124359577406505606e-03
4.257822989895188037e-03
4.365843079854103692e-03
4.414586051009944390e-03
4.423331920000855844e-03
4.378002985229695332e-03
4.391983715497982388e-03
4.283006981802228719e-03
4.113348475444061902e-03
3.881269241449464280e-03
3.631732178880492379e-03
3.370557589622735772e-03
3.315054678332735039e-03
3.300772715825101011e-03
3.277220223257132359e-03
3.238188435443295488e-03
3.186276004565197217e-03
3.113021752633615691e-03
3.108625627376265799e-03
3.177114091094085380e-03
3.193049707599482367e-03
3.180292411329860292e-03
3.138395206024741091e-03
3.032429495778421469e-03
2.899739568053533167e-03
2.822438951439854016e-03
2.826005316300728154e-03
2.865863609919472310e-03
2.925676950517291930e-03
2.969712017720033126e-03
2.963804193190255898e-03
2.939440812566113115e-03
2.883167737465497371e-03
3.017914045618741437e-03
3.168231070993982046e-03
3.292616381748936227e-03
3.406501678605428074e-03
3.462678674074626262e-03
3.477433708719751548e-03
3.467349543020498137e-03
3.607711882496977829e-03
3.791287784301544672e-03
3.963486637339475038e-03
4.060942789117227836e-03
4.139742867657641989e-03
4.199947844521684237e-03
4.220470757939076556e-03
4.166209392164249570e-03
4.108550226170848418e-03
3.974605591923280334e-03
3.821192550794799692e-03
3.647113101319821027e-03
3.463211433093138503e-03
3.270219973386168100e-03
3.145805847990595927e-03
3.166726768011746129e-03
3.182282956776527616e-03
3.187214471020438644e-03
3.183450191403036644e-03
3.253207471767355363e-03
3.276829902577244047e-03
3.271283648086625861e-03
3.235454257347336604e-03
3.182930457988258910e-03
3.104437704146867372e-03
3.015808962909427571e-03
2.925139376209834330e-03
2.813497261794500881e-03
2.859432572536763084e-03
2.915032105219594882e-03
2.954053107278753476e-03
2.972691014836381651e-03
2.950886411598241388e-03
2.898968023006431860e-03
2.825854181003450982e-03
2.788622001393487038e-03
2.852100352108810633e-03
2.944276214104618594e-03
3.024726217545764539e-03
3.080004914967987562e-03
3.099295751606084837e-03
3.097146820121077226e-03
3.064706074032114147e-03
3.013742711465122737e-03
3.091052224584167618e-03
3.205906053749735252e-03
3.323229325037618809e-03
3.399563727954163506e-03
3.485834458326259044e-03
3.533366440253427054e-03
3.571451090494281999e-03
3.581025239195068099e-03
3.564856039562774859e-03
3.525267124489223081e-03
3.435868309946549237e-03
3.336355783258859731e-03
3.231927905900544573e-03
3.103312500928906426e-03
2.984666015171749676e-03
2.853407689268339098e-03
2.911778644935136828e-03
3.009895333450529620e-03
3.125173595010383165e-03
3.231528404918831976e-03
3.311322410619127465e-03
3.341515130728223149e-03
3.349759155712533909e-03
3.330999358090752649e-03
3.276779364290133278e-03
3.198440926986872990e-03
3.109380081229323745e-03
2.998586054973939596e-03
2.874764229048476505e-03
2.723589922650537787e-03
2.580624585977325802e-03
2.531121168272976174e-03
2.517202678829544293e-03
2.497205485122583335e-03
2.486806300683597204e-03
2.463545868057526178e-03
2.421007191011376181e-03
2.348657760114974957e-03
2.277520682853612088e-03
2.187988080021741055e-03
2.245626208415868463e-03
2.296721567992793256e-03
2.322678136848527197e-03
2.339842297038513541e-03
2.337659258566299192e-03
2.338131086094763500e-03
2.312074135691732923e-03
2.315127652455978291e-03
2.420713758776477098e-03
2.527202990575211361e-03
2.638171354310159256e-03
2.746979874940075339e-03
2.850904247632513044e-03
2.939845128624968273e-03
3.010395035379531681e-03
3.080103582373233673e-03
3.121714006077080938e-03
3.153364854973389475e-03
3.163269917603545034e-03
3.146014506299144031e-03
3.117685241011136643e-03
3.059121566912348378e-03
2.985066342935271955e-03
2.902346420465606869e-03
2.812992967639899033e-03
2.722223634675224879e-03
2.829095104850826159e-03
2.906344901174973128e-03
2.953633015687184837e-03
2.982245768967328736e-03
2.961170042287908366e-03
2.941532204219415858e-03
2.895945309362019104e-03
2.829266227366816766e-03
2.748928413730311604e-03
2.659534460185908333e-03
2.562281111995107219e-03
2.464092448072496833e-03
2.367682626742168006e-03
2.267909276693874654e-03
2.164740635708539696e-03
2.060805784479369240e-03
1.959856383523028711e-03
1.854700112751628271e-03
1.797837070445368335e-03
1.788403115319608938e-03
1.763638716691606767e-03
1.729014424753205770e-03
1.732007942227498098e-03
1.744860131521808189e-03
1.732310556457616890e-03
1.700270124777358838e-03
1.769324542224726127e-03
1.807743182786120117e-03
1.831060197237555087e-03
1.831148351264438867e-03
1.853184893392617605e-03
1.912111230298885189e-03
1.958711645433347526e-03
2.076346991359334648e-03
2.183138015575236679e-03
2.295844276728270517e-03
2.398967553482733717e-03
2.498952518151964508e-03
2.593058430836875372e-03
2.673930267804797145e-03
2.753502319377376661e-03
2.832205749163457797e-03
2.881984419148247989e-03
2.922760557022924255e-03
2.944235406119460885e-03
2.973733391550520411e-03
2.977376305540152535e-03
2.965503851426298798e-03
2.935572999126362381e-03
2.892440654096273267e-03
2.803138048872111376e-03
2.692702910400107674e-03
2.593116840470532924e-03
2.512301216814588622e-03
2.531489684956728103e-03
2.544849012620170603e-03
2.544432692097337023e-03
2.526394522953556709e-03
2.502276670501735190e-03
2.465568155630509795e-03
2.421175563999150571e-03
2.454065816784478660e-03
2.391801671395549223e-03
2.323664213787296484e-03
2.254742986277508132e-03
2.181554164139287710e-03
2.108847215304104905e-03
2.030252817534911047e-03
1.948772384984059913e-03
1.873952615508961417e-03
1.795190177519639940e-03
1.725179150085326407e-03
1.652122938669925434e-03
1.635952978288279791e-03
1.650513735107189683e-03
1.664808649389504236e-03
1.671278680478865963e-03
1.662898962429631977e-03
1.661335068266850401e-03
1.685430573065832549e-03
1.692449522198880008e-03
1.779425222863395550e-03
1.854189732573896521e-03
1.926187916128280220e-03
1.970975180462380960e-03
2.023512291275536557e-03
2.069576223945046589e-03
2.094243467472223230e-03
2.189851235986833844e-03
2.285484021188943782e-03
2.385062374311824884e-03
2.477066996606741567e-03
2.567181320830308477e-03
2.637397014304349030e-03
2.701435820313291547e-03
2.758226341867842102e-03
2.804699770527746550e-03
2.836502274882635177e-03
2.849916773156574434e-03
2.829765623430513521e-03
2.808101852320749048e-03
2.774492083703061773e-03
2.735118600420749502e-03
2.664242335917749172e-03
2.580831419236123692e-03
2.490579024808231567e-03
2.385146846191676939e-03
2.264997764349130360e-03
2.186106751853184038e-03
2.209109079796461872e-03
2.229365289681956019e-03
2.239476795624334438e-03
2.252083789272441017e-03
2.293136084368402328e-03
2.314713908841026235e-03
2.331185002197561085e-03
2.345548913124578805e-03
2.345746834127110381e-03
2.337482141762964316e-03
2.311742662422344718e-03
2.275042032416241256e-03
2.241104357342704745e-03
2.200164301076112938e-03
2.141816106482674620e-03
2.084714899427325685e-03
2.024179824320349041e-03
1.952740778882744443e-03
1.988300635445527931e-03
1.992053278341648914e-03
1.989235432506952783e-03
1.958835214872389763e-03
1.933302696408734089e-03
1.923700045989629182e-03
1.905361365536206719e-03
1.876062082076135340e-03
1.873007790777453385e-03
1.926431596235123056e-03
1.961141162787061187e-03
1.992200084086404033e-03
2.016553407151122634e-03
2.022635286237473018e-03
2.028464869828494610e-03
2.008612752447874739e-03
1.971950486083923204e-03
2.015447284011651075e-03
2.079754331014177504e-03
2.141082751906941972e-03
2.197559816976946134e-03
2.251645710494659669e-03
2.311763108813452705e-03
2.347974293563065418e-03
2.381179241344094644e-03
2.403895592921839741e-03
2.425607541820168356e-03
2.435739834608263710e-03
2.439358653565787405e-03
2.440629708788694119e-03
2.429695184289232257e-03
2.400960086022363438e-03
2.362261913777419231e-03
2.322635131775330208e-03
2.269790821002176662e-03
2.208717804990545375e-03
2.134026343483530486e-03
2.124397917892567600e-03
2.192145506162090918e-03
2.267565363361062625e-03
2.320062063629668714e-03
2.357020065999665404e-03
2.389435703436915137e-03
2.395247744401252099e-03
2.378284133949859491e-03
2.350147654704926037e-03
2.316716762555071085e-03
2.270407304350768873e-03
2.214258110652733702e-03
2.146823776124101579e-03
2.074540186323969859e-03
1.997109005914404767e-03
1.913613833587651802e-03
1.831737147291678802e-03
1.751052433548783149e-03
1.682440358206499509e-03
1.609701283592640531e-03
1.542098346895531824e-03
1.510879609876142338e-03
1.500180943870027539e-03
1.483544440879808191e-03
1.464980185315822858e-03
1.442092259673982690e-03
1.410140117631741852e-03
1.380669284034824473e-03
1.348704072618694960e-03
1.311799591037693391e-03
1.357816641265718882e-03
1.396145931063935697e-03
1.438409952984887052e-03
1.471238369788491207e-03
1.504236313750545451e-03
1.540857458063343843e-03
1.568970179744222371e-03
1.638822022461322581e-03
1.714382851896872895e-03
1.794250252703105675e-03
1.874155523010373470e-03
1.943964312769358438e-03
2.020130928294172623e-03
2.084198334790288154e-03
2.135323533405980578e-03
2.189142452278580731e-03
2.237550232769669467e-03
2.277955713514606684e-03
2.314325225433122579e-03
2.346296945439224624e-03
2.377514679201941927e-03
2.395236445795478897e-03
2.404567897414083832e-03
2.389416111366809981e-03
2.355360067511164113e-03
2.308203642583550597e-03
2.243227945429276948e-03
2.178898322092615025e-03
2.087690258008090272e-03
1.996892759877577639e-03
1.980597125729760544e-03
1.990967389678494071e-03
1.997198732151067579e-03
2.000657946291922729e-03
1.994003312433045849e-03
1.980920065219105020e-03
1.960635812641664533e-03
1.930758565360152224e-03
1.914560776786894403e-03
1.900344582179774866e-03
1.880628394722805297e-03
1.857988641749547254e-03
1.829742357976005263e-03
1.798900035428346866e-03
1.764555385808358468e-03
1.719147794838338239e-03
1.672357293452636506e-03
1.630967681348766130e-03
1.581657679426001772e-03
1.531459700140402891e-03
1.486314039384456498e-03
1.497782385217638623e-03
1.515545414333463459e-03
1.548766377897692337e-03
1.543414673844861751e-03
1.537396975403448884e-03
1.525481062911726582e-03
1.509565443373078741e-03
1.485529165471927149e-03
1.487912789615991604e-03
1.559110029838606248e-03
1.619982280170656486e-03
1.665121104034550381e-03
1.714077910265593419e-03
1.757423018376030877e-03
1.778793993314625732e-03
1.789564512773150762e-03
1.786453279044974973e-03
1.774912429715808093e-03
1.831665194291620669e-03
1.889079000047894086e-03
1.946176060532545105e-03
1.991676618890242390e-03
2.035589225213851883e-03
2.070725671052375816e-03
2.098050057430578264e-03
2.127143284267468681e-03
2.140438088908569458e-03
2.159088871566017254e-03
2.163088637368221212e-03
2.160544476874720621e-03
2.156694919709073455e-03
2.138942106113012054e-03
2.099131252793179359e-03
2.048134699676851245e-03
2.001536359597044790e-03
1.938377405921093422e-03
1.866271732707897035e-03
1.802301806859557542e-03
1.733028439874551019e-03
1.727849722841567903e-03
1.781856553027316714e-03
1.844472482823766857e-03
1.912229238911211660e-03
1.970960874649874128e-03
2.016590707561688456e-03
2.044961898603731010e-03
2.058349549014654167e-03
2.068208938483251380e-03
2.067207809638177407e-03
2.038096828439805996e-03
2.011107865839273368e-03
1.977476507723979759e-03
1.937872635988241443e-03
1.888761851650239132e-03
1.840118632662895992e-03
1.779081066160065339e-03
1.770319589933705418e-03
1.698858466690378322e-03
1.630159234771805243e-03
1.556326329250484752e-03
1.476783237005951932e-03
1.430096017521254037e-03
1.405571801274457799e-03
1.379259289958051360e-03
1.367610228942633954e-03
1.340212451019145989e-03
1.310914355614728466e-03
1.281087568048927539e-03
1.246269566968216669e-03
1.218961548273583828e-03
1.246884403808073971e-03
1.260926315095389771e-03
1.278208006875225511e-03
1.294119083298517214e-03
1.305543573697692805e-03
1.317723037146195653e-03
1.321248956908660510e-03
1.338616563713895813e-03
1.392566132237260668e-03
1.445228947380833295e-03
1.501683928750524588e-03
1.560395159037525348e-03
1.622439232220607153e-03
1.680470084733820535e-03
1.736734779781007321e-03
1.781538273740584932e-03
1.834973604777939693e-03
1.881344449768035387e-03
1.933032523759509180e-03
1.974011156356536567e-03
2.006549651724004457e-03
2.033442808561158888e-03
2.058789347676642789e-03
2.071748026803099663e-03
2.086581144571636459e-03
2.096764342085943866e-03
2.085439300663072260e-03
2.064673557260532366e-03
2.042027738769686129e-03
2.012350761856351866e-03
1.967959946296921059e-03
1.913312906477726560e-03
1.851717484971898697e-03
1.780475494890854105e-03
1.708990121723485966e-03
1.719958049155256852e-03
1.726602269537358403e-03
1.724609526707415741e-03
1.739522504607127207e-03
1.735498964084314366e-03
1.737823293153112347e-03
1.737953524142826778e-03
1.724766283539624911e-03
1.714385822248420954e-03
1.698419604925893722e-03
1.678133764320577370e-03
1.658494330188803323e-03
1.631297115640917283e-03
1.598058735087198867e-03
1.561668508340080530e-03
1.529376235364837688e-03
1.499358594599209393e-03
1.465402999546949747e-03
1.429012747595437283e-03
1.392505402202592890e-03
1.361358962359837665e-03
1.321825812346300033e-03
1.287233054760889006e-03
1.259935444802545712e-03
1.258983824938803009e-03
1.273843046236455834e-03
1.278673197632196334e-03
1.285704670292625584e-03
1.276425501078232161e-03
1.265970890486772804e-03
1.256761811311263299e-03
1.295139968589487101e-03
1.333475936258293748e-03
1.368902105877839448e-03
1.396564721729359748e-03
1.417839504129769779e-03
1.441965676558437659e-03
1.469622502375811379e-03
1.497742815688735130e-03
1.505996238402806942e-03
1.545094338278929502e-03
1.589057748105998646e-03
1.637483032038006270e-03
1.676802341595257095e-03
1.711580942794305171e-03
1.740148047332523706e-03
1.772457299207413906e-03
1.801119453349847577e-03
1.835195051442972680e-03
1.853177775676229100e-03
1.860052657155220057e-03
1.864049541796558573e-03
1.869297726083768429e-03
1.863847371738086567e-03
1.844653646591032370e-03
1.826494552552099249e-03
1.806506480207054066e-03
1.769890117792244366e-03
1.731819922444921556e-03
1.684037506212210378e-03
1.635659101506620194e-03
1.585191175827782573e-03
1.534430435730593789e-03
1.492733370366206014e-03
1.505247743008031325e-03
1.571475562353430444e-03
1.627964433973005942e-03
1.688020027978937021e-03
1.728740343554607817e-03
1.761080429883543630e-03
1.791136210183119637e-03
1.817442758630188893e-03
1.825636124378443581e-03
1.825719190750363374e-03
1.818507769627775161e-03
1.809925046320659536e-03
1.792205352878412095e-03
1.763044746660336060e-03
1.722314064032698377e-03
1.686957948470679813e-03
1.644630717396289299e-03
1.595817345396766118e-03
1.546672344138327881e-03
1.485559939653935402e-03
1.425744553604557652e-03
1.365818422831177603e-03
1.302068337830614153e-03
1.261835299526836707e-03
1.235447079581147856e-03
1.201287329666622661e-03
1.160618485294306890e-03
1.134477807790412740e-03
1.115016384920647363e-03
1.089298741539151960e-03
1.081474369391183243e-03
1.086809631502649864e-03
1.099215347556498079e-03
1.112646178954151965e-03
1.119179803873743273e-03
1.123555234699008532e-03
1.131349488061261788e-03
1.139102661973923070e-03
1.142643106614105175e-03
1.164115425604766996e-03
1.203046723275952301e-03
1.246470861075960057e-03
1.286468061791168349e-03
1.336369291648292768e-03
1.382320500787431738e-03
1.436048462090444566e-03
1.487468703952526949e-03
1.533306416577479014e-03
1.574206647785736379e-03
1.611405540011101589e-03
1.647480231463827050e-03
1.677530774929075763e-03
1.706736590650848040e-03
1.740365033832153019e-03
1.762556860423425409e-03
1.788898143934652962e-03
1.805669132128401300e-03
1.813607215704310383e-03
1.814843017730133345e-03
1.814396810268986693e-03
1.811458046984820713e-03
1.802194382496735692e-03
1.781063684898415156e-03
1.756774187728016301e-03
1.735301800607325085e-03
1.695164714325819721e-03
1.651090617053152521e-03
1.593638132911551208e-03
1.535243741421998820e-03
1.541523528175631208e-03
1.546301075329270525e-03
1.548764084671194752e-03
1.552517697622435300e-03
1.548835814383198173e-03
1.545025702787944377e-03
1.540430405139736614e-03
1.524225766672687721e-03
1.515264868529569986e-03
1.505046423774247799e-03
1.489713014482807463e-03
1.466882603216590475e-03
1.446046303268749833e-03
1.424587903244095566e-03
1.399632507295384132e-03
1.375748846415558724e-03
1.351741005778284155e-03
1.327291720586515344e-03
1.298741089941324311e-03
1.277475034994784986e-03
1.248781889965300262e-03
1.216651374541188879e-03
1.189060329172514363e-03
1.162689857576504338e-03
1.137197758087515886e-03
1.114145428882967748e-03
1.105284441090703673e-03
1.112892201983545215e-03
1.117539108524495672e-03
1.118491568834756311e-03
1.115139824859501250e-03
1.116693175135435867e-03
1.116042352211521482e-03
1.156198297045524237e-03
1.192776475500062494e-03
1.217921904062030380e-03
1.242225728852408562e-03
1.272137734974865264e-03
1.337947320695809239e-03
1.357255562809300820e-03
1.375809096610836058e-03
1.409859633137139356e-03
1.458590996303132936e-03
1.504005501894445374e-03
1.539708238895959314e-03
1.573494771636207989e-03
1.604382103524176761e-03
1.633092062026747504e-03
1.658062550021627279e-03
1.680501847154403094e-03
1.700523340656234783e-03
1.706455135986245653e-03
1.713664337465059528e-03
1.719038781165443952e-03
1.712201539104341030e-03
1.706754633149426548e-03
1.692470504349813387e-03
1.679874705876466257e-03
1.654860620639964086e-03
1.627994570983171130e-03
1.593307509787394993e-03
1.561883832926824756e-03
1.525600431991097627e-03
1.477364280843718181e-03
1.428724348552734558e-03
