# game: kuhn_poker 
# eval_every: 1 
# num_iterations: 1000 
# num_players: 2 
# bootstrap: False 
# truncate_negative: False 
# buffer_size: -1 
# num_hidden_layers: 2 
# num_hidden_units: 2 
# num_hidden_factors: 0 
# use_skip_connections: True 
# num_epochs: 200 
# batch_size: 1000 
# step_size: 0.01 
# 
5.105887239698485569e-01
4.628927993590100654e-01
4.474840884546201769e-01
4.397797330050285392e-01
4.351571197361065457e-01
4.320753775571723465e-01
4.298741331438179492e-01
4.282231998338951184e-01
4.269391405928990579e-01
4.259118932001370039e-01
4.250714180606273151e-01
4.243710221110517100e-01
4.237783793844989710e-01
4.232703999046047993e-01
4.228301510220358606e-01
4.224449332497928200e-01
4.221050352154641638e-01
4.218029036293972078e-01
4.215325753681816168e-01
4.212892799330894000e-01
4.210691554918170043e-01
4.208690423633887345e-01
4.206863303765641104e-01
4.205188443886422878e-01
4.203647572797549192e-01
4.202225230253979760e-01
4.200908246417346392e-01
4.199685332854763420e-01
4.198546758158568371e-01
4.197484088442123840e-01
4.196489978062227788e-01
4.195557999581076558e-01
4.194682504644240417e-01
4.193858509409572610e-01
4.193081599616887978e-01
4.192347851479354959e-01
4.191653765403310361e-01
4.190996210173375536e-01
4.190372375724463749e-01
4.189779732997999107e-01
4.189215999672826207e-01
4.188679110791709848e-01
4.188167193486460604e-01
4.187678545149631226e-01
4.187211614516662683e-01
4.186764985215563062e-01
4.186337361416637703e-01
4.185927555276001688e-01
4.185534475916616870e-01
4.185157119731607311e-01
4.184794561828363846e-01
4.184445948459860620e-01
4.184110490312810127e-01
4.183787456541577798e-01
4.183476169452935434e-01
4.183175999760315733e-01
4.182886362337613351e-01
4.182606712412245686e-01
4.182336542145365654e-01
4.182075377554048123e-01
4.181822775736215858e-01
4.181578322364121192e-01
4.181341629416537864e-01
4.181112333123566671e-01
4.180890092101148259e-01
4.180674585655166364e-01
4.180465512237423464e-01
4.180262588037849669e-01
4.180065545699133134e-01
4.179874133141522341e-01
4.179688112486943385e-01
4.179507259072768877e-01
4.179331360546655327e-01
4.179160216034760733e-01
4.178993635376515581e-01
4.178831438419804423e-01
4.178673454371059082e-01
4.178519521195359632e-01
4.178369485062082278e-01
4.178223199832137302e-01
4.178080526583177745e-01
4.177941333169560290e-01
4.177805493814101823e-01
4.177672888729010992e-01
4.177543403763569474e-01
4.177416930076394141e-01
4.177293363830303363e-01
4.177172605907987224e-01
4.177054561646847408e-01
4.176939140591510169e-01
4.176826256262664017e-01
4.176715825940966464e-01
4.176607770464897396e-01
4.176502014041510447e-01
4.176398484069142603e-01
4.176297110971198268e-01
4.176197828040222881e-01
4.176100571291511132e-01
4.176005279325603059e-01
4.175911893199011904e-01
4.175820356302650804e-01
4.175730614247394890e-01
4.175642614756318594e-01
4.175556307563147440e-01
4.175471644316513520e-01
4.175388578489627189e-01
4.175307065295019160e-01
4.175227061604014911e-01
4.175148525870643335e-01
4.175071418059697059e-01
4.174995699578677444e-01
4.174921333213391650e-01
4.174848283066959764e-01
4.174776514502044344e-01
4.174705994086083116e-01
4.174636689539363843e-01
4.174568569685749297e-01
4.174501604405925770e-01
4.174435764592990816e-01
4.174371022110270335e-01
4.174307349751231189e-01
4.174244721201356700e-01
4.174183111001887880e-01
4.174122494515312143e-01
4.174062847892522354e-01
4.174004148041523532e-01
4.173946372597626686e-01
4.173889499895040434e-01
4.173833508939780446e-01
4.173778379383832338e-01
4.173724091500495836e-01
4.173670626160844721e-01
4.173617964811263681e-01
4.173566089451974936e-01
4.173514982616528535e-01
4.173464627352190259e-01
4.173415007201201066e-01
4.173366106182833657e-01
4.173317908776241758e-01
4.173270399904029926e-01
4.173223564916530570e-01
4.173177389576743224e-01
4.173131860045903307e-01
4.173086962869657635e-01
4.173042684964809457e-01
4.172999013606601970e-01
4.172955936416533618e-01
4.172913441350656338e-01
4.172871516688346771e-01
4.172830151021535983e-01
4.172789333244350529e-01
4.172749052543180959e-01
4.172709298387125565e-01
4.172670060518810509e-01
4.172631328945570206e-01
4.172593093930961894e-01
4.172555345986602715e-01
4.172518075864324327e-01
4.172481274548616170e-01
4.172444933249352950e-01
4.172409043394801897e-01
4.172373596624875391e-01
4.172338584784639481e-01
4.172303999918066664e-01
4.172269834261997934e-01
4.172236080240339096e-01
4.172202730458459685e-01
4.172169777697793958e-01
4.172137214910627279e-01
4.172105035215074587e-01
4.172073231890229827e-01
4.172041798371487475e-01
4.172010728246026146e-01
4.171980015248443197e-01
4.171949653256546986e-01
4.171919636287285682e-01
4.171889958492819295e-01
4.171860614156717162e-01
4.171831597690291993e-01
4.171802903629049375e-01
4.171774526629257185e-01
4.171746461464627687e-01
4.171718703023108432e-01
4.171691246303779188e-01
4.171664086413849892e-01
4.171637218565745764e-01
4.171610638074306765e-01
4.171584340354053122e-01
4.171558320916552987e-01
4.171532575367868922e-01
4.171507099406083219e-01
4.171481888818898698e-01
4.171456939481321680e-01
4.171432247353411005e-01
4.171407808478094781e-01
4.171383618979056518e-01
4.171359675058688432e-01
4.171335972996102481e-01
4.171312509145200798e-01
4.171289279932807181e-01
4.171266281856856883e-01
4.171243511484628019e-01
4.171220965451041263e-01
4.171198640457000062e-01
4.171176533267779707e-01
4.171154640711463024e-01
4.171132959677430474e-01
4.171111487114878003e-01
4.171090220031393736e-01
4.171069155491561320e-01
4.171048290615614329e-01
4.171027622578118987e-01
4.171007148606703518e-01
4.170986865980814695e-01
4.170966772030517133e-01
4.170946864135313126e-01
4.170927139723015209e-01
4.170907596268628725e-01
4.170888231293277126e-01
4.170869042363155588e-01
4.170850027088511824e-01
4.170831183122646335e-01
4.170812508160960386e-01
4.170793999940004548e-01
4.170775656236566098e-01
4.170757474866788606e-01
4.170739453685289866e-01
4.170721590584330896e-01
4.170703883492987707e-01
4.170686330376350837e-01
4.170668929234750411e-01
4.170651678102991200e-01
4.170634575049616544e-01
4.170617618176185037e-01
4.170600805616569984e-01
4.170584135536273829e-01
4.170567606131759808e-01
4.170551215629806352e-01
4.170534962286863712e-01
4.170518844388446111e-01
4.170502860248521682e-01
4.170487008208927371e-01
4.170471286638794961e-01
4.170455693933990959e-01
4.170440228516573145e-01
4.170424888834256549e-01
4.170409673359893876e-01
4.170394580590969236e-01
4.170379609049104097e-01
4.170364757279574341e-01
4.170350023850837862e-01
4.170335407354074930e-01
4.170320906402741334e-01
4.170306519632126507e-01
4.170292245698928868e-01
4.170278083280833936e-01
4.170264031076109656e-01
4.170250087803204497e-01
4.170236252200361093e-01
4.170222523025230998e-01
4.170208899054508311e-01
4.170195379083562193e-01
4.170181961926083813e-01
4.170168646413737745e-01
4.170155431395823342e-01
4.170142315738947225e-01
4.170129298326691880e-01
4.170116378059303130e-01
4.170103553853382605e-01
4.170090824641579652e-01
4.170078189372299349e-01
4.170065647009411069e-01
4.170053196531965378e-01
4.170040836933917028e-01
4.170028567223853511e-01
4.170016386424734156e-01
4.170004293573621457e-01
4.169992287721437929e-01
4.169980367932711318e-01
4.169968533285332568e-01
4.169956782870318790e-01
4.169945115791582335e-01
4.169933531165699869e-01
4.169922028121688662e-01
4.169910605800793979e-01
4.169899263356269259e-01
4.169887999953169055e-01
4.169876814768146422e-01
4.169865706989248633e-01
4.169854675815722889e-01
4.169843720457822034e-01
4.169832840136619145e-01
4.169822034083821016e-01
4.169811301541586079e-01
4.169800641762348437e-01
4.169790054008646885e-01
4.169779537552950055e-01
4.169769091677492101e-01
4.169758715674111715e-01
4.169748408844087262e-01
4.169738170497983010e-01
4.169727999955494813e-01
4.169717896545300784e-01
4.169707859604910305e-01
4.169697888480522474e-01
4.169687982526882331e-01
4.169678141107142078e-01
4.169668363592724525e-01
4.169658649363191527e-01
4.169648997806105761e-01
4.169639408316910822e-01
4.169629880298801328e-01
4.169620413162595796e-01
4.169611006326621183e-01
4.169601659216589651e-01
4.169592371265482544e-01
4.169583141913435487e-01
4.169573970607628466e-01
4.169564856802170927e-01
4.169555799957997411e-01
4.169546799542759308e-01
4.169537855030721607e-01
4.169528965902659090e-01
4.169520131645758632e-01
4.169511351753515394e-01
4.169502625725641787e-01
4.169493953067968661e-01
4.169485333292354268e-01
4.169476765916592664e-01
4.169468250464319903e-01
4.169459786464931872e-01
4.169451373453491039e-01
4.169443010970647623e-01
4.169434698562551889e-01
4.169426435780773099e-01
4.169418222182219580e-01
4.169410057329057118e-01
4.169401940788635685e-01
4.169393872133408951e-01
4.169385850940859894e-01
4.169377876793427529e-01
4.169369949278437515e-01
4.169362067988023890e-01
4.169354232519065784e-01
4.169346442473117476e-01
4.169338697456335674e-01
4.169330997079420120e-01
4.169323340957544755e-01
4.169315728710292213e-01
4.169308159961596649e-01
4.169300634339674350e-01
4.169293151476965997e-01
4.169285711010081164e-01
4.169278312579732804e-01
4.169270955830681746e-01
4.169263640411681737e-01
4.169256365975421152e-01
4.169249132178469708e-01
4.169241938681221837e-01
4.169234785147848399e-01
4.169227671246238942e-01
4.169220596647952304e-01
4.169213561028168868e-01
4.169206564065637277e-01
4.169199605442626133e-01
4.169192684844877927e-01
4.169185801961557969e-01
4.169178956485213305e-01
4.169172148111721654e-01
4.169165376540248658e-01
4.169158641473203475e-01
4.169151942616197148e-01
4.169145279677994864e-01
4.169138652370477649e-01
4.169132060408600182e-01
4.169125503510350272e-01
4.169118981396707224e-01
4.169112493791601315e-01
4.169106040421878268e-01
4.169099621017259283e-01
4.169093235310302181e-01
4.169086883036365876e-01
4.169080563933572625e-01
4.169074277742773615e-01
4.169068024207510659e-01
4.169061803073985661e-01
4.169055614091020656e-01
4.169049457010030046e-01
4.169043331584982859e-01
4.169037237572371657e-01
4.169031174731180345e-01
4.169025142822853081e-01
4.169019141611259860e-01
4.169013170862669870e-01
4.169007230345717074e-01
4.169001319831376895e-01
4.168995439092926247e-01
4.168989587905925776e-01
4.168983766048183215e-01
4.168977973299728967e-01
4.168972209442788901e-01
4.168966474261753818e-01
4.168960767543155033e-01
4.168955089075638831e-01
4.168949438649938166e-01
4.168943816058846563e-01
4.168938221097194807e-01
4.168932653561825408e-01
4.168927113251568173e-01
4.168921599967215230e-01
4.168916113511496047e-01
4.168910653689057444e-01
4.168905220306435844e-01
4.168899813172041169e-01
4.168894432096124092e-01
4.168889076890764933e-01
4.168883747369843684e-01
4.168878443349022245e-01
4.168873164645723883e-01
4.168867911079107147e-01
4.168862682470051428e-01
4.168857478641133651e-01
4.168852299416606622e-01
4.168847144622385703e-01
4.168842014086019399e-01
4.168836907636678246e-01
4.168831825105132616e-01
4.168826766323734390e-01
4.168821731126397534e-01
4.168816719348584776e-01
4.168811730827280959e-01
4.168806765400983050e-01
4.168801822909679600e-01
4.168796903194834647e-01
4.168792006099367731e-01
4.168787131467640572e-01
4.168782279145442082e-01
4.168777448979964495e-01
4.168772640819797815e-01
4.168767854514904281e-01
4.168763089916609488e-01
4.168758346877582399e-01
4.168753625251823691e-01
4.168748924894649655e-01
4.168744245662677206e-01
4.168739587413806680e-01
4.168734950007214057e-01
4.168730333303328761e-01
4.168725737163826439e-01
4.168721161451610646e-01
4.168716606030801186e-01
4.168712070766721345e-01
4.168707555525882347e-01
4.168703060175972253e-01
4.168698584585841527e-01
4.168694128625492490e-01
4.168689692166064331e-01
4.168685275079820896e-01
4.168680877240140692e-01
4.168676498521503015e-01
4.168672138799474070e-01
4.168667797950702525e-01
4.168663475852897315e-01
4.168659172384823197e-01
4.168654887426289646e-01
4.168650620858135314e-01
4.168646372562222480e-01
4.168642142421419283e-01
4.168637930319597507e-01
4.168633736141612589e-01
4.168629559773300297e-01
4.168625401101464512e-01
4.168621260013865015e-01
4.168617136399208056e-01
4.168613030147139131e-01
4.168608941148230773e-01
4.168604869293971449e-01
4.168600814476759453e-01
4.168596776589891251e-01
4.168592755527550375e-01
4.168588751184804098e-01
4.168584763457588993e-01
4.168580792242700950e-01
4.168576837437791283e-01
4.168572898941356186e-01
4.168568976652725633e-01
4.168565070472055600e-01
4.168561180300323077e-01
4.168557306039313293e-01
4.168553447591614169e-01
4.168549604860606328e-01
4.168545777750455872e-01
4.168541966166107171e-01
4.168538170013275090e-01
4.168534389198432777e-01
4.168530623628812215e-01
4.168526873212389239e-01
4.168523137857880201e-01
4.168519417474731981e-01
4.168515711973115323e-01
4.168512021263920397e-01
4.168508345258746806e-01
4.168504683869895810e-01
4.168501037010365340e-01
4.168497404593843880e-01
4.168493786534698264e-01
4.168490182747977002e-01
4.168486593149391961e-01
4.168483017655320033e-01
4.168479456182793141e-01
4.168475908649493245e-01
4.168472374973746231e-01
4.168468855074510815e-01
4.168465348871382981e-01
4.168461856284577660e-01
4.168458377234930401e-01
4.168454911643889593e-01
4.168451459433508699e-01
4.168448020526444031e-01
4.168444594845943652e-01
4.168441182315849591e-01
4.168437782860582863e-01
4.168434396405145126e-01
4.168431022875109804e-01
4.168427662196617089e-01
4.168424314296370614e-01
4.168420979101626900e-01
4.168417656540197580e-01
4.168414346540436632e-01
4.168411049031240934e-01
4.168407763942041377e-01
4.168404491202801765e-01
4.168401230744009922e-01
4.168397982496674370e-01
4.168394746392318773e-01
4.168391522362980828e-01
4.168388310341199499e-01
4.168385110260020010e-01
4.168381922052982191e-01
4.168378745654118811e-01
4.168375580997949470e-01
4.168372428019478937e-01
4.168369286654187711e-01
4.168366156838034797e-01
4.168363038507444385e-01
4.168359931599311397e-01
4.168356836050989278e-01
4.168353751800286666e-01
4.168350678785471830e-01
4.168347616945256018e-01
4.168344566218797342e-01
4.168341526545695785e-01
4.168338497865986536e-01
4.168335480120139991e-01
4.168332473249052317e-01
4.168329477194048227e-01
4.168326491896870989e-01
4.168323517299684644e-01
4.168320553345064017e-01
4.168317599975995269e-01
4.168314657135872014e-01
4.168311724768488657e-01
4.168308802818041503e-01
4.168305891229120430e-01
4.168302989946709447e-01
4.168300098916178920e-01
4.168297218083287237e-01
4.168294347394173593e-01
4.168291486795355771e-01
4.168288636233725697e-01
4.168285795656551107e-01
4.168282965011463892e-01
4.168280144246464536e-01
4.168277333309913790e-01
4.168274532150534339e-01
4.168271740717403029e-01
4.168268958959949200e-01
4.168266186827953579e-01
4.168263424271543283e-01
4.168260671241190707e-01
4.168257927687706310e-01
4.168255193562240279e-01
4.168252468816279199e-01
4.168249753401639390e-01
4.168247047270468020e-01
4.168244350375239771e-01
4.168241662668751291e-01
4.168238984104122302e-01
4.168236314634788942e-01
4.168233654214503758e-01
4.168231002797332385e-01
4.168228360337653537e-01
4.168225726790146801e-01
4.168223102109804845e-01
4.168220486251916768e-01
4.168217879172075868e-01
4.168215280826170765e-01
4.168212691170385398e-01
4.168210110161196802e-01
4.168207537755373449e-01
4.168204973909967470e-01
4.168202418582320767e-01
4.168199871730056127e-01
4.168197333311076669e-01
4.168194803283565841e-01
4.168192281605980209e-01
4.168189768237051673e-01
4.168187263135785248e-01
4.168184766261451291e-01
4.168182277573591055e-01
4.168179797032008915e-01
4.168177324596770150e-01
4.168174860228206491e-01
4.168172403886900579e-01
4.168169955533697069e-01
4.168167515129692635e-01
4.168165082636234864e-01
4.168162658014925581e-01
4.168160241227609752e-01
4.168157832236382143e-01
4.168155431003580658e-01
4.168153037491785229e-01
4.168150651663815598e-01
4.168148273482730204e-01
4.168145902911825074e-01
4.168143539914628271e-01
4.168141184454902670e-01
4.168138836496640964e-01
4.168136496004065661e-01
4.168134162941624643e-01
4.168131837273993945e-01
4.168129518966071090e-01
4.168127207982975646e-01
4.168124904290048116e-01
4.168122607852845496e-01
4.168120318637144051e-01
4.168118036608933208e-01
4.168115761734415559e-01
4.168113493980005746e-01
4.168111233312328245e-01
4.168108979698216254e-01
4.168106733104709472e-01
4.168104493499051877e-01
4.168102260848691176e-01
4.168100035121277136e-01
4.168097816284659918e-01
4.168095604306888413e-01
4.168093399156209689e-01
4.168091200801063989e-01
4.168089009210087514e-01
4.168086824352110753e-01
4.168084646196150711e-01
4.168082474711419794e-01
4.168080309867314148e-01
4.168078151633420880e-01
4.168075999979506951e-01
4.168073854875531392e-01
4.168071716291626427e-01
4.168069584198113020e-01
4.168067458565490879e-01
4.168065339364432909e-01
4.168063226565795754e-01
4.168061120140609255e-01
4.168059020060075337e-01
4.168056926295574116e-01
4.168054838818654462e-01
4.168052757601035108e-01
4.168050682614606317e-01
4.168048613831425442e-01
4.168046551223716922e-01
4.168044494763870622e-01
4.168042444424440163e-01
4.168040400178143479e-01
4.168038361997858932e-01
4.168036329856627531e-01
4.168034303727647938e-01
4.168032283584279796e-01
4.168030269400034848e-01
4.168028261148586378e-01
4.168026258803759765e-01
4.168024262339535824e-01
4.168022271730044137e-01
4.168020286949570830e-01
4.168018307972549130e-01
4.168016334773562148e-01
4.168014367327341763e-01
4.168012405608768622e-01
4.168010449592863820e-01
4.168008499254799437e-01
4.168006554569888555e-01
4.168004615513589695e-01
4.168002682061497932e-01
4.168000754189356005e-01
4.167998831873040988e-01
4.167996915088570953e-01
4.167995003812102750e-01
4.167993098019928122e-01
4.167991197688477034e-01
4.167989302794311568e-01
4.167987413314129252e-01
4.167985529224760288e-01
4.167983650503167548e-01
4.167981777126443799e-01
4.167979909071813927e-01
4.167978046316629381e-01
4.167976188838371510e-01
4.167974336614649333e-01
4.167972489623197330e-01
4.167970647841875986e-01
4.167968811248671246e-01
4.167966979821693396e-01
4.167965153539171519e-01
4.167963332379462926e-01
4.167961516321041504e-01
4.167959705342503818e-01
4.167957899422565227e-01
4.167956098540060994e-01
4.167954302673941291e-01
4.167952511803277860e-01
4.167950725907254572e-01
4.167948944965174096e-01
4.167947168956449566e-01
4.167945397860612911e-01
4.167943631657307080e-01
4.167941870326284937e-01
4.167940113847414807e-01
4.167938362200673819e-01
4.167936615366149011e-01
4.167934873324037337e-01
4.167933136054643994e-01
4.167931403538380764e-01
4.167929675755769336e-01
4.167927952687434656e-01
4.167926234314109912e-01
4.167924520616630435e-01
4.167922811575937581e-01
4.167921107173075956e-01
4.167919407389191200e-01
4.167917712205534420e-01
4.167916021603454979e-01
4.167914335564404382e-01
4.167912654069932943e-01
4.167910977101691450e-01
4.167909304641429502e-01
4.167907636670993288e-01
4.167905973172327805e-01
4.167904314127474086e-01
4.167902659518569752e-01
4.167901009327846240e-01
4.167899363537631574e-01
4.167897722130345928e-01
4.167896085088506064e-01
4.167894452394718674e-01
4.167892824031684817e-01
4.167891199982194372e-01
4.167889580229131585e-01
4.167887964755468411e-01
4.167886353544270062e-01
4.167884746578686683e-01
4.167883143841960569e-01
4.167881545317420056e-01
4.167879950988482296e-01
4.167878360838649376e-01
4.167876774851513311e-01
4.167875193010749379e-01
4.167873615300117240e-01
4.167872041703463704e-01
4.167870472204717736e-01
4.167868906787893790e-01
4.167867345437086257e-01
4.167865788136476124e-01
4.167864234870323203e-01
4.167862685622970575e-01
4.167861140378841256e-01
4.167859599122438752e-01
4.167858061838346506e-01
4.167856528511226788e-01
4.167854999125822912e-01
4.167853473666953690e-01
4.167851952119516756e-01
4.167850434468488574e-01
4.167848920698921655e-01
4.167847410795942897e-01
4.167845904744757468e-01
4.167844402530644921e-01
4.167842904138960858e-01
4.167841409555133048e-01
4.167839918764665308e-01
4.167838431753134731e-01
4.167836948506189465e-01
4.167835469009553151e-01
4.167833993249019375e-01
4.167832521210453889e-01
4.167831052879794052e-01
4.167829588243048278e-01
4.167828127286293816e-01
4.167826669995679523e-01
4.167825216357422535e-01
4.167823766357809379e-01
4.167822319983195412e-01
4.167820877220004272e-01
4.167819438054725101e-01
4.167818002473918648e-01
4.167816570464207837e-01
4.167815142012285534e-01
4.167813717104908999e-01
4.167812295728900995e-01
4.167810877871150899e-01
4.167809463518611368e-01
4.167808052658300566e-01
4.167806645277299382e-01
4.167805241362754209e-01
4.167803840901873613e-01
4.167802443881928331e-01
4.167801050290252940e-01
4.167799660114244187e-01
4.167798273341358772e-01
4.167796889959115569e-01
4.167795509955095623e-01
4.167794133316938820e-01
4.167792760032346666e-01
4.167791390089079506e-01
4.167790023474957639e-01
4.167788660177860205e-01
4.167787300185725186e-01
4.167785943486549405e-01
4.167784590068387418e-01
4.167783239919351512e-01
4.167781893027611151e-01
4.167780549381393529e-01
4.167779208968981353e-01
4.167777871778713950e-01
4.167776537798987269e-01
4.167775207018252770e-01
4.167773879425017425e-01
4.167772555007842605e-01
4.167771233755344085e-01
4.167769915656193147e-01
4.167768600699113812e-01
4.167767288872884501e-01
4.167765980166338036e-01
4.167764674568357197e-01
4.167763372067880279e-01
4.167762072653897754e-01
4.167760776315451166e-01
4.167759483041635349e-01
4.167758192821593433e-01
4.167756905644524057e-01
4.167755621499673602e-01
4.167754340376341182e-01
4.167753062263873653e-01
4.167751787151670051e-01
4.167750515029179370e-01
4.167749245885897791e-01
4.167747979711372563e-01
4.167746716495198123e-01
4.167745456227019973e-01
4.167744198896530250e-01
4.167742944493468826e-01
4.167741693007623871e-01
4.167740444428830737e-01
4.167739198746972518e-01
4.167737955951977269e-01
4.167736716033823008e-01
4.167735478982531605e-01
4.167734244788171560e-01
4.167733013440856893e-01
4.167731784930749361e-01
4.167730559248050692e-01
4.167729336383015348e-01
4.167728116325934984e-01
4.167726899067152324e-01
4.167725684597048397e-01
4.167724472906052524e-01
4.167723263984635662e-01
4.167722057823314286e-01
4.167720854412645393e-01
4.167719653743230390e-01
4.167718455805714539e-01
4.167717260590784178e-01
4.167716068089167281e-01
4.167714878291636227e-01
4.167713691189003367e-01
4.167712506772122683e-01
4.167711325031890901e-01
4.167710145959243606e-01
4.167708969545159681e-01
4.167707795780656310e-01
4.167706624656793979e-01
4.167705456164669808e-01
4.167704290295424219e-01
4.167703127040235378e-01
4.167701966390320867e-01
4.167700808336938234e-01
4.167699652871384997e-01
4.167698499984995308e-01
4.167697349669144957e-01
4.167696201915244703e-01
4.167695056714745272e-01
4.167693914059136251e-01
4.167692773939943862e-01
4.167691636348732076e-01
4.167690501277101500e-01
4.167689368716692155e-01
4.167688238659178479e-01
4.167687111096273211e-01
4.167685986019724620e-01
4.167684863421318164e-01
4.167683743292874832e-01
4.167682625626252246e-01
4.167681510413344115e-01
4.167680397646077450e-01
4.167679287316418124e-01
4.167678179416363649e-01
4.167677073937948728e-01
4.167675970873241376e-01
4.167674870214347349e-01
4.167673771953401829e-01
4.167672676082578853e-01
4.167671582594082436e-01
4.167670491480155448e-01
4.167669402733068518e-01
4.167668316345131130e-01
4.167667232308682745e-01
4.167666150616097243e-01
4.167665071259779586e-01
4.167663994232171376e-01
4.167662919525743082e-01
4.167661847132999031e-01
4.167660777046476306e-01
4.167659709258743073e-01
4.167658643762399695e-01
4.167657580550078178e-01
4.167656519614443278e-01
4.167655460948188062e-01
4.167654404544042235e-01
4.167653350394759371e-01
4.167652298493130791e-01
4.167651248831972799e-01
4.167650201404137222e-01
4.167649156202504201e-01
4.167648113219981632e-01
4.167647072449511825e-01
4.167646033884063739e-01
4.167644997516637417e-01
4.167643963340263991e-01
4.167642931348000124e-01
4.167641901532934678e-01
4.167640873888187603e-01
4.167639848406901049e-01
4.167638825082253251e-01
4.167637803907446870e-01
4.167636784875714540e-01
4.167635767980317762e-01
4.167634753214544130e-01
4.167633740571711765e-01
4.167632730045165435e-01
4.167631721628277108e-01
4.167630715314448731e-01
4.167629711097107226e-01
4.167628708969708384e-01
4.167627708925734087e-01
4.167626710958695080e-01
4.167625715062126535e-01
4.167624721229591378e-01
4.167623729454682513e-01
4.167622739731012826e-01
4.167621752052227402e-01
4.167620766411994637e-01
4.167619782804009576e-01
4.167618801221993907e-01
4.167617821659694299e-01
4.167616844110882957e-01
4.167615868569359283e-01
4.167614895028946553e-01
4.167613923483493021e-01
4.167612953926874142e-01
4.167611986352988129e-01
4.167611020755760398e-01
4.167610057129138568e-01
4.167609095467097458e-01
4.167608135763635202e-01
4.167607178012773250e-01
4.167606222208559696e-01
4.167605268345064840e-01
4.167604316416385624e-01
4.167603366416638977e-01
4.167602418339968473e-01
4.167601472180542110e-01
4.167600527932548982e-01
4.167599585590201494e-01
4.167598645147737590e-01
4.167597706599418528e-01
4.167596769939526657e-01
4.167595835162368756e-01
4.167594902262272694e-01
4.167593971233590766e-01
4.167593042070697473e-01
4.167592114767990630e-01
4.167591189319889144e-01
