# game: kuhn_poker 
# eval_every: 1 
# num_iterations: 1000 
# num_players: 2 
# bootstrap: False 
# truncate_negative: False 
# buffer_size: -1 
# num_hidden_layers: 2 
# num_hidden_units: 100 
# num_hidden_factors: 0 
# use_skip_connections: True 
# num_epochs: 200 
# batch_size: 1000 
# step_size: 0.01 
# 
5.135857098791244413e-01
3.908936312244032374e-01
2.580156562913180629e-01
1.830950761210700106e-01
1.454600521626293608e-01
1.212167103086507769e-01
9.923006391499317180e-02
9.729463059401571856e-02
9.595665649910806172e-02
8.751462419863928477e-02
8.569552140716496513e-02
8.637757793197450851e-02
8.465452272914505971e-02
7.769764145222599061e-02
7.058103184431535615e-02
6.361924391353482311e-02
5.969888741016354805e-02
5.519449248874830349e-02
4.976239208349936272e-02
4.632397881291241970e-02
4.851886864742790961e-02
5.008681059724551243e-02
4.978311871934471000e-02
4.616487868556962137e-02
4.181975837161694409e-02
4.158093738886006752e-02
3.947686209153258852e-02
3.810983853770674723e-02
3.808140556149411382e-02
3.689915846884941897e-02
3.508125195821479303e-02
3.309897765703798123e-02
3.101071893120038725e-02
2.924325120358384211e-02
2.937737415971722332e-02
2.930765216805578111e-02
2.898715214725552936e-02
2.808472021316141265e-02
2.701872027345320060e-02
2.673212435537225540e-02
2.668950234487543760e-02
2.613787705470060896e-02
2.492986243720596296e-02
2.313543399207179663e-02
2.191014618944264747e-02
2.139187076396356635e-02
2.078039840044382247e-02
2.012862260331954589e-02
2.165174457762278348e-02
2.273130385169136458e-02
2.258798235903289320e-02
2.209423297871368486e-02
2.149718718402690576e-02
2.057924621444073843e-02
1.935618315625695085e-02
1.789035244100836697e-02
1.629345542787313805e-02
1.518277797467573742e-02
1.566586562720725939e-02
1.592008416649531855e-02
1.585700921531801866e-02
1.615450465376910838e-02
1.683526367013096769e-02
1.721705075718257816e-02
1.722664727643635763e-02
1.731496442287311366e-02
1.804278334446621224e-02
1.854926451019475730e-02
1.877982730656022059e-02
1.862015094039753960e-02
1.803632438329524912e-02
1.719782568582492455e-02
1.613957039964433737e-02
1.522043655474628054e-02
1.497170299210598410e-02
1.460411943942191426e-02
1.415985978330017159e-02
1.363739110291189993e-02
1.376802874660607023e-02
1.382922406245240543e-02
1.354305822300450046e-02
1.314457054275844361e-02
1.360587514294944733e-02
1.347938043930144159e-02
1.309924145506038973e-02
1.252616987591675946e-02
1.184611078787070615e-02
1.165888770690148846e-02
1.227975913759249416e-02
1.265531272005476771e-02
1.277110106194997985e-02
1.263631800539100070e-02
1.249567159420492124e-02
1.315720988422564020e-02
1.367210194224502406e-02
1.395000936642473710e-02
1.400607587563384993e-02
1.373631969695413013e-02
1.334983678697077014e-02
1.291842599765252730e-02
1.244483536640639265e-02
1.189473878563512832e-02
1.159783114559412298e-02
1.159100756500677787e-02
1.149459984967793336e-02
1.132236293706803676e-02
1.109189453405401427e-02
1.080074034295133711e-02
1.044894780937100087e-02
9.959551752689033144e-03
9.407444409637921723e-03
9.009111019478627247e-03
9.193568713986355334e-03
9.527687058255768227e-03
9.589434130648444299e-03
9.665377622968512883e-03
9.689451800524329084e-03
9.574538905703727787e-03
9.327077212131634765e-03
9.447340549054716874e-03
9.844079104141839620e-03
1.007252102466849042e-02
1.013078296680941515e-02
1.000167614422164952e-02
9.702140428304389941e-03
1.013526831360592184e-02
1.050597496152974597e-02
1.072601708151527111e-02
1.080495943670953252e-02
1.068708625602812767e-02
1.038196523242163050e-02
1.001760097385551163e-02
9.630926129203243313e-03
9.227889540659811596e-03
8.817012187064404705e-03
8.477938165968784689e-03
8.641865049929253750e-03
8.783217796007852796e-03
8.893123227234595030e-03
8.964314763115488471e-03
8.979722600589518100e-03
8.942163123025731464e-03
8.825209735699141023e-03
8.584790578327727850e-03
8.244265210406248601e-03
7.845969980165401481e-03
7.419225174744165097e-03
7.550439755840576694e-03
7.726560556538780711e-03
7.797990125650605675e-03
7.772102564407717962e-03
7.643956900014792222e-03
7.445606708989194189e-03
7.184004649692404820e-03
6.879413728247407711e-03
6.928988507510058792e-03
7.150214202010618525e-03
7.318420493082927747e-03
7.401490656506692911e-03
7.385774248088922134e-03
7.293042261149323968e-03
7.294038944514802392e-03
7.651416018935180974e-03
7.960794293393413934e-03
8.223632155510557373e-03
8.416410089479325896e-03
8.516071056412194418e-03
8.509542527704250237e-03
8.396598178860986694e-03
8.192330585190338299e-03
7.968061755081273789e-03
7.724506737802644407e-03
7.457050622761973724e-03
7.120590866381504291e-03
7.101100479914163044e-03
7.143462596263971953e-03
7.148828944165352972e-03
7.125397730117000172e-03
7.070312489415309098e-03
6.991891160832430785e-03
6.886171502399729416e-03
6.724731747332624021e-03
6.508985091720070892e-03
6.266144603297774118e-03
6.005900790569923542e-03
5.737196314709147593e-03
5.478510323309954133e-03
5.747642663233493154e-03
5.958907618920622484e-03
6.121806835704318717e-03
6.224882991230834550e-03
6.272199759454977208e-03
6.255107776395874009e-03
6.169379583856549054e-03
6.011797607685137601e-03
5.922936455964256108e-03
6.093189524644798682e-03
6.179472636737098901e-03
6.195035297793943796e-03
6.127965347389158213e-03
5.993678213148001532e-03
5.786737588512530506e-03
5.861288215200433083e-03
6.066396552357161687e-03
6.268559132509787801e-03
6.447259492461637764e-03
6.595186486930443293e-03
6.687479710973359692e-03
6.718187733544656037e-03
6.677895247050091854e-03
6.568021052651112912e-03
6.401058418608857048e-03
6.217870829008514955e-03
6.021261263690486087e-03
5.810599139977973282e-03
5.649990988412983972e-03
5.798914602880872460e-03
5.933362165028266411e-03
6.024915115309642522e-03
6.059394070833779011e-03
6.045360954824496869e-03
5.991433616454322486e-03
5.874071305697142753e-03
5.715199113184105117e-03
5.519397033769524175e-03
5.303456092797004251e-03
5.069526616252068019e-03
4.827683466060994633e-03
4.587994409114337646e-03
4.353311225161499154e-03
4.365303792701863417e-03
4.527251243999330654e-03
4.614423117495852766e-03
4.627137348463039590e-03
4.593833902044708317e-03
4.628065700995942500e-03
4.626203498594355645e-03
4.592399552393433559e-03
4.525207063869135515e-03
4.604937254101854061e-03
4.795994418803267711e-03
4.945574119802176316e-03
5.050158889441075383e-03
5.105911639576854455e-03
5.115395112794546284e-03
5.055996200456713829e-03
5.055982287772653461e-03
5.229265536404070769e-03
5.368610019896635777e-03
5.479148717092985343e-03
5.558087561725405523e-03
5.599154803027861504e-03
5.603735902017903392e-03
5.572042284088057906e-03
5.509423260585816218e-03
5.396585623495986361e-03
5.237147404951375540e-03
5.085196362790367353e-03
4.928019767660302142e-03
4.760394075196877628e-03
4.582911435988878956e-03
4.703279312163938242e-03
4.820078845319097915e-03
4.926885287989096751e-03
5.020981458192630420e-03
5.082563827875724582e-03
5.104967156465606282e-03
5.077801473789139708e-03
5.007098352618283288e-03
4.891551608986383082e-03
4.748413938522155764e-03
4.584889352495236103e-03
4.405509414421165948e-03
4.216200052913759988e-03
4.019864348210139271e-03
3.822921099951553936e-03
3.672907899439276092e-03
3.712187555913043502e-03
3.734909101838074230e-03
3.747732530972991416e-03
3.800068289800589971e-03
3.799727441753303347e-03
3.746539316363789451e-03
3.664750448575587738e-03
3.638187916940927025e-03
3.584876703607658976e-03
3.685342574317240771e-03
3.840132148801689294e-03
3.965753440101887906e-03
4.065891436830532113e-03
4.139740436849087546e-03
4.173179284953615342e-03
4.175951134350125438e-03
4.159152549915834385e-03
4.350103748923583868e-03
4.526487984460841885e-03
4.680907048303567519e-03
4.803115305357930076e-03
4.891695021048719783e-03
4.944776166622338875e-03
4.959225531737498915e-03
4.931065753571356458e-03
4.869245202839850295e-03
4.766608127527022232e-03
4.628905335054139814e-03
4.460044065504875643e-03
4.285757016151720000e-03
4.109138915989712926e-03
3.933404337115808946e-03
3.863392489424855025e-03
3.955874824508903709e-03
4.045603759263771693e-03
4.126807968740958676e-03
4.202299076493387631e-03
4.261984282596692486e-03
4.296600241829789946e-03
4.298117922264838020e-03
4.267389550940331455e-03
4.205345412039818154e-03
4.116594032012199644e-03
4.006466855149770634e-03
3.877376355223671744e-03
3.737508124069921500e-03
3.587567414470776983e-03
3.430859682149345335e-03
3.271403284338059159e-03
3.277715348403043016e-03
3.295079011519375101e-03
3.293588012322101743e-03
3.277905158597438362e-03
3.249627224183176954e-03
3.207418996981542536e-03
3.158248253315343312e-03
3.100638650918891015e-03
3.034543230715086581e-03
2.972126872072572423e-03
3.098171573635732923e-03
3.222208543199905906e-03
3.324151932440400081e-03
3.404297926404370456e-03
3.459593812480066255e-03
3.490844604144061059e-03
3.499304726521629272e-03
3.509435184435888422e-03
3.669382369625412421e-03
3.820626692607659303e-03
3.962483242364533975e-03
4.090786919204586480e-03
4.197374573460310732e-03
4.273853747968014982e-03
4.316234566319993027e-03
4.330004488988653533e-03
4.309417293073547484e-03
4.265413036294574134e-03
4.183412728312074780e-03
4.070756875832415300e-03
3.929262068999739288e-03
3.781437075525029279e-03
3.626795950363553844e-03
3.466767130423376031e-03
3.352266019882560455e-03
3.420553794447223073e-03
3.489650097770691239e-03
3.553951790830095492e-03
3.612298859605816981e-03
3.662182041547556999e-03
3.697840986755157600e-03
3.711334505188346178e-03
3.697276972416813079e-03
3.662134102694419857e-03
3.607138598153064590e-03
3.535309394190055965e-03
3.448677089836843512e-03
3.348836827863910237e-03
3.238462269905983959e-03
3.120687008405842455e-03
2.998330821863737228e-03
2.871964929763132224e-03
2.854905232826943084e-03
2.874731106425276739e-03
2.879028713297898667e-03
2.869667651090201943e-03
2.846935806759876009e-03
2.814100804701513692e-03
2.774284790121983590e-03
2.725340520618263485e-03
2.669234057464442422e-03
2.607995634190424239e-03
2.622884807760739179e-03
2.723946809641192290e-03
2.818135199140953118e-03
2.896275312220086828e-03
2.958440276897150722e-03
3.000843144557924225e-03
3.024742032550958859e-03
3.028053434712157932e-03
3.098039569798594073e-03
3.234343814114887250e-03
3.362184125882600183e-03
3.476304215426162525e-03
3.577251223169070071e-03
3.655639103342489538e-03
3.711986983703507992e-03
3.748910685136969123e-03
3.760987583448144322e-03
3.755476322726242211e-03
3.727185189436488244e-03
3.678570384692325668e-03
3.607256365429328815e-03
3.514074287863128143e-03
3.397763636828504685e-03
3.273596007906720562e-03
3.148173567832063258e-03
3.018487494762855938e-03
2.988292616420362702e-03
3.059093395305634289e-03
3.123088140353058595e-03
3.180741768443018369e-03
3.233868930341055048e-03
3.276406513543328458e-03
3.297062696187624820e-03
3.294376086487610378e-03
3.275188760261976695e-03
3.238838420029921394e-03
3.185157443430175483e-03
3.116816944755740337e-03
3.036755997168738563e-03
2.948001540602901427e-03
2.851370867976016354e-03
2.750283580104595504e-03
2.645258954778184624e-03
2.538918636092041270e-03
2.433067294117657875e-03
2.425774970323230084e-03
2.443884617261388170e-03
2.451834445669653917e-03
2.449964840558566115e-03
2.441152363009874149e-03
2.426174636288913611e-03
2.404288453497493983e-03
2.378709036188142445e-03
2.347412661716008486e-03
2.310201074530310317e-03
2.340864571142353689e-03
2.440447510377641294e-03
2.525934432099530280e-03
2.598543077123455225e-03
2.654847501747409355e-03
2.694206173515706348e-03
2.717288466900114052e-03
2.721275133469813756e-03
2.752704395144717209e-03
2.855586264532972152e-03
2.945483384721753195e-03
3.024078093634752218e-03
3.089703473024923985e-03
3.144376159070233490e-03
3.188330020236468387e-03
3.220201001423533826e-03
3.238351314304804829e-03
3.246097527920654979e-03
3.238047200189414498e-03
3.219003142025278486e-03
3.188203060149830126e-03
3.141280467746809801e-03
3.081916765443837303e-03
3.007785446088151460e-03
2.924770729078596254e-03
2.834528961482424281e-03
2.742222037297875614e-03
2.737950829800439578e-03
2.810975068160637136e-03
2.871939049385263676e-03
2.921130862070936418e-03
2.954603606472872013e-03
2.970329988772391072e-03
2.970432592457550314e-03
2.953817740937836334e-03
2.922027107232244569e-03
2.875676662619786050e-03
2.819966931990491865e-03
2.753292090691278338e-03
2.679559187486135752e-03
2.598397057949369815e-03
2.515593533545773530e-03
2.429279667767930695e-03
2.342743900798555101e-03
2.257052735074344119e-03
2.173036678678408329e-03
2.092761003638310413e-03
2.043428280530557029e-03
2.075843829659279605e-03
2.105017182146756705e-03
2.128288014566576125e-03
2.148202216016525945e-03
2.164624913488205626e-03
2.170949726740367680e-03
2.177597047663126784e-03
2.171173071744386673e-03
2.157915978598490270e-03
2.156038109350527643e-03
2.245198004562048988e-03
2.322403118691446222e-03
2.379130155678033098e-03
2.413410838533081026e-03
2.430555788231980596e-03
2.425690337861080570e-03
2.401343641437292398e-03
2.377303473454578375e-03
2.447921394800545158e-03
2.512296440184136337e-03
2.571401325431127427e-03
2.625612836290286412e-03
2.673751347527980604e-03
2.717713811143218638e-03
2.755880059678500471e-03
2.788772407948003629e-03
2.819497031532114395e-03
2.843437453029784567e-03
2.860772094564451029e-03
2.868542727259559832e-03
2.860016506367607514e-03
2.841382589450186513e-03
2.809443957826923688e-03
2.762615000604345949e-03
2.704770957900254347e-03
2.635591632068223777e-03
2.560621285345676679e-03
2.477192192436999951e-03
2.538508407627398933e-03
2.590298179564354264e-03
2.628583511540383277e-03
2.649944469822917981e-03
2.658249784617344735e-03
2.653440327919504016e-03
2.635696211796878519e-03
2.607428251567428523e-03
2.568859963168301785e-03
2.521630069506480831e-03
2.469225520719736666e-03
2.410379998240008703e-03
2.346917755810723483e-03
2.281054869942678032e-03
2.213133742851702834e-03
2.144672324662616480e-03
2.077274994496475236e-03
2.011915155293003687e-03
1.948788546734442351e-03
1.889045496949126601e-03
1.833356344739633936e-03
1.804313487568931507e-03
1.848553480756465195e-03
1.888754822788135668e-03
1.925743276351199462e-03
1.958476040091694514e-03
1.983318711853476746e-03
1.998870191729923418e-03
2.001241187636670915e-03
1.995546391941604991e-03
1.976961819200317994e-03
1.984525739804260391e-03
2.043422973352554406e-03
2.085004735831480494e-03
2.109902617702885674e-03
2.118346896396061663e-03
2.111939480227253974e-03
2.090770026215688082e-03
2.057703749712674890e-03
2.077854348932262063e-03
2.132905736702911392e-03
2.185373787850553029e-03
2.235583768073423627e-03
2.283942616164963413e-03
2.331211086736811877e-03
2.448645532469650998e-03
2.493222521457227892e-03
2.536240357428831693e-03
2.575949050885761871e-03
2.610757080850512057e-03
2.632834520769122832e-03
2.645580219713172809e-03
2.649230083810849568e-03
2.641053313256536139e-03
2.622642441375000466e-03
2.591477631917971092e-03
2.551258813360185451e-03
2.501184455353827607e-03
2.444632110415873028e-03
2.380636484498238614e-03
2.310186319183255010e-03
2.346927051814773346e-03
2.391314725229992666e-03
2.422714751208671080e-03
2.439494988510343410e-03
2.443797396504604480e-03
2.436406218684794567e-03
2.418896855073210395e-03
2.391647159951909574e-03
2.356417714845099320e-03
2.314400800069754682e-03
2.266515789786038848e-03
2.212919607317093140e-03
2.156416464866112159e-03
2.097640110135218228e-03
2.037239099835413958e-03
1.976069019118176229e-03
1.915538310838571512e-03
1.856582880030349658e-03
1.799390717202392631e-03
1.746341035334608716e-03
1.697065152628768336e-03
1.653032343076704658e-03
1.630978644431790858e-03
1.680098123305523439e-03
1.728184110181496536e-03
1.769534349140650109e-03
1.803120921159057088e-03
1.828716653375528356e-03
1.845469826878054498e-03
1.853303536720474209e-03
1.851302041934260734e-03
1.836668094700649734e-03
1.850763628038792907e-03
1.903783191966712529e-03
1.941716690148698188e-03
1.964799669312400354e-03
1.974673912425201072e-03
1.970284287966611592e-03
1.952452598301873676e-03
1.924361737621227419e-03
1.914026388596445916e-03
1.960435791917375381e-03
2.004770612399897622e-03
2.047233162624589875e-03
2.089311818312733493e-03
2.128584304876585120e-03
2.165534729453993945e-03
2.201794785569755053e-03
2.236574932866219889e-03
2.270264482698597375e-03
2.303186910850657521e-03
2.332725351828074389e-03
2.352638742300905417e-03
2.364025806732256152e-03
2.365983033575408401e-03
2.360464460206324055e-03
2.346469131768919025e-03
2.322995253037779539e-03
2.292670789393602693e-03
2.254534612762454371e-03
2.210811968178183484e-03
2.161678339838934981e-03
2.108428887380803252e-03
2.094739800790779150e-03
2.145535171821061349e-03
2.185152746588731043e-03
2.211111410289484658e-03
2.224460859821170144e-03
2.226341851845808906e-03
2.216552714079667030e-03
2.198686730359777908e-03
2.172663697322801957e-03
2.139096634476894687e-03
2.100278025767010615e-03
2.057035577286148165e-03
2.008917043765018340e-03
1.959121620209863801e-03
1.906704325760483210e-03
1.851908019488951451e-03
1.798071630942005283e-03
1.744165873019593027e-03
1.690470160862073135e-03
1.644018223214305241e-03
1.618370311555705765e-03
1.583845742259226697e-03
1.538166044863870097e-03
1.481385119632416814e-03
1.434332386861164599e-03
1.426711249955470162e-03
1.469956670141908672e-03
1.507317451304973632e-03
1.538463421634300721e-03
1.562235465472905371e-03
1.579769417923176933e-03
1.590039065221315884e-03
1.592692953537228062e-03
1.590135200645853564e-03
1.620404151705140405e-03
1.683792718237292485e-03
1.734588393993791167e-03
1.769910264671714639e-03
1.790400615811649221e-03
1.795630716302926144e-03
1.788156223894832308e-03
1.768475149639042732e-03
1.789612546434060647e-03
1.827493106477784401e-03
1.863622849473001164e-03
1.895481060254944339e-03
1.924172721593647717e-03
1.952213397049124000e-03
1.976138220208201179e-03
1.998651167831294595e-03
2.018547881410120981e-03
2.035296527360341834e-03
2.050366009045706539e-03
2.063307391698077087e-03
2.077335731327845103e-03
2.088929144308360186e-03
2.095807379776770674e-03
2.095666801874285223e-03
2.090011941112829286e-03
2.075591910750546054e-03
2.055570515821669719e-03
2.027723766316269494e-03
1.993678589859826378e-03
1.957469092880720352e-03
1.914753617661191232e-03
1.871125562186992664e-03
1.879611762582333867e-03
1.922451359403054560e-03
1.962253356280252437e-03
1.997974813288366791e-03
2.024217797746252767e-03
2.038565489803439990e-03
2.041111792044303375e-03
2.032700343245402719e-03
2.015506557891261208e-03
1.990427121262988708e-03
1.958701926501327240e-03
1.922351551381790147e-03
1.880360290847343796e-03
1.834491584120384600e-03
1.786085464017428404e-03
1.735300111457754868e-03
1.683496023825059584e-03
1.630627049118843486e-03
1.578665228732234471e-03
1.528096051628374807e-03
1.478094394261275646e-03
1.464079714698363066e-03
1.452454567175992528e-03
1.433335273111346897e-03
1.405482558790055458e-03
1.366887272280320476e-03
1.318001261354062592e-03
1.257964423498875162e-03
1.235370183916228992e-03
1.262739040617022468e-03
1.285613518049733006e-03
1.304167915860299232e-03
1.317513644080281487e-03
1.327238417281634275e-03
1.330328213080489430e-03
1.353948583462022404e-03
1.414362558299880890e-03
1.470357222584872670e-03
1.519973001246899269e-03
1.562860565141876990e-03
1.599467838362345073e-03
1.628731437094604884e-03
1.643702506212013636e-03
1.686475717150498488e-03
1.732902754187942707e-03
1.773154473182603219e-03
1.807970704104377990e-03
1.838171382808978516e-03
1.863178796108394542e-03
1.883631715830058617e-03
1.899093743026269987e-03
1.912851672425552874e-03
1.920571276018356865e-03
1.924331752904628878e-03
1.923295224287607796e-03
1.918712326924726375e-03
1.911208289200300170e-03
1.900347842241800755e-03
1.886816668792701268e-03
1.870837237774036765e-03
1.852893133010624638e-03
1.832561031093693504e-03
1.812652021357497034e-03
1.786815305705569124e-03
1.756088676037825813e-03
1.720407159908121653e-03
1.682030982010723763e-03
1.640991475308245517e-03
1.671668248304475357e-03
1.710821733400674782e-03
1.746575620540008478e-03
1.779031975311817781e-03
1.807797433983709956e-03
1.832886573988751211e-03
1.854562299909240375e-03
1.869232845709833946e-03
1.872190992331573822e-03
1.865718165160040742e-03
1.850097023122027062e-03
1.826627348832265962e-03
1.796523408835987157e-03
1.761528874940243572e-03
1.721890343035076265e-03
1.678445792214350307e-03
1.632094381268378580e-03
1.583787322351870586e-03
1.533518496971836287e-03
1.482863014701768511e-03
1.431824730171366022e-03
1.381164062496248457e-03
1.331776387869021416e-03
1.283173932431658226e-03
1.237056895208116236e-03
1.223559563348325385e-03
1.222225066190157916e-03
1.214577110362519141e-03
1.200185620317095747e-03
1.177730236296664623e-03
1.147101616533641177e-03
1.129539291628484099e-03
1.096993809456631164e-03
1.050849445513729608e-03
1.052739039046263203e-03
1.055544711598077612e-03
1.104195694532766892e-03
1.155608584326700550e-03
1.203288549908809735e-03
1.247146645531105325e-03
1.287385196853979563e-03
1.322722913891793972e-03
1.374670253406817810e-03
1.432973088340255829e-03
1.490611560987287199e-03
1.547057762850967411e-03
1.603666677503029492e-03
1.658129846206141123e-03
1.711160154505980691e-03
1.761515150037473720e-03
1.806693347557813967e-03
1.842737811389716374e-03
1.871032228027869060e-03
1.891931898327703365e-03
1.904884532477585379e-03
1.911965421519307151e-03
1.912697696497156485e-03
1.906961291272074588e-03
1.894664866781387014e-03
1.877145910807426210e-03
1.853133744885410161e-03
1.823502565810403153e-03
1.789516810699526284e-03
1.750170082938956595e-03
1.705651788428075299e-03
1.658621709489965790e-03
1.605871050616769491e-03
1.550323422165683640e-03
1.496908939300073405e-03
1.442118853876961371e-03
1.455018981224048824e-03
1.482968893951996936e-03
1.512282827595801127e-03
1.542107037289103255e-03
1.570341031750327465e-03
1.595414980022996643e-03
1.623960695143755739e-03
1.661192810824385635e-03
1.689630614742310133e-03
1.709389721195442302e-03
1.720408250904165159e-03
1.720342053261769699e-03
1.708165063822791874e-03
1.684174475612421062e-03
1.650567994182977616e-03
1.614929781867113778e-03
1.586018909177477898e-03
1.552855007572906398e-03
1.516188521602068739e-03
1.476349542836485895e-03
1.433652093557141738e-03
1.389057221406725384e-03
1.343491808226099371e-03
1.297017790067772625e-03
1.250485276693857895e-03
1.204244198627801854e-03
1.158733954444157721e-03
1.114461810149708354e-03
1.071312231128357384e-03
1.039246380279190696e-03
1.015620231478220337e-03
9.912943209187119464e-04
9.739341598714035264e-04
9.787897361551445297e-04
9.751707707213175258e-04
9.843550195711980866e-04
1.012304530991992024e-03
1.030799523505099291e-03
1.037020177312469871e-03
1.036928915473717128e-03
1.088132738272989952e-03
1.139418429706579028e-03
1.190072723909807451e-03
1.241748421018679105e-03
1.292691573706428176e-03
1.343245348990496080e-03
1.392305629187490235e-03
1.439706586254918541e-03
1.486618209136036928e-03
1.532017921212464051e-03
1.575538382526026071e-03
1.617112913641666205e-03
1.656926393810931319e-03
1.693640793993922422e-03
1.727694706495336296e-03
1.759689033416833581e-03
1.787620653974530960e-03
1.813131807962914399e-03
1.831789509279507788e-03
1.842244018559868746e-03
1.843048242729988795e-03
1.835092413201871997e-03
1.818977001564220375e-03
1.795954136703692416e-03
1.765001048860376232e-03
1.727855451997523106e-03
1.684223186453975840e-03
1.635823428685956316e-03
1.581005714416466867e-03
1.524085500972882645e-03
1.463522744034828627e-03
1.400522084013394730e-03
1.405704104659649678e-03
1.412650502478463022e-03
1.418230820204369191e-03
1.422602859511318263e-03
1.425979371459107359e-03
1.428674775132088293e-03
1.430123184430476257e-03
1.430386836391933647e-03
1.430303876878508129e-03
1.436022519527124786e-03
1.454568523346577713e-03
1.469256617236819329e-03
1.479339854586536607e-03
1.485012762228038463e-03
1.486002930685015322e-03
1.481712010128172219e-03
1.471125859085237186e-03
1.454825722415592493e-03
1.431543132386720041e-03
1.401672209447230033e-03
1.365818071426216918e-03
1.323437910834279752e-03
1.286392461068319726e-03
1.258419549946626637e-03
1.228358866658146864e-03
1.196637999538063823e-03
1.196627315474318998e-03
1.190992836708232305e-03
1.179555855718966706e-03
1.162177789940238570e-03
1.140129596536226808e-03
1.113465366183674643e-03
1.082310262021324299e-03
1.047237544826884470e-03
1.020384664197654390e-03
1.031682944781397993e-03
1.040046930892130073e-03
1.045409838595134921e-03
1.049004051306479113e-03
1.050560913572445854e-03
1.051581325229672403e-03
1.083262227065839856e-03
1.115852983365500650e-03
1.151011353671876902e-03
1.187188252353837958e-03
1.225507993278085461e-03
1.266473097956521965e-03
1.308442963934286496e-03
1.351041895468418907e-03
1.391146942659265973e-03
1.429959551874138146e-03
1.466235041251651161e-03
1.499977083143311241e-03
1.531226638787436256e-03
1.560060126268442149e-03
1.585685326653402116e-03
1.608028573611419709e-03
1.627157501480763768e-03
1.642803687281202407e-03
1.654459471541747106e-03
1.662918770331006657e-03
1.668487058810202983e-03
1.670484185849502312e-03
1.668061677640275686e-03
1.660783003236770972e-03
1.646579037212297925e-03
1.624665629952060097e-03
1.594913856619389891e-03
1.558951554984727705e-03
1.517791781847521726e-03
1.471551821170036245e-03
