# game: leduc_poker 
# eval_every: 1 
# num_iterations: 1000 
# num_players: 2 
# bootstrap: False 
# truncate_negative: False 
# buffer_size: 1000 
# num_hidden_layers: 2 
# num_hidden_units: 50 
# num_hidden_factors: 0 
# use_skip_connections: True 
# num_epochs: 200 
# batch_size: 5000 
# step_size: 0.01 
# 
2.140756384054334660e+00
1.875691734654279408e+00
1.659615621788446571e+00
1.504194891451124949e+00
1.330719605037453235e+00
1.296155725341553877e+00
1.227497754641093231e+00
1.234892748531199791e+00
1.204155696545014198e+00
1.157188165287282633e+00
1.159516318399267165e+00
1.156145769134423684e+00
1.173627340506344208e+00
1.172675880650350777e+00
1.172705905866003651e+00
1.156705443190173987e+00
1.149328886512599457e+00
1.171155395959208700e+00
1.169314200997540354e+00
1.186204313773318031e+00
1.194638696865091054e+00
1.212828286230578811e+00
1.226615554819370235e+00
1.236074810693958748e+00
1.233661502969670032e+00
1.246581971144220535e+00
1.243816281918086908e+00
1.249537738029290690e+00
1.258437029247294170e+00
1.262754421766793644e+00
1.269739188147395614e+00
1.276492360187981845e+00
1.282533745021610549e+00
1.289037967771012871e+00
1.294571064918824677e+00
1.295497504167475888e+00
1.291766315011230848e+00
1.287609872606090278e+00
1.282837732279557663e+00
1.278091196505660943e+00
1.267013849329682307e+00
1.260036133461762464e+00
1.249259608168841851e+00
1.246659730465027760e+00
1.240964735321295365e+00
1.230410565108333465e+00
1.218834987972122752e+00
1.212687799353023177e+00
1.202905077507380405e+00
1.192266279829541142e+00
1.183052839278568857e+00
1.174585833935498869e+00
1.175586012825704518e+00
1.173725718497136139e+00
1.164224973311905442e+00
1.162489579834623310e+00
1.156235264713659561e+00
1.155963638624035283e+00
1.153927573372333981e+00
1.151892490021257931e+00
1.146716145616018423e+00
1.141206538727494335e+00
1.137019817602691107e+00
1.135781077310877851e+00
1.133359599308057852e+00
1.130799845234318868e+00
1.130694547500648017e+00
1.128187905535084745e+00
1.125634784475221473e+00
1.124900148679477629e+00
1.124361433510198793e+00
1.121325364351275500e+00
1.118665586481668806e+00
1.117026958927956226e+00
1.116023833721894398e+00
1.115770665015332952e+00
1.118068072120977030e+00
1.117623181893444562e+00
1.119257353109192721e+00
1.120002758385627128e+00
1.120246944028420621e+00
1.119462878524386085e+00
1.118303045208306923e+00
1.117397083644906974e+00
1.118527926607153944e+00
1.117151786830739235e+00
1.114364971155951567e+00
1.113033579493117209e+00
1.112149657883067633e+00
1.110860365722349030e+00
1.108678538309443296e+00
1.106905890505053502e+00
1.105558400980355183e+00
1.103815179749820796e+00
1.101651822910882927e+00
1.099039569551326423e+00
1.095425016921168337e+00
1.093693466819699811e+00
1.093858494651974489e+00
1.091669901258397690e+00
1.086931861393147569e+00
1.083013375878421725e+00
1.081701773310303150e+00
1.080671000027143558e+00
1.081238210900516750e+00
1.080835504711735506e+00
1.081385820249859187e+00
1.081119548389191776e+00
1.080883779070928918e+00
1.082818208892198486e+00
1.083651935221574991e+00
1.084130217951794206e+00
1.083420976707822891e+00
1.083240103682187705e+00
1.083114345371615883e+00
1.082687674224720675e+00
1.080992446470273149e+00
1.080192859630987545e+00
1.081538409180140103e+00
1.082071494292370595e+00
1.082881484585282994e+00
1.085400685150218258e+00
1.085844063140632088e+00
1.084649697344965080e+00
1.086091967016119098e+00
1.086219691153542666e+00
1.087947721215337227e+00
1.087492357685397426e+00
1.088788518872670252e+00
1.090736180334085592e+00
1.091110740196282070e+00
1.092855082652509191e+00
1.092833582137188841e+00
1.094360101141375052e+00
1.095567045725558408e+00
1.096490269529487804e+00
1.097312015304032773e+00
1.096951979094218821e+00
1.097253596817629573e+00
1.096973941744405323e+00
1.096514578235381787e+00
1.096406194801255785e+00
1.097452169458315918e+00
1.097536872807776120e+00
1.098932332598864470e+00
1.099292876069814628e+00
1.099476550361229821e+00
1.100195648289182815e+00
1.100242818344843165e+00
1.099447366706985063e+00
1.098826116794621610e+00
1.098807143571346234e+00
1.097688791554284560e+00
1.096024769049079861e+00
1.095344083226883036e+00
1.095841019520550574e+00
1.094861297145617751e+00
1.094296017515646202e+00
1.093950673554306974e+00
1.093813661823553218e+00
1.095452729234698719e+00
1.095415370817784950e+00
1.095283461292155813e+00
1.095742040190052613e+00
1.097189779686772226e+00
1.098148047735861166e+00
1.100390519560690450e+00
1.102021140279841216e+00
1.104417777015747060e+00
1.106029030695958815e+00
1.108253334209300167e+00
1.109922895511802121e+00
1.111972034789786568e+00
1.113783145418339782e+00
1.115008040984322157e+00
1.116920790819289078e+00
1.119450964450081853e+00
1.121363510718135004e+00
1.123888483134347638e+00
1.126242579383338382e+00
1.128238558514411238e+00
1.129901201903818375e+00
1.131627415503668077e+00
1.133624940537433012e+00
1.136189684106779563e+00
1.137700224571790431e+00
1.140087327618904967e+00
1.142297346032176808e+00
1.144620030842763203e+00
1.146136875868828398e+00
1.148218350807818533e+00
1.149977382855690955e+00
1.151235703651924069e+00
1.152794459361563328e+00
1.154230233517781201e+00
1.155789603382537667e+00
1.157906622035078215e+00
1.159656674511726049e+00
1.161824046836231084e+00
1.163874101182510223e+00
1.166339700137348334e+00
1.168749186731610212e+00
1.170496198130873244e+00
1.172511621119065373e+00
1.175048778410872297e+00
1.177095086924484058e+00
1.179415229213397032e+00
1.181811900625911793e+00
1.183724317635896917e+00
1.186217118911220059e+00
1.188333337082884578e+00
1.190830201112081710e+00
1.193149289990000472e+00
1.195149703747504066e+00
1.197819716872370099e+00
1.201081405705192173e+00
1.203060680109114156e+00
1.205760632144168953e+00
1.207743058737785535e+00
1.209282101855971847e+00
1.211990607928706609e+00
1.213124394601890810e+00
1.215104337270843438e+00
1.216682082393551356e+00
1.217900313551795621e+00
1.218747689040473370e+00
1.219649530336444965e+00
1.219845108112106669e+00
1.220521244731771038e+00
1.222116162109358584e+00
1.224494789079617396e+00
1.226217385658106229e+00
1.228126816040353120e+00
1.230526055455850809e+00
1.232075408043509235e+00
1.234290796401617207e+00
1.235466889998105833e+00
1.236638073335880605e+00
1.237929802800619150e+00
1.238948199277712270e+00
1.240042476971113583e+00
1.240442486488287699e+00
1.241297157460092393e+00
1.241671632810628534e+00
1.241774697852558340e+00
1.241705291933016042e+00
1.241844893742410472e+00
1.241736095317809596e+00
1.243505029257396366e+00
1.244469217653223492e+00
1.246259486865195054e+00
1.246986041470249162e+00
1.247723483693766289e+00
1.249076277849524796e+00
1.250333393837662177e+00
1.252128252987897206e+00
1.254315326296263855e+00
1.256228988273453417e+00
1.258192279980348882e+00
1.259784245608653208e+00
1.260871130314423993e+00
1.262246673567744226e+00
1.263749820991342032e+00
1.265221208560205479e+00
1.266574373323435143e+00
1.268297754472565764e+00
1.269746204804244272e+00
1.270345500948181883e+00
1.271020384045827623e+00
1.272046614852725188e+00
1.273197495162986304e+00
1.274368965015198363e+00
1.275655291771873090e+00
1.277178104579406170e+00
1.279513845010421980e+00
1.280985462307413947e+00
1.282698710738994663e+00
1.284722372074506014e+00
1.286348037772038655e+00
1.288246028105439756e+00
1.289987015259235426e+00
1.291479890242166251e+00
1.292611860460882056e+00
1.293664781838299360e+00
1.294924307871279101e+00
1.296019176968852271e+00
1.297344945328505306e+00
1.299506459240667766e+00
1.300809011861497000e+00
1.302603136775551729e+00
1.304392118366015207e+00
1.306112436053571635e+00
1.307613296376182843e+00
1.309281915085072079e+00
1.310837544107462005e+00
1.312489363329565562e+00
1.314180252940974736e+00
1.315356539671306058e+00
1.316784115351957052e+00
1.318023767368362353e+00
1.319406121855930536e+00
1.320696183718573558e+00
1.321987555596543462e+00
1.323830483313805484e+00
1.324880685853051521e+00
1.325676500585575956e+00
1.327050137231808202e+00
1.328113214272506504e+00
1.329487455478321589e+00
1.330861609814648627e+00
1.331633885427924380e+00
1.332532028877510211e+00
1.333656728376916067e+00
1.335004054654292283e+00
1.336276311315716558e+00
1.337909672785924764e+00
1.339474703722236759e+00
1.341246281849491684e+00
1.343278210791376104e+00
1.344696127819054565e+00
1.346016635008499662e+00
1.347481816885744088e+00
1.349637813401976860e+00
1.351330036404688073e+00
1.353005737604768388e+00
1.354429367615716640e+00
1.355554738784004121e+00
1.356751691900536017e+00
1.358552801173537938e+00
1.360137155819916899e+00
1.360850953155856136e+00
1.362364374388397970e+00
1.363684704625221178e+00
1.364946961897731015e+00
1.366191901026665212e+00
1.368092043306353034e+00
1.369559798899963710e+00
1.371078187561401318e+00
1.372590902933927381e+00
1.374059932157239095e+00
1.375186857457828982e+00
1.376208512325741040e+00
1.377310733583601898e+00
1.378957071250662025e+00
1.379962023449707864e+00
1.381127307702547213e+00
1.381826073341563710e+00
1.382971426059004028e+00
1.384033711339026196e+00
1.385040870101700516e+00
1.385958753193693660e+00
1.386822439136620400e+00
1.387823926418701337e+00
1.388777575667263786e+00
1.389579431375765672e+00
1.390658600353010810e+00
1.391859584969408647e+00
1.392923390757886182e+00
1.394294718086132034e+00
1.395476131086571536e+00
1.396480589381301929e+00
1.397718010915881770e+00
1.398618883068617480e+00
1.398031281824774208e+00
1.398530117911465531e+00
1.398694429244307313e+00
1.398971005365737819e+00
1.399365827817222740e+00
1.400475628064455913e+00
1.401421979856571909e+00
1.402361599056511476e+00
1.403425931312273889e+00
1.404209983569986386e+00
1.405332023373150552e+00
1.406378022806181072e+00
1.406357277423037511e+00
1.407153851329824956e+00
1.407883750299897763e+00
1.408547976945585756e+00
1.409529765543405144e+00
1.410066857542961571e+00
1.410351952934889130e+00
1.411233207608406204e+00
1.411844443993732101e+00
1.412457792315187088e+00
1.413048846696344008e+00
1.414010936910028438e+00
1.414422268198511023e+00
1.414917963249912258e+00
1.415331809761271042e+00
1.415623720731341351e+00
1.415567592088450954e+00
1.415644710319751143e+00
1.415752101803900764e+00
1.415975807781729046e+00
1.416048906377761929e+00
1.416059938545363828e+00
1.416106391191286562e+00
1.416157128783128716e+00
1.416154530497967468e+00
1.416266892788925702e+00
1.416184225857312740e+00
1.415981416128372361e+00
1.415828262715552510e+00
1.415698685576776139e+00
1.415697059015894599e+00
1.415716589092816502e+00
1.415453332565269173e+00
1.415537571005925255e+00
1.415640466749428228e+00
1.415647015709191381e+00
1.415715417693046430e+00
1.415802655716727143e+00
1.416008738029060021e+00
1.416297334673032537e+00
1.416850999298098657e+00
1.417271317439886769e+00
1.417764605029639302e+00
1.418205547849003878e+00
1.418152938614890335e+00
1.418495682472357799e+00
1.418894812274649642e+00
1.419219907320351304e+00
1.419510302009892033e+00
1.419848496964310591e+00
1.420201441176272450e+00
1.420831822081822793e+00
1.421310964288458267e+00
1.422169609343024277e+00
1.422876634558521758e+00
1.423454274033491451e+00
1.424296283442054278e+00
1.425329984469716038e+00
1.426313367630759554e+00
1.427116264428599735e+00
1.427988266073096035e+00
1.428141326287859059e+00
1.428812131296059107e+00
1.428620160634610059e+00
1.429068062238681991e+00
1.429408852204054003e+00
1.429765195191817995e+00
1.429870892837905139e+00
1.430035037307224588e+00
1.430109730647773914e+00
1.430595765455577428e+00
1.431085013077579848e+00
1.431566792486927753e+00
1.432562612204632657e+00
1.433074798809347961e+00
1.433232742596496800e+00
1.433114784170355760e+00
1.432861796291188039e+00
1.432719152500009585e+00
1.432725712153553044e+00
1.432894156904873206e+00
1.433108667766002320e+00
1.433436214668208919e+00
1.433843380846117288e+00
1.434383931294259451e+00
1.434552917404344541e+00
1.434869341712668778e+00
1.435178260160959507e+00
1.435564604411671441e+00
1.435760797879097606e+00
1.436075126350375708e+00
1.436355897935380099e+00
1.436827308630943101e+00
1.437195018656497680e+00
1.437601071955345144e+00
1.437926940624485450e+00
1.438258047731674427e+00
1.438602488905068366e+00
1.438929224513267657e+00
1.439263722680437230e+00
1.439658475938260018e+00
1.440061805735609379e+00
1.440233003339384421e+00
1.440323419879315781e+00
1.440299594609832923e+00
1.440395141548726832e+00
1.440319351703068129e+00
1.440592574588116737e+00
1.440768698792532998e+00
1.440777387667055986e+00
1.440844130556740321e+00
1.440771682980889423e+00
1.441013815924438557e+00
1.440946131950978426e+00
1.441352756994061401e+00
1.441310035302354464e+00
1.440853969702349247e+00
1.440790275906260298e+00
1.440669800030268233e+00
1.440691107565783113e+00
1.440732230418220183e+00
1.441074770998628907e+00
1.441075857016578476e+00
1.441094769760788985e+00
1.441317720311623418e+00
1.441626394231702468e+00
1.441735819973488653e+00
1.441969236170174362e+00
1.442056697275949428e+00
1.442289354971620030e+00
1.442467832137558137e+00
1.442638574723273059e+00
1.442786562922994342e+00
1.442959380003110414e+00
1.443160790689508755e+00
1.443347920626781189e+00
1.443415705216578582e+00
1.443614557232728801e+00
1.443669539214248676e+00
1.443996572604468120e+00
1.444261487610242645e+00
1.444336765352542740e+00
1.444407433880264380e+00
1.444608342137550405e+00
1.444873412376811661e+00
1.445079016248018045e+00
1.445366736982032219e+00
1.445639254557096187e+00
1.445245523198684268e+00
1.445099323204599440e+00
1.444945013492209718e+00
1.444925817713618166e+00
1.445118932115958987e+00
1.445289824274828883e+00
1.445238657053988351e+00
1.445354142779470719e+00
1.445268576393915261e+00
1.445428514994999691e+00
1.445645655099217164e+00
1.445783267867481792e+00
1.446195923686046658e+00
1.446554329772856029e+00
1.447116774589744415e+00
1.447777862262447757e+00
1.448519818621116118e+00
1.449456080477186326e+00
1.449849691660433759e+00
1.450432258012683606e+00
1.451138353493555799e+00
1.451404147217103091e+00
1.451908348137677995e+00
1.452173521995727024e+00
1.452470482124599727e+00
1.452762060825277368e+00
1.453062392335687569e+00
1.453421497507223048e+00
1.453804490146280104e+00
1.454148156102052836e+00
1.454599079868903466e+00
1.455050837179244327e+00
1.455725876057098800e+00
1.456392323668792566e+00
1.457090121527351068e+00
1.457803500564369692e+00
1.458534209654007263e+00
1.458834902933272559e+00
1.459521572851355753e+00
1.460059534558411087e+00
1.460658642577086219e+00
1.461150647487385879e+00
1.461658397970762469e+00
1.462096883108062517e+00
1.462763250827458616e+00
1.463155389567104558e+00
1.463539592328564787e+00
1.463898004706383871e+00
1.464299896497186282e+00
1.464678855683015701e+00
1.465096309074024994e+00
1.465382933805011945e+00
1.465599267508685966e+00
1.466049516300358402e+00
1.466293657357439439e+00
1.466945928312824332e+00
1.467251010676727141e+00
1.467522672664424821e+00
1.468046585557871708e+00
1.468590083272017566e+00
1.468839592008073014e+00
1.469033209148109753e+00
1.469357753875053962e+00
1.469860230529468126e+00
1.470284793540735713e+00
1.470739633631110266e+00
1.470969844619413713e+00
1.471067848102649123e+00
1.471555014216028745e+00
1.471747825702517165e+00
1.472336950969191038e+00
1.472525026916052138e+00
1.472632613285448366e+00
1.472576839187191178e+00
1.472898181149554953e+00
1.473254867809476787e+00
1.473606097425097516e+00
1.473978237636414335e+00
1.474324950205542439e+00
1.474430350757788943e+00
1.474802808562955425e+00
1.475198181689227672e+00
1.475464007443083148e+00
1.475913166997407489e+00
1.475957184891011131e+00
1.476530821503226676e+00
1.476812815751047392e+00
1.477102774046441303e+00
1.477379272923813325e+00
1.477632830381708784e+00
1.478048579549017472e+00
1.478482402347257807e+00
1.478583696173199513e+00
1.478647542159639672e+00
1.479009122695593259e+00
1.479382508507200766e+00
1.479469273903500692e+00
1.479671771540642222e+00
1.479830528999802386e+00
1.479928067081887511e+00
1.480329495566350628e+00
1.480418714364224009e+00
1.480450336554928858e+00
1.480425903336651583e+00
1.480371978295003998e+00
1.480378714754451597e+00
1.480485243516150629e+00
1.480247286161591180e+00
1.480089685903652974e+00
1.480246888290466245e+00
1.480281536034258272e+00
1.479930051428652416e+00
1.479985220613154517e+00
1.480149133159066377e+00
1.480274687900934305e+00
1.480401899155586509e+00
1.480583145410195867e+00
1.480480494355791432e+00
1.480592280341843647e+00
1.480711956666433959e+00
1.480660657930608970e+00
1.480491129828963137e+00
1.480348100534059519e+00
1.480095938682461032e+00
1.479932886056879004e+00
1.479714555176843138e+00
1.479569382693302737e+00
1.479434388272951040e+00
1.479398615523420446e+00
1.479255963652702066e+00
1.479117456925190588e+00
1.479430891318379571e+00
1.479213124538458102e+00
1.479067823512134172e+00
1.479211327883679816e+00
1.479109239697542932e+00
1.479359793170937243e+00
1.479558088612537459e+00
1.479691195733665587e+00
1.479741889150879786e+00
1.479867392472988374e+00
1.479923133925207246e+00
1.480025091357463074e+00
1.480093120971297083e+00
1.480158204315836556e+00
1.480194535020177060e+00
1.480088445886059700e+00
1.480145481873959223e+00
1.480101864065043404e+00
1.480127580548910027e+00
1.480118646417607042e+00
1.480085600284394065e+00
1.480082303532570975e+00
1.480135780895688091e+00
1.480363613308501858e+00
1.480625097838394133e+00
1.480629624963220259e+00
1.480897953893933083e+00
1.480844132089524923e+00
1.480481621690435734e+00
1.480408022471535467e+00
1.480398985208668527e+00
1.480235683294237825e+00
1.480060438053727445e+00
1.479883082446145526e+00
1.479642615918587367e+00
1.479240144603433338e+00
1.479006956820655194e+00
1.478871149844225297e+00
1.478695522652893724e+00
1.478491918836574825e+00
1.478350998838850128e+00
1.478292673151519132e+00
1.478413397137158913e+00
1.478394767915792274e+00
1.478272086030903765e+00
1.478416164174348069e+00
1.478160859218936807e+00
1.478011624902436871e+00
1.477964618822533716e+00
1.477900935153299677e+00
1.477564311199163427e+00
1.477272082950089160e+00
1.476966149358451608e+00
1.476299187047740435e+00
1.475837421172573549e+00
1.475254594562513510e+00
1.474683119262382158e+00
1.474130839262504544e+00
1.473384783709955403e+00
1.473029608562918868e+00
1.472763926405835644e+00
1.472477517793579604e+00
1.471907457637734673e+00
1.471582593249573190e+00
1.471032639876981962e+00
1.470746518793426549e+00
1.470332875230549341e+00
1.470088743563026767e+00
1.469511106443886383e+00
1.469238503095798620e+00
1.468959290959947595e+00
1.468334054929784749e+00
1.467860945455841559e+00
1.467359496716581724e+00
1.466982112655238257e+00
1.466459503700932032e+00
1.465985643701347207e+00
1.465448628210434645e+00
1.465177969835164795e+00
1.464819645102647172e+00
1.464208492043121090e+00
1.463607415018425506e+00
1.463197539432075089e+00
1.462531820641312041e+00
1.462091830602643139e+00
1.461274014928497955e+00
1.460675145738964620e+00
1.460168672103930199e+00
1.459557661397896666e+00
1.458948785809035087e+00
1.458143483814725361e+00
1.457617384334614297e+00
1.457090875308121092e+00
1.456592167325899911e+00
1.455919792892317099e+00
1.455237597741094291e+00
1.454521255929639878e+00
1.453840010152434470e+00
1.453174635415171334e+00
1.452516402766800496e+00
1.451806463518932500e+00
1.451325298788731732e+00
1.451009310364599569e+00
1.450448764424486336e+00
1.449861882949040170e+00
1.449476325498233242e+00
1.449100572627087580e+00
1.448656820278879653e+00
1.447981890137105765e+00
1.447480615764398681e+00
1.446955697866768809e+00
1.446579187004016331e+00
1.445978295095727617e+00
1.445648717878637246e+00
1.445084729724846140e+00
1.444574148557553395e+00
1.444053085313699913e+00
1.443569690545290829e+00
1.443195333471257058e+00
1.442648995031449388e+00
1.442207344035490557e+00
1.442046375179688145e+00
1.441573294875667433e+00
1.441259216904978491e+00
1.440936501991526564e+00
1.440742751968825175e+00
1.440271326649747774e+00
1.439988760519320010e+00
1.439657395300461662e+00
1.439423917152541366e+00
1.439101785750290130e+00
1.438599608097454130e+00
1.438226043559037048e+00
1.437818176459564112e+00
1.437446543300878954e+00
1.436837323646585007e+00
1.436462862306582711e+00
1.435930978122767598e+00
1.435642297209786422e+00
1.435236253202510026e+00
1.435035945225212384e+00
1.434434185152241525e+00
1.433947390941765931e+00
1.433634278742723422e+00
1.433060026735728298e+00
1.432516929028078589e+00
1.431940787676468263e+00
1.431318106121521661e+00
1.430711959362628516e+00
1.430101554042197964e+00
1.429478952378523182e+00
1.429105123342459205e+00
1.428546568530560279e+00
1.428070756441088829e+00
1.427831374785891061e+00
1.427224597887182034e+00
1.426615649865986546e+00
1.426074192215120107e+00
1.425830693802286886e+00
1.425281751437414979e+00
1.425373544348801813e+00
1.425135052780988065e+00
1.424667651877402186e+00
1.424284676473959177e+00
1.423739969023418706e+00
1.423444542734635387e+00
1.423094171997091983e+00
1.422744274342515158e+00
1.422239503840135422e+00
1.421704055592595939e+00
1.421404417065227577e+00
1.421069705301407193e+00
1.420709854483558576e+00
1.420325270838999288e+00
1.419991818307069220e+00
1.419642331771613808e+00
1.419246717866963436e+00
1.418755214202780834e+00
1.418159750237658390e+00
1.417777313710331555e+00
1.417272547400533433e+00
1.416834013656600666e+00
1.416280843937217204e+00
1.415904959586655298e+00
1.415342446160899215e+00
1.414906020834627354e+00
1.414526374341340098e+00
1.414135897891788840e+00
1.413781737627690660e+00
1.413438982632992946e+00
1.412977804094175838e+00
1.412692819051121207e+00
1.412359592756448734e+00
1.412043848049110650e+00
1.411755047585182554e+00
1.411375565160317702e+00
1.411005929489533628e+00
1.410643196676529598e+00
1.410323792805838305e+00
1.409983485609567211e+00
1.409565759995792256e+00
1.409206723028510577e+00
1.408886870852164908e+00
1.408660003862481691e+00
1.408164391250928293e+00
1.407886723727596934e+00
1.407627879995295928e+00
1.407267928309368532e+00
1.407050332217083533e+00
1.406678638090323785e+00
1.406331978679639771e+00
1.405895027750323045e+00
1.405689771007379463e+00
1.405434623683409878e+00
1.405169159378982791e+00
1.404923667158319844e+00
1.404774732827053452e+00
1.404721789658047504e+00
1.404577290096788555e+00
1.404564463158260779e+00
1.404432897746488607e+00
1.404151171463454695e+00
1.404046824412670702e+00
1.403842951022208130e+00
1.403638249877201094e+00
1.403539789774644220e+00
1.403528337094409162e+00
1.403335747904844499e+00
1.403093098915221937e+00
1.402930501320776235e+00
1.402809751952729833e+00
1.402726636549660455e+00
1.402611019928910130e+00
1.402418293146117767e+00
1.402059740159300905e+00
1.401697416905130389e+00
1.401355666523676824e+00
1.401069559391755925e+00
1.400795794566694674e+00
1.400444527682567442e+00
1.400234665304225246e+00
1.399990562208838440e+00
1.399721095625541256e+00
1.399723115231070292e+00
1.399476813468523373e+00
1.399273110413271182e+00
1.399103480729063431e+00
1.399084898018380763e+00
1.398849603359967109e+00
1.398679586830513522e+00
1.398540301402315889e+00
1.398263956198712243e+00
1.397951407226141196e+00
1.397841179564219161e+00
1.397532738261191732e+00
1.397397857245953556e+00
1.397176400577623268e+00
1.397004495367969223e+00
1.396741908649280273e+00
1.396691398090427416e+00
1.396459620758584208e+00
1.396213264188467251e+00
1.395931176987952327e+00
1.395796079218875274e+00
1.395590400889295424e+00
1.395345335979132351e+00
1.395242154483815611e+00
1.395160538936639938e+00
1.394986173681165287e+00
1.394839017235113943e+00
1.394832010255352639e+00
1.394690333511661162e+00
1.394452720493397635e+00
1.394185976210900790e+00
1.394038522835795213e+00
1.393789484527225397e+00
1.393609890016183295e+00
1.393363449638443718e+00
1.393207531417747891e+00
1.392959692871021282e+00
1.392735989035700728e+00
1.392596656052112358e+00
1.392433337727969178e+00
1.392445488679145083e+00
1.392205424640846623e+00
1.392021113953421985e+00
1.391920216114550302e+00
1.391664770130636386e+00
1.391455353768918268e+00
1.391262365743986873e+00
1.391086574271500176e+00
1.390926866310407961e+00
1.390721440150710420e+00
1.390516269922144499e+00
1.390218382529076813e+00
1.390043368965798276e+00
1.389789889002295720e+00
1.389621130591266684e+00
1.389461316064828367e+00
1.389292715371476916e+00
1.389086432774576441e+00
1.388776253615568557e+00
1.388541004360247744e+00
1.388329272197997177e+00
1.388114000459707231e+00
1.387840921679911688e+00
1.387567618069641906e+00
1.387272188198686029e+00
1.386960225458399698e+00
1.386635739903148590e+00
1.386202504016950332e+00
1.385876121906133296e+00
1.385538255105884131e+00
1.385203206806419951e+00
1.384867328476882875e+00
1.384493798565132883e+00
1.384170393327605275e+00
1.383920034065300175e+00
1.383761685393142038e+00
1.383659183727753650e+00
1.383473016996491722e+00
1.383177369934754264e+00
1.382887567082957903e+00
1.382619771225866545e+00
1.382445332819001393e+00
1.382322720440690045e+00
1.382116216617469195e+00
1.381879968912237633e+00
1.381629668629685170e+00
1.381283331427906269e+00
1.381106269888942251e+00
1.380818476618223212e+00
1.380551632166851173e+00
1.380195938809356981e+00
1.379872292218285112e+00
1.379885620230854926e+00
1.379609814141931290e+00
1.379316185649629434e+00
1.378989491871629447e+00
1.378679283343771544e+00
1.378555995037401560e+00
1.378328947190158082e+00
1.378126411383560068e+00
1.377904740960228747e+00
1.377693670443718155e+00
1.377396511988625338e+00
