# game: kuhn_poker 
# eval_every: 1 
# num_iterations: 1000 
# num_players: 2 
# bootstrap: False 
# truncate_negative: False 
# buffer_size: -1 
# num_hidden_layers: 4 
# num_hidden_units: 5 
# num_hidden_factors: 0 
# use_skip_connections: True 
# num_epochs: 200 
# batch_size: 1000 
# step_size: 0.01 
# 
4.730433156761335578e-01
2.383889346518410224e-01
1.583210838228672201e-01
1.358110915447097444e-01
1.074253804998663298e-01
1.111579178889224029e-01
1.074826422976468965e-01
1.034870771500215891e-01
9.571129157807359289e-02
8.614016232873186740e-02
8.111500033947594002e-02
7.254321622545573112e-02
6.265552794929563074e-02
5.634311043830950161e-02
5.417886345179204199e-02
5.227292004636910350e-02
5.863425050265133609e-02
6.908079993268520513e-02
7.739777975043332647e-02
8.201386477779770701e-02
8.946241962523976410e-02
9.995204065940530014e-02
1.110243357788529006e-01
1.167056336008183426e-01
1.205977495648796471e-01
1.246615737016879832e-01
1.306653200785410363e-01
1.360124096519114978e-01
1.406965505156433649e-01
1.448263296896577512e-01
1.474122892989292166e-01
1.507811336477409003e-01
1.537877659624826143e-01
1.560427802708161948e-01
1.586957641645950212e-01
1.621250263389773238e-01
1.644170253386749991e-01
1.657649363836701251e-01
1.667283099797045309e-01
1.673833913803281503e-01
1.698253360073906093e-01
1.734072530729035000e-01
1.765684018413496981e-01
1.798148996340855621e-01
1.812778703870890629e-01
1.820780940507168988e-01
1.827210399089739534e-01
1.838407651008821253e-01
1.859081475022997254e-01
1.877711034171373194e-01
1.894488083473077900e-01
1.909036599751251506e-01
1.919220286452523461e-01
1.929975466336626422e-01
1.940339548770251277e-01
1.948046202715546793e-01
1.952836897007904360e-01
1.955775528183208434e-01
1.968923572413723844e-01
1.982538861846691591e-01
1.990870074790881405e-01
1.995587634443284353e-01
1.994719954490982994e-01
1.994650414807916661e-01
1.992807545272246572e-01
1.995140333281907041e-01
1.987030492095804290e-01
1.981276043273975385e-01
1.984581585613217625e-01
1.961106438986876255e-01
1.940963878330755621e-01
1.913046135035439133e-01
1.882343310773678668e-01
1.851923044467321533e-01
1.821742773288913264e-01
1.802726286163048031e-01
1.783485886206601367e-01
1.764206417078704736e-01
1.744814769846332880e-01
1.724832487674341497e-01
1.704950874254917426e-01
1.684532172960919449e-01
1.669256684924862455e-01
1.649384581510244807e-01
1.629541729303349284e-01
1.605249841919984266e-01
1.578291440943537516e-01
1.559061243711755973e-01
1.545568906966878209e-01
1.530983411622038048e-01
1.513390279801042626e-01
1.492529595806232623e-01
1.467667624819563865e-01
1.449651048587849711e-01
1.451273642143197651e-01
1.446380186686254676e-01
1.439923689722337474e-01
1.431501863383296269e-01
1.421251002782275008e-01
1.405278645181736730e-01
1.390032315147042563e-01
1.373593303907643670e-01
1.357655383218559775e-01
1.342338574189646805e-01
1.327412280992478211e-01
1.311221617301175646e-01
1.295027243280828522e-01
1.284781758260066242e-01
1.275928691782567126e-01
1.266837220516253415e-01
1.256898408079178964e-01
1.246382990259545520e-01
1.235353052296501997e-01
1.224516622016952050e-01
1.213868651394369724e-01
1.203404266472114237e-01
1.193118759924535754e-01
1.183007583996347201e-01
1.173066343797987132e-01
1.163290790936210017e-01
1.153128243344932469e-01
1.142588817662738010e-01
1.131792613202624587e-01
1.120745239998925391e-01
1.109611147103009565e-01
1.098370530041170856e-01
1.086997368627369565e-01
1.075582990839738240e-01
1.064079646787485511e-01
1.057193401733350635e-01
1.051934795040990467e-01
1.046439585649542037e-01
1.040823795932827867e-01
1.035040164117414230e-01
1.029093884666859859e-01
1.022744230949818034e-01
1.016195380188130715e-01
1.009279116617685934e-01
9.997874529809150368e-02
9.890868314395231953e-02
9.870985775115004301e-02
9.840065899165975627e-02
9.789429270808933103e-02
9.719925717484159677e-02
9.623392381407741558e-02
9.528320823903760339e-02
9.413379715303793471e-02
9.353163915646106608e-02
9.330814320774652448e-02
9.297235558135125144e-02
9.260857123568316807e-02
9.252879558770646384e-02
9.195496714851125741e-02
9.167007970786442139e-02
9.088957740679426411e-02
9.015131182276683863e-02
8.940296335178188336e-02
8.858078363671004207e-02
8.778322954635339737e-02
8.704214133328919134e-02
8.625883075154641699e-02
8.580413980241977101e-02
8.550094893255208439e-02
8.514690109892320002e-02
8.456340961916158916e-02
8.385603694856899604e-02
8.312384645975012809e-02
8.240942168680773228e-02
8.163065714142803131e-02
8.086461278864651159e-02
8.018591890677337353e-02
7.939859678263522236e-02
7.857568865553138382e-02
7.775345622710147508e-02
7.690857269025491716e-02
7.608062844459040353e-02
7.523509552074011952e-02
7.438409135904977543e-02
7.352775779274992041e-02
7.267659946871787846e-02
7.182590539328123636e-02
7.110077724059610249e-02
7.069387863668871730e-02
7.027336693167293702e-02
6.984643109110882930e-02
6.940644445238283722e-02
6.895677640117242602e-02
6.849198604429207471e-02
6.801498239086797848e-02
6.739611823409669134e-02
6.664857993437328654e-02
6.614266472338842240e-02
6.584866015766474567e-02
6.543090690252073571e-02
6.505423998781900696e-02
6.439442679402515579e-02
6.382731346997785882e-02
6.334306059379571363e-02
6.261802071623551180e-02
6.192971511607231472e-02
6.177656966745836975e-02
6.152450262394848490e-02
6.117282695484257959e-02
6.085493692487886630e-02
6.042145176009297569e-02
5.993558775474161493e-02
5.943819780791026464e-02
5.891871474541349185e-02
5.830820814203430125e-02
5.765896925513377957e-02
5.702176196777236639e-02
5.638210925859124534e-02
5.579224795627610312e-02
5.516595463915888176e-02
5.466602106929749350e-02
5.435575914647497453e-02
5.403860034254445721e-02
5.371316067801396033e-02
5.337951793487108465e-02
5.297662985853474060e-02
5.254837964818917517e-02
5.212392773723548145e-02
5.169688902836894195e-02
5.124085345141549119e-02
5.077196546278808786e-02
5.028484720541512298e-02
4.978925083754789926e-02
4.928318728525460379e-02
4.876857127734110509e-02
4.824455912601507968e-02
4.771216950906842502e-02
4.717418273406959184e-02
4.662808553573946635e-02
4.607863783048812834e-02
4.569167206840316076e-02
4.548128240826312951e-02
4.526757059596805965e-02
4.503957649080633785e-02
4.480422959890223433e-02
4.455997782983847633e-02
4.428389144503683261e-02
4.386264086181412836e-02
4.339374422808095488e-02
4.299982780844474606e-02
4.278708570958894564e-02
4.261119107622329816e-02
4.232882292235592980e-02
4.203966292567762331e-02
4.171559786322395769e-02
4.126697647932134339e-02
4.081823666089579028e-02
4.060204238168516055e-02
4.048384702002946756e-02
4.028723596566033405e-02
4.012957124205576709e-02
3.993902254108738781e-02
3.977658314315357657e-02
3.951068404333141215e-02
3.948156394829566151e-02
3.912751934521571662e-02
3.877317000939101144e-02
3.837517531861289743e-02
3.798233688648311457e-02
3.758369954638526855e-02
3.713738170680150330e-02
3.666811457206256564e-02
3.625724588382595037e-02
3.613157380996864787e-02
3.595523897784777545e-02
3.576946195654034932e-02
3.558426814632320578e-02
3.536550906954663565e-02
3.513007846882634788e-02
3.484979837706705941e-02
3.457155668597536313e-02
3.427823636775773064e-02
3.396218791723135122e-02
3.363798644430099349e-02
3.330147593133858663e-02
3.295601697263858543e-02
3.260303155142532661e-02
3.224272388997970196e-02
3.187486175952461420e-02
3.150244283417336089e-02
3.112410609063137601e-02
3.073946612976574677e-02
3.035086915430601495e-02
2.997365603320367722e-02
2.986314912088536278e-02
2.974353179208105713e-02
2.961704909545681552e-02
2.948310198295367446e-02
2.934283890806743678e-02
2.919299330811056525e-02
2.887131605426387915e-02
2.853419042704311015e-02
2.822106588097733626e-02
2.787635321851664183e-02
2.766669916109359972e-02
2.753654685446044192e-02
2.734817331970151866e-02
2.717263936855640605e-02
2.693087340705571653e-02
2.665748672663473262e-02
2.645510303983220068e-02
2.620839657471613071e-02
2.594113151049190491e-02
2.584010836693448332e-02
2.579547281654404056e-02
2.569724999423544931e-02
2.558071076984766434e-02
2.549058655438762866e-02
2.537053637666603079e-02
2.523893326573081741e-02
2.510803386126311820e-02
2.494957496677216446e-02
2.474900913720645690e-02
2.468228117100834673e-02
2.486658691464355142e-02
2.481589790847396615e-02
2.471503931169388713e-02
2.465508734654250911e-02
2.457696323880967371e-02
2.449074299589473758e-02
2.464470105649529952e-02
2.479209534377335711e-02
2.492725353796834686e-02
2.506175680981631571e-02
2.518279400389963896e-02
2.532302177112494279e-02
2.541173012926878361e-02
2.551199320531874482e-02
2.556050573818735572e-02
2.560872777684744528e-02
2.564120938417452367e-02
2.565709908001698181e-02
2.566737838789295845e-02
2.566251204908140404e-02
2.564679157621732597e-02
2.562385051490359555e-02
2.559467838494267067e-02
2.555501932108025787e-02
2.551064399121139026e-02
2.546035975264232532e-02
2.540422679830781072e-02
2.534164092936252999e-02
2.527410461695961397e-02
2.525317968572551863e-02
2.541216623153988441e-02
2.556395518964132973e-02
2.570941123183756449e-02
2.584724543821062537e-02
2.597859634805818607e-02
2.610362328282675448e-02
2.606232497073843191e-02
2.604877849886710894e-02
2.605899937170091940e-02
2.601790286466615365e-02
2.590543285658525319e-02
2.583173385870590755e-02
2.594058664479859111e-02
2.608496778951316375e-02
2.619582537648995624e-02
2.625014805935327322e-02
2.631343050146625617e-02
2.640085835973401962e-02
2.641451979786035853e-02
2.642638242257924763e-02
2.639618451827224765e-02
2.656005310229500593e-02
2.673371488468706536e-02
2.689471853039271387e-02
2.703010235189859389e-02
2.714916114483348353e-02
2.726484664953576775e-02
2.734452574338316899e-02
2.754293000977650618e-02
2.763343124999684264e-02
2.771168201474830117e-02
2.778940400099375041e-02
2.780664868070689688e-02
2.781221972557357258e-02
2.777516494676984804e-02
2.772545471912560289e-02
2.770038926124579470e-02
2.762705592919081909e-02
2.754898068109484788e-02
2.745094686696111785e-02
2.758546144788440180e-02
2.774713805409043110e-02
2.787041630392367297e-02
2.796181303725159273e-02
2.803745566407928047e-02
2.815011058079228135e-02
2.821778114453193931e-02
2.827836431710220588e-02
2.832704230845287108e-02
2.837126054724364854e-02
2.838601084714506562e-02
2.839309838988374191e-02
2.838992027534709139e-02
2.837921413830049588e-02
2.836016207502836672e-02
2.833659255948806077e-02
2.830445591819466533e-02
2.826804403829721868e-02
2.822598794595648775e-02
2.817810515895075030e-02
2.812593032562077378e-02
2.806968448733476729e-02
2.800744963387621911e-02
2.794205631738910789e-02
2.800136575122352811e-02
2.812684878535767763e-02
2.824769016497200025e-02
2.836365980845118040e-02
2.845424135221977235e-02
2.855381341366663994e-02
2.859860449342027655e-02
2.856765716983877823e-02
2.850824969638304784e-02
2.851024086169506866e-02
2.844752543093098662e-02
2.838519099161881942e-02
2.829671894743959748e-02
2.835949707106705242e-02
2.835782771645933842e-02
2.847808042602231748e-02
2.850268677870748668e-02
2.853343908844083177e-02
2.856103223081007947e-02
2.855468799543900427e-02
2.863770980148955259e-02
2.876435371397936813e-02
2.889338222629636577e-02
2.902302594749880948e-02
2.912737220381811376e-02
2.925284879364706270e-02
2.937520547824767903e-02
2.946294328946982843e-02
2.953433109689471148e-02
2.958223142768207081e-02
2.965478068384613808e-02
2.968629335600100894e-02
2.971938094157336452e-02
2.972352906667422023e-02
2.970436817991378708e-02
2.965539590651092294e-02
2.960733213211302894e-02
2.958777073467380725e-02
2.958806392365606608e-02
2.970520022560618756e-02
2.979089940882501120e-02
2.989316310301121105e-02
2.997800984916024203e-02
3.006545818977515716e-02
3.013287302032477410e-02
3.019763453004609133e-02
3.022262152813859348e-02
3.026301125351529842e-02
3.027978219093910295e-02
3.028512948673653393e-02
3.028362095333592130e-02
3.027466400618161746e-02
3.025939792790796612e-02
3.023747827890388429e-02
3.020955089953045181e-02
3.017937804752504616e-02
3.014301378499642525e-02
3.010213016735441283e-02
3.005646947374196465e-02
3.000689694236985394e-02
2.995411953613369427e-02
2.989698244311980724e-02
2.983719936525341954e-02
2.984368022140343468e-02
2.994988860052893997e-02
3.005180730577111659e-02
3.012469200146372650e-02
3.021183854229814170e-02
3.026470964046226730e-02
3.026109951612573901e-02
3.022748529031635267e-02
3.024688209219877910e-02
3.022614905619450121e-02
3.019536621322529979e-02
3.012838054862343462e-02
3.005415784949808100e-02
2.997034387125649402e-02
3.002407073806073745e-02
3.007094817749622617e-02
3.016665046998173727e-02
3.017190310542916531e-02
3.020794523665448761e-02
3.020842794407185838e-02
3.021795882103789355e-02
3.029807381976856728e-02
3.042687521700665476e-02
3.053516697956432102e-02
3.064756293061876580e-02
3.073288510627092407e-02
3.083675118637554946e-02
3.090790947600036143e-02
3.098311332959247100e-02
3.104502988099189231e-02
3.110421027996970733e-02
3.113918574901722303e-02
3.115620699989357645e-02
3.117559808982539593e-02
3.117471029178228714e-02
3.116546815699117179e-02
3.115484149065739228e-02
3.112131904541720617e-02
3.106371495940399297e-02
3.101410780882618567e-02
3.110712283190819605e-02
3.118889742592373393e-02
3.127264414354796740e-02
3.135721563563573233e-02
3.142906610537146705e-02
3.148273278097127315e-02
3.151086875011827049e-02
3.154380685163607478e-02
3.156511861050873002e-02
3.156235088888040274e-02
3.155392143181476317e-02
3.154119328155433055e-02
3.152249865436834719e-02
3.149967826742333665e-02
3.147201446260386448e-02
3.144136899360730486e-02
3.140707556146640766e-02
3.136778860352784637e-02
3.132437058543918740e-02
3.127856148713412110e-02
3.122890705107692066e-02
3.117615971486947801e-02
3.112063796361405621e-02
3.110059635132264577e-02
3.114423186722378722e-02
3.118633415823238164e-02
3.124313213971166570e-02
3.124982512566690240e-02
3.128245699189041718e-02
3.130046590664031791e-02
3.128862226949158387e-02
3.126105456284450357e-02
3.127371722120839137e-02
3.121562464552729566e-02
3.117005208673523375e-02
3.114026228244196060e-02
3.111350546525259997e-02
3.111905629583072708e-02
3.115065474717407246e-02
3.116347519472131844e-02
3.122071119450078869e-02
3.130462069727654728e-02
3.140063350418278998e-02
3.148903392990762273e-02
3.159313829068316481e-02
3.167881095756208687e-02
3.177094669130708926e-02
3.182702235977305505e-02
3.189544958636103544e-02
3.194868402135059293e-02
3.199784228989560608e-02
3.205070643652391249e-02
3.206529593114584853e-02
3.207614929821392402e-02
3.210690842335989226e-02
3.211192193198794675e-02
3.212761050642551353e-02
3.212737264110521185e-02
3.210353171990501520e-02
3.210213166270417529e-02
3.218105789572373032e-02
3.226287816648776285e-02
3.234484810516935482e-02
3.241610381336701430e-02
3.249147210213440551e-02
3.256560380874554128e-02
3.261801319797544285e-02
3.264497994560799921e-02
3.267407772001609811e-02
3.267642786393071264e-02
3.267220816251129034e-02
3.266672339148352089e-02
3.265191851845086757e-02
3.263254641903329256e-02
3.261029352393854386e-02
3.258459337491562136e-02
3.255469420226947408e-02
3.253844911128594974e-02
3.250369375514347570e-02
3.246517897102590977e-02
3.242377751279887366e-02
3.237785730651809857e-02
3.233045317716684575e-02
3.228072590735772684e-02
3.222873459826894327e-02
3.227095586429162832e-02
3.230667242876766876e-02
3.238503563162581367e-02
3.240857628894647235e-02
3.240200427997408372e-02
3.237771805547140502e-02
3.237131911187052236e-02
3.242628528692395595e-02
3.236654662129445637e-02
3.235243871210893851e-02
3.231722256644431468e-02
3.229838426621442493e-02
3.226661617355949807e-02
3.233893743954557864e-02
3.231352773523299415e-02
3.232483454196050099e-02
3.236926761640387951e-02
3.241307158839751290e-02
3.241577421405625326e-02
3.242423915939562917e-02
3.247620141745913291e-02
3.255680288941051326e-02
3.263700186171322737e-02
3.272219109555671301e-02
3.279962021718108023e-02
3.286808733342641564e-02
3.293018788826293508e-02
3.299500734224605769e-02
3.303901797309063970e-02
3.309491821038079706e-02
3.314659620639034965e-02
3.317219601914103699e-02
3.322069070594529938e-02
3.324069492704875839e-02
3.325703603080323867e-02
3.327041591565763068e-02
3.325920771862336811e-02
3.323863790937148233e-02
3.321038255189878718e-02
3.317629143845082784e-02
3.322802563522833652e-02
3.329868453672649165e-02
3.337850652172999477e-02
3.344653786340520685e-02
3.351914335556854807e-02
3.356476231043561964e-02
3.363281179454236103e-02
3.369139476916352405e-02
3.372938295666713659e-02
3.378084698204378289e-02
3.381299930351225336e-02
3.383075732273574387e-02
3.384266608672664711e-02
3.384680745006302116e-02
3.384464464660941196e-02
3.383601423203713709e-02
3.382397568815781463e-02
3.380792971749480014e-02
3.378755524819679334e-02
3.376599277376360342e-02
3.374010518431178052e-02
3.371170509641924218e-02
3.368057196553644883e-02
3.364632879964629675e-02
3.360883975807868462e-02
3.356971116223328444e-02
3.352701779973399354e-02
3.348235981863059707e-02
3.343453573796889566e-02
3.338498685039656411e-02
3.343042942267904216e-02
3.350036324870628301e-02
3.356738315876883760e-02
3.357568714626185669e-02
3.362649696791650267e-02
3.364522069657313597e-02
3.366504998221808709e-02
3.370468438502308151e-02
3.369468077960280361e-02
3.364942463154824148e-02
3.365233410871829034e-02
3.362388446066483239e-02
3.360205076130959312e-02
3.357245280309378854e-02
3.352141266881827897e-02
3.345339929852772509e-02
3.340090278099575039e-02
3.336723898536714250e-02
3.337411277180507563e-02
3.341971639575397335e-02
3.344332200876948269e-02
3.346633506967280902e-02
3.347949784461742850e-02
3.349349656138003728e-02
3.347859897418425934e-02
3.354181407572376372e-02
3.361756607718671686e-02
3.369134664667527979e-02
3.375322461028715249e-02
3.382891647548355585e-02
3.390802579713744769e-02
3.395976479194426356e-02
3.402139645996576922e-02
3.407295725327547098e-02
3.411483812057153342e-02
3.415259675356899227e-02
3.419521519337939686e-02
3.421714321923258195e-02
3.422461110069843770e-02
3.423562018348971780e-02
3.424023667181999575e-02
3.423359987516461089e-02
3.421675928062695160e-02
3.419344689232370338e-02
3.415897232207726342e-02
3.411858106330623031e-02
3.418216093708051351e-02
3.424421856865392244e-02
3.431123513421008298e-02
3.436969216625582191e-02
3.443274673643606509e-02
3.448929516022417041e-02
3.452465631586626449e-02
3.455930684585692414e-02
3.459135081238171039e-02
3.464578104073393061e-02
3.467102424417503603e-02
3.468063364314186159e-02
3.469750230591131523e-02
3.469875959890725281e-02
3.469934098710608650e-02
3.469286304045290925e-02
3.468183554503212473e-02
3.466740346191729549e-02
3.464934321274762419e-02
3.462789734968263478e-02
3.460399852313739144e-02
3.457800230268889830e-02
3.454981193808279172e-02
3.451888163643038188e-02
3.448504078596328903e-02
3.444884952678972656e-02
3.441087907889897601e-02
3.437098409479022454e-02
3.433063340471340097e-02
3.428682907280219960e-02
3.424348609900584872e-02
3.430695653258836186e-02
3.436798455435993715e-02
3.442655731969787580e-02
3.448311428577599536e-02
3.453350180125128177e-02
3.454894951913056733e-02
3.456021635767536626e-02
3.456752829312442765e-02
3.461304347667518155e-02
3.459523457651472733e-02
3.457325391329227338e-02
3.451478714435440853e-02
3.445011617686910554e-02
3.443081464794117696e-02
3.439655607964206552e-02
3.433397785337161112e-02
3.429961546286425245e-02
3.434597450486517878e-02
3.433774042463036413e-02
3.432611077149758105e-02
3.433897550587677872e-02
3.434859356335762115e-02
3.436730523824343964e-02
3.436138256182569295e-02
3.434706744578169824e-02
3.441827153846238607e-02
3.448087283488970867e-02
3.455161660042832539e-02
3.461383801528214454e-02
3.467690198062137186e-02
3.473698963982144172e-02
3.480770917633302375e-02
3.486787064498916844e-02
3.490715320225074025e-02
3.494745389557535331e-02
3.497335813045276964e-02
3.499589521806173442e-02
3.501280822180424801e-02
3.501926924622877912e-02
3.501209463069246408e-02
3.499831037577794124e-02
3.498603118922774535e-02
3.496764537407728857e-02
3.494357771406378377e-02
3.491421528691401877e-02
3.490069603535855824e-02
3.496774903245147836e-02
3.501884387037951241e-02
3.507107844016393861e-02
3.511962568355056491e-02
3.523794018932449590e-02
3.528179677215384502e-02
3.532916776905689615e-02
3.537777386273260882e-02
3.543296143638124951e-02
3.545697626875418673e-02
3.548597880983594965e-02
3.551044307344342066e-02
3.554313423477492573e-02
3.556513697845811728e-02
3.557268837661287098e-02
3.560191304238857768e-02
3.561390601631414521e-02
3.561483892822911446e-02
3.561232842327846648e-02
3.560310167882582699e-02
3.559272583846159743e-02
3.557907056654938116e-02
3.556271559853568798e-02
3.554311435619864068e-02
3.552191657347109066e-02
3.549744553696310145e-02
3.547065997643308877e-02
3.544220544331039280e-02
3.541147332650054769e-02
3.537924170106973576e-02
3.534537456569952774e-02
3.530934012135192313e-02
3.527196819292244268e-02
3.523261061588323084e-02
3.519124305229123784e-02
3.519340661834396977e-02
3.524816795708418660e-02
3.530152233235991921e-02
3.535259524926137598e-02
3.540179113354721685e-02
3.544967522906036783e-02
3.545864833752873646e-02
3.548153195718564690e-02
3.551657409990771619e-02
3.551440393907093207e-02
3.551662796512336517e-02
3.551751352497650727e-02
3.548622831991657400e-02
3.543182298727701185e-02
3.542018288329776277e-02
3.540267140251138200e-02
3.535959282151659999e-02
3.531216209482396229e-02
3.528632097580541860e-02
3.520015524706776588e-02
3.511256106163140878e-02
3.508206694110041490e-02
3.509572675767233529e-02
3.510478087006504988e-02
3.509266961920731731e-02
3.506191469541336536e-02
3.504333160879580245e-02
3.504713968191100482e-02
3.510922917244688191e-02
3.517298941029733950e-02
3.523739766909705917e-02
3.529513634872741279e-02
3.534791653671559564e-02
3.539360292315141265e-02
3.543736216889090129e-02
3.546779446204542663e-02
3.550614804581486705e-02
3.553844925421800749e-02
3.557332652551736807e-02
3.559978245528558349e-02
3.563100434533778005e-02
3.563100519812642530e-02
3.563925692553165936e-02
3.562872453889232016e-02
3.562384667284596018e-02
3.560725386452867625e-02
3.558530584736671609e-02
3.555587227586820553e-02
3.555643837938396445e-02
3.562333274366771829e-02
3.567205080926336147e-02
3.572920576751989485e-02
3.578540975042951433e-02
3.584708931474386850e-02
3.588286095384238261e-02
3.592206052548260753e-02
3.593771150962229988e-02
3.597138416300066366e-02
3.601771772018785844e-02
3.602555664597276164e-02
3.603133994262955331e-02
3.604273257664147856e-02
3.606070569301852990e-02
3.605738654992568515e-02
3.605108138646520577e-02
3.605885562274183109e-02
3.607497198886727707e-02
3.606376522910140214e-02
3.604962768034297715e-02
3.603259284857715516e-02
3.601372177320288914e-02
3.599247341169325987e-02
3.596890642490638279e-02
3.594336816562726522e-02
3.591685991755091956e-02
3.588832161694729961e-02
3.585862232319647624e-02
3.582649191697095947e-02
3.579299174701255914e-02
3.575776806030689370e-02
3.573975529542960938e-02
3.570254575795142604e-02
3.566398166981529783e-02
3.568408269668282840e-02
3.573316976886545260e-02
3.577103443791887494e-02
3.581747651263256227e-02
3.584213777891709363e-02
3.583919756774703314e-02
3.582385132573698283e-02
3.577179658529930362e-02
3.581568270290000355e-02
3.584616072778401552e-02
3.584993925725010744e-02
3.582403460321922917e-02
3.577300858278587015e-02
3.571637481759568078e-02
3.569262569678111063e-02
3.564324721605269253e-02
3.561202016994893804e-02
3.557095596215506528e-02
3.553454153177876274e-02
3.550347275947482450e-02
3.545564330518982676e-02
3.541162354396526490e-02
3.542496518940832506e-02
3.544211082825826642e-02
3.549544511561303350e-02
3.555686046615391671e-02
3.561047113787640939e-02
3.561813939920041583e-02
3.565961344941181999e-02
3.571534545113619341e-02
3.576084558040279471e-02
3.582355026727523928e-02
3.585882903569775904e-02
3.587091679205442474e-02
3.589895464436140826e-02
3.592876464779945489e-02
3.597330350312785696e-02
3.599615489242075084e-02
3.600984060599099479e-02
3.602732145176296141e-02
3.604886484184355311e-02
3.606499350848516028e-02
3.607411880924954461e-02
3.608028611264116337e-02
3.608277830230682826e-02
3.609216674599438623e-02
3.608090245790210315e-02
3.607083001720448601e-02
3.605789184365118527e-02
3.607988584338081561e-02
3.612772265861366461e-02
3.617144939021132988e-02
3.621987430047704515e-02
3.625138490555790405e-02
3.629534150684951554e-02
3.634120078113836638e-02
3.637753386186567961e-02
3.642156539422419792e-02
3.645904006864925107e-02
3.649999961653396796e-02
3.654652664657259686e-02
3.657352094158414224e-02
3.657875004401253682e-02
3.659524944110031930e-02
3.659609832563015530e-02
3.662553804376281197e-02
3.662216478153917931e-02
3.661678892406353136e-02
3.660847467601432981e-02
3.660893238446585873e-02
3.659595805957763237e-02
3.658122086498158398e-02
3.656439153027338240e-02
3.654579610659669520e-02
3.652515064057929028e-02
3.650317164034108663e-02
3.647939245472117675e-02
3.645415779738533923e-02
3.642646687572329012e-02
3.639788757915649042e-02
3.636762391171141640e-02
3.633604351526789622e-02
3.632396932726483785e-02
3.629024979012615559e-02
3.625584406963014428e-02
3.622633857955961934e-02
3.623004324307033119e-02
3.627485331650695533e-02
3.627596324318613230e-02
