# game: leduc_poker 
# eval_every: 1 
# num_iterations: 1000 
# num_players: 2 
# bootstrap: True 
# truncate_negative: False 
# buffer_size: -1 
# num_hidden_layers: 2 
# num_hidden_units: 50 
# num_hidden_factors: 0 
# use_skip_connections: True 
# num_epochs: 200 
# batch_size: 5000 
# step_size: 0.01 
# 
1.801911116025067816e+00
1.653193605730496785e+00
1.479517122907707316e+00
1.386022305879082595e+00
1.328458331104063195e+00
1.259517425935006596e+00
1.202679045666883884e+00
1.156296544736446386e+00
1.109225949603376726e+00
1.054632049516988523e+00
1.006788405097506889e+00
9.597371093143396426e-01
9.200727713623436665e-01
8.840163177963988872e-01
8.492618729908836261e-01
8.198146620238201399e-01
7.959096045544201692e-01
7.734704086824917280e-01
7.527421221626046099e-01
7.324781922592273897e-01
7.137372983895002854e-01
6.966014766259820412e-01
6.829626009016106503e-01
6.693568444394389916e-01
6.571088353464689114e-01
6.448345366205190388e-01
6.338389162455255743e-01
6.223415662662508119e-01
6.117273018153115416e-01
6.010375282529190066e-01
5.909622127685226767e-01
5.811069658293387397e-01
5.728276477813576406e-01
5.640584594533823992e-01
5.561701820242217487e-01
5.483243963408053201e-01
5.403772955777296216e-01
5.332678892263456039e-01
5.272208214233793377e-01
5.216177382279439945e-01
5.156632681833968057e-01
5.099067297027055634e-01
5.046490665647019869e-01
4.994167243089956409e-01
4.949962701733728876e-01
4.904387322586738485e-01
4.859034499682102215e-01
4.812626833920673475e-01
4.768749820279654106e-01
4.725310126068497651e-01
4.684101444055868702e-01
4.640944244298450538e-01
4.592950837507566164e-01
4.547067052108403340e-01
4.501982539381960136e-01
4.459434456229416366e-01
4.412325292866423609e-01
4.367640576555428811e-01
4.328853454374772536e-01
4.290474843060480548e-01
4.254121278032734210e-01
4.216591056918431168e-01
4.177442279871800279e-01
4.137038875973405583e-01
4.096738622567209775e-01
4.057038670158611415e-01
4.019824632276810528e-01
3.985547934228161338e-01
3.950077778677790752e-01
3.915477714177771351e-01
3.878876443965367793e-01
3.843127172281462500e-01
3.806880607658550408e-01
3.770661372228126251e-01
3.737508109200360362e-01
3.706068827204487270e-01
3.676332498443775632e-01
3.647628667192016616e-01
3.616730458426669625e-01
3.586142060040752311e-01
3.555141270242921925e-01
3.524723923745622933e-01
3.495719626968847304e-01
3.467062777676700458e-01
3.439891730266548819e-01
3.413894584665179144e-01
3.389542728250298231e-01
3.366591644395288685e-01
3.344719348562257832e-01
3.322290377346712731e-01
3.300208682991273568e-01
3.278354092358864991e-01
3.256155813686573142e-01
3.233460298268887589e-01
3.210346982902914093e-01
3.186732442084920791e-01
3.163338098925820296e-01
3.139606369706198219e-01
3.116799668210006313e-01
3.094970206648423594e-01
3.075523553827219092e-01
3.055330111003042859e-01
3.037147317938455604e-01
3.020305097729513166e-01
3.003402413679723826e-01
2.985940129834563916e-01
2.968770776396095212e-01
2.951103459996384237e-01
2.932141703730065663e-01
2.914297813945323501e-01
2.897053275292795771e-01
2.879928949481944667e-01
2.860584847066764413e-01
2.840169870683235120e-01
2.818807902085587180e-01
2.798100749990263258e-01
2.777790025414691444e-01
2.758482228928842983e-01
2.739339295138744079e-01
2.720592783536017190e-01
2.702545727385972096e-01
2.684809696233345644e-01
2.667688370723555469e-01
2.649919033441622274e-01
2.632589738190055928e-01
2.614029572819766556e-01
2.596113220277315170e-01
2.578012681008349238e-01
2.560315839859914067e-01
2.543260646460243635e-01
2.526823462471318171e-01
2.511289220542785028e-01
2.495989233730878110e-01
2.480425286661230855e-01
2.464373283135037340e-01
2.448746291908253103e-01
2.432904401780123238e-01
2.417145511733340690e-01
2.401422829586508934e-01
2.385585167358014180e-01
2.370504205614226978e-01
2.356287810419063211e-01
2.342944284700882174e-01
2.328488311262818522e-01
2.313442301751277297e-01
2.298784827436373968e-01
2.284657049953807695e-01
2.270955476837439035e-01
2.257034773479923984e-01
2.242834703602493429e-01
2.230004372432679016e-01
2.216144516891575544e-01
2.201482903192312768e-01
2.191559517089423648e-01
2.179973942876824444e-01
2.167904194938620743e-01
2.155980832303783790e-01
2.143439403618220829e-01
2.129568641885368485e-01
2.117886685851553819e-01
2.107946116891963872e-01
2.097531491625254929e-01
2.085544940421723559e-01
2.074032199803400034e-01
2.062279909914999654e-01
2.048414675497697846e-01
2.038045223900539216e-01
2.030176087266350460e-01
2.019680674696391898e-01
2.005943154732397482e-01
1.993676877740212239e-01
1.984482787056461861e-01
1.977010104319801842e-01
1.966299588954478206e-01
1.954851817439167971e-01
1.944118258695363144e-01
1.933572831327570185e-01
1.926250446605720645e-01
1.917740055698580748e-01
1.909204507687694008e-01
1.899022680181612077e-01
1.889604235007903421e-01
1.881213438347215661e-01
1.873439258002241870e-01
1.865673475078906685e-01
1.856333723048001483e-01
1.847278937071353266e-01
1.838658357362260576e-01
1.830383416955102815e-01
1.822624288475096221e-01
1.814142481910038518e-01
1.808030879466344387e-01
1.800503163475152824e-01
1.792461993611324245e-01
1.785049610776926476e-01
1.778319545219448905e-01
1.771935152101345168e-01
1.765580197530660089e-01
1.758755803668395346e-01
1.751813778322477422e-01
1.745077015468962656e-01
1.738923794512871324e-01
1.732280633154525684e-01
1.725033878810318944e-01
1.717630204782572556e-01
1.710794517210240950e-01
1.704475297747982399e-01
1.699433573791411523e-01
1.690701243684243904e-01
1.684477792443533906e-01
1.678138474812398417e-01
1.671527142956799328e-01
1.665082805098616614e-01
1.659009994469108351e-01
1.653019658057458263e-01
1.647144609517803282e-01
1.641183391006566517e-01
1.635346156479318414e-01
1.629190353775775701e-01
1.622848400605926833e-01
1.616515364156429491e-01
1.609787513233656431e-01
1.603474065231628720e-01
1.596972860494745572e-01
1.590612868372655586e-01
1.584483207314315023e-01
1.578977671945760997e-01
1.574054256182076950e-01
1.569113166310327490e-01
1.564354323333067842e-01
1.559192797446568024e-01
1.552697996696077998e-01
1.546092751739674420e-01
1.539970120614588545e-01
1.534245459276316059e-01
1.528733727469293868e-01
1.523296195133935771e-01
1.518056247970979711e-01
1.512761236842585510e-01
1.504288980773090811e-01
1.496806303634860558e-01
1.490603119427019174e-01
1.485199430901326112e-01
1.480440076658713910e-01
1.475939631012596343e-01
1.471681031390599803e-01
1.467262103251464611e-01
1.462297609521165942e-01
1.457060278047622448e-01
1.452051520397018014e-01
1.446870277982172937e-01
1.441055458152661062e-01
1.435332633709164862e-01
1.429860547046274966e-01
1.425088420146731760e-01
1.420781059090343024e-01
1.416955039982079612e-01
1.413346581208728414e-01
1.409625823708811065e-01
1.405714006137398775e-01
1.401562443373811917e-01
1.396826361230821822e-01
1.391601931595708719e-01
1.386444389709685643e-01
1.381026037715384347e-01
1.374726346052115855e-01
1.368622851534360141e-01
1.363028404019938356e-01
1.357822524207665249e-01
1.353068737772428753e-01
1.348574323999844338e-01
1.344325554786038879e-01
1.340257886742980964e-01
1.336073416145119319e-01
1.331786206593287558e-01
1.327722965549484047e-01
1.323675004855147663e-01
1.319601320860852578e-01
1.315299577401889963e-01
1.311022478827340021e-01
1.306873726000206126e-01
1.302661446282301072e-01
1.298102004990107083e-01
1.293208246232370462e-01
1.287932333308632327e-01
1.283022230685166853e-01
1.277958000805891614e-01
1.273229267856879898e-01
1.268519810614001098e-01
1.263659527037718500e-01
1.259937139996246958e-01
1.256762934174699975e-01
1.253755168055167013e-01
1.250758794474325086e-01
1.247770642406137304e-01
1.245183082025045351e-01
1.242603559605484909e-01
1.240133549691500858e-01
1.237346235174933973e-01
1.233061726600815228e-01
1.229547178423978787e-01
1.227799574362042068e-01
1.225859113577584952e-01
1.223412317126061771e-01
1.218625132491171631e-01
1.216031589337858015e-01
1.212353862998548498e-01
1.208437065327448018e-01
1.206203695496745193e-01
1.203535551118080776e-01
1.200147714618102768e-01
1.196379779545230643e-01
1.192547201394051487e-01
1.188951960348430953e-01
1.185736091192155506e-01
1.182864132635995935e-01
1.180257582384812987e-01
1.177963696231231622e-01
1.175236026498361480e-01
1.172210701378752079e-01
1.169244632891634772e-01
1.166233790733244707e-01
1.163957612948452319e-01
1.161270642628717265e-01
1.158210415244122909e-01
1.155092778544400955e-01
1.151835218152650886e-01
1.148612230704771087e-01
1.145479315812302640e-01
1.142606178636386693e-01
1.139713935643417858e-01
1.136660006392746780e-01
1.133927023817717650e-01
1.131215658813715802e-01
1.128470872926261304e-01
1.125572232390381344e-01
1.122644408075849920e-01
1.119659120579588468e-01
1.116468005939735136e-01
1.113329927672991881e-01
1.110279511255425483e-01
1.107287810909776543e-01
1.104529812543723621e-01
1.101842882293812692e-01
1.099197931663827565e-01
1.096459755357370863e-01
1.093870644310990653e-01
1.091328556003494377e-01
1.088710562996535458e-01
1.085959519270530277e-01
1.082995964978882286e-01
1.079975561671463885e-01
1.076954950062712496e-01
1.073917006126478280e-01
1.070843975389516728e-01
1.067879766115889251e-01
1.064996086647314599e-01
1.062391646353080671e-01
1.059769517007879414e-01
1.058183916550994585e-01
1.054921408440173541e-01
1.050816262599585660e-01
1.047660503048753744e-01
1.045538455541919209e-01
1.044152615227054159e-01
1.041098017302866663e-01
1.038152246236190568e-01
1.036411718456723557e-01
1.034422761098054699e-01
1.033195951459351530e-01
1.033141650700711706e-01
1.030685221019288084e-01
1.028897164552901311e-01
1.027001020393215475e-01
1.025421453831324992e-01
1.024962101106789286e-01
1.023397817878732435e-01
1.020560164996771879e-01
1.017921174611259583e-01
1.015462001632571748e-01
1.014477915200826530e-01
1.013727765942997738e-01
1.012763136350586513e-01
1.010858249631540751e-01
1.008518226107389948e-01
1.006380874098242589e-01
1.003861474769478374e-01
1.002617161772869775e-01
1.001484928760166537e-01
9.995351055623784287e-02
9.961475366822539201e-02
9.936363953695111217e-02
9.910010415004076589e-02
9.894554656102584611e-02
9.881914250336452932e-02
9.855356018272425078e-02
9.827153365418468678e-02
9.800320317431947259e-02
9.776907505133451692e-02
9.756241850724892140e-02
9.738274911824115754e-02
9.720910395897829070e-02
9.705950912211361303e-02
9.694107226345177741e-02
9.680113562833694840e-02
9.665827044013139413e-02
9.647712380858929071e-02
9.629553063152505865e-02
9.610809213702610487e-02
9.589236935754283375e-02
9.566460443692480220e-02
9.543765761218044041e-02
9.521871866133893580e-02
9.504214505517830092e-02
9.487120025382066169e-02
9.471435681846554488e-02
9.453744583691998937e-02
9.441322077515369726e-02
9.429510139393117163e-02
9.418079467764940704e-02
9.406507362636790104e-02
9.390091842109142550e-02
9.375342998024691066e-02
9.357042238756359265e-02
9.339258275179755653e-02
9.322211572651621647e-02
9.305657400071974672e-02
9.288817211806765783e-02
9.272210822775758809e-02
9.256732565513602073e-02
9.241442534352839466e-02
9.226899307632484282e-02
9.210689574115189793e-02
9.194859395552118508e-02
9.178420799357779603e-02
9.161486923447303976e-02
9.143877992757118434e-02
9.127417222254920193e-02
9.109753077392777898e-02
9.089745141602738332e-02
9.068837900803228269e-02
9.048519800617196851e-02
9.028135216833690913e-02
9.009481867029628388e-02
8.992503405939698824e-02
8.979479241957950830e-02
8.960553204214241618e-02
8.940162498668037527e-02
8.918839843107059795e-02
8.899007272647453670e-02
8.881388082753197133e-02
8.865914172474441413e-02
8.851223424906307091e-02
8.836850018771959248e-02
8.821747045667577281e-02
8.806333775816797826e-02
8.790599049914842034e-02
8.775586405234137022e-02
8.761566800939227240e-02
8.749483607915882477e-02
8.729500353365067522e-02
8.707515544054780787e-02
8.685453572221366048e-02
8.664584195416699663e-02
8.644836614462514390e-02
8.626045241862984048e-02
8.610606113182039945e-02
8.591955299452257167e-02
8.573002770386965732e-02
8.553773164708319832e-02
8.537336291187964943e-02
8.520938070292008448e-02
8.500278128335447825e-02
8.478487495988405731e-02
8.456976890819224713e-02
8.438845887725734962e-02
8.421452676283200378e-02
8.403670788215124310e-02
8.385717364000917773e-02
8.370438162205109944e-02
8.353598572380750709e-02
8.335866730877000697e-02
8.318881084657214764e-02
8.311565902161045793e-02
8.297188366780386404e-02
8.283709190178673021e-02
8.268600219964336584e-02
8.253236357336571349e-02
8.240694880401040756e-02
8.233846038352918284e-02
8.219635577113759695e-02
8.200964009021319279e-02
8.184943272271714976e-02
8.164754229970543065e-02
8.155987740687406506e-02
8.143253720705993792e-02
8.129359910539017686e-02
8.113484421800964963e-02
8.094847523422746272e-02
8.073224572444380465e-02
8.054119849600395453e-02
8.036307304393550122e-02
8.021226033158308788e-02
8.008372204501146285e-02
7.996312427653967658e-02
7.983265472540597429e-02
7.970360329249984166e-02
7.959500695643514923e-02
7.946752593050079860e-02
7.934462526653110470e-02
7.924531884036571661e-02
7.913693900762255873e-02
7.903072501473781819e-02
7.890290091219623325e-02
7.876935575456008032e-02
7.863409459038454841e-02
7.850154693585521815e-02
7.836640955859615343e-02
7.823795168668087885e-02
7.810825688497556596e-02
7.797454031036783750e-02
7.784359413746749778e-02
7.771058382341081150e-02
7.758235573926824946e-02
7.745970726146583774e-02
7.730367613118244163e-02
7.714973723901823177e-02
7.700861536343370228e-02
7.686869975792910703e-02
7.674154832528762293e-02
7.661207620455924572e-02
7.649610909306707451e-02
7.637649152696833477e-02
7.626273796796802229e-02
7.612676562553719051e-02
7.601059389806201494e-02
7.590224359713843016e-02
7.580156375775035094e-02
7.572753542611732058e-02
7.564219372378643003e-02
7.554383557760811774e-02
7.543243372165374383e-02
7.532070738674712107e-02
7.523701500285201460e-02
7.517906101426738430e-02
7.513359091001188539e-02
7.508316149939660289e-02
7.495800467190302796e-02
7.482540529710152155e-02
7.464312984687902774e-02
7.446764582099316132e-02
7.430165716553180366e-02
7.415654617674856397e-02
7.398330407744527215e-02
7.380824718369581594e-02
7.363911564172330448e-02
7.350641575083172174e-02
7.336886220971486350e-02
7.327504945810034420e-02
7.311467963926961133e-02
7.297239746783189263e-02
7.283200224527433542e-02
7.271246613785722901e-02
7.259257863155588186e-02
7.249164356424014910e-02
7.237841307784884104e-02
7.226919537644635461e-02
7.216154112109479657e-02
7.204921336640607299e-02
7.193541414501473941e-02
7.182011921562635182e-02
7.170603622589567794e-02
7.158207077627766479e-02
7.146778914072876576e-02
7.138786952643108585e-02
7.129246498672152377e-02
7.122308673126451217e-02
7.113041991550016208e-02
7.101093653960072194e-02
7.088094227442935658e-02
7.075412512425695299e-02
7.064688044160290226e-02
7.054383807973090004e-02
7.045320807177456179e-02
7.036408369568862564e-02
7.027620259084588206e-02
7.017520207427295487e-02
7.006049867393351893e-02
6.991849720839071747e-02
6.977370599664618755e-02
6.963640122997991067e-02
6.950641170436586136e-02
6.939348465332705052e-02
6.929225478162426288e-02
6.919213850290788226e-02
6.906062101718857260e-02
6.892496927797293893e-02
6.878960465775624256e-02
6.865454212569657710e-02
6.854288377089301498e-02
6.844881600922364528e-02
6.836792381896207582e-02
6.830713766677060095e-02
6.823154465857615703e-02
6.814852436754649523e-02
6.806725472982873282e-02
6.799875827794074623e-02
6.789905671792097197e-02
6.779298435188142735e-02
6.766760650538866662e-02
6.754179730717169150e-02
6.740887921342375577e-02
6.728614607303497197e-02
6.718354224035681665e-02
6.707992581519703346e-02
6.698715704698395002e-02
6.688531485705814794e-02
6.678226902388682829e-02
6.667093023610257130e-02
6.655455524810419132e-02
6.643752850231612883e-02
6.631051473692269049e-02
6.618278391534587746e-02
6.606200996582245466e-02
6.596034260106233005e-02
6.585463428854089474e-02
6.573233950382223467e-02
6.558603877177646146e-02
6.544096989305162038e-02
6.530998424068057417e-02
6.520311460382767488e-02
6.511190791162121960e-02
6.504514634568681064e-02
6.501383590217407749e-02
6.498684247862103469e-02
6.491252987494934568e-02
6.484184255879062164e-02
6.475561901323301228e-02
6.460996191544421396e-02
6.445663294833990642e-02
6.433677360906389642e-02
6.424140931986549452e-02
6.414676562584789576e-02
6.406777754095856203e-02
6.399349238282898977e-02
6.390897185248647916e-02
6.381054336654472248e-02
6.369317557294953969e-02
6.357014510025316145e-02
6.344696366328232695e-02
6.332731113140450951e-02
6.322120893362673244e-02
6.311482315385785746e-02
6.302149315002757157e-02
6.293135407597788555e-02
6.284959083574903627e-02
6.279144575241001058e-02
6.273741913288084782e-02
6.267394828673177043e-02
6.260158996993764324e-02
6.249604169435891976e-02
6.237371251273890471e-02
6.225062085583428495e-02
6.214701771176610323e-02
6.207678201689038888e-02
6.205849000595836662e-02
6.199357162070964766e-02
6.183648237255953695e-02
6.171366477670424400e-02
6.163882604132996101e-02
6.156563073968061850e-02
6.133089132179080083e-02
6.120320324671088552e-02
6.112042264161056393e-02
6.109675695710731214e-02
6.102964130076093952e-02
6.095439373122547855e-02
6.088904932932515113e-02
6.088197423520151641e-02
6.088981965964990195e-02
6.081051105907307741e-02
6.073485292303830441e-02
6.068137477722285178e-02
6.066569348227704439e-02
6.068881217644661596e-02
6.063431851574511977e-02
6.060598794789368027e-02
6.056238531455584995e-02
6.052946487692871524e-02
6.049560573976235645e-02
6.048768059172335287e-02
6.047049104550134002e-02
6.038542261185127213e-02
6.028602582899192375e-02
6.017406573719419338e-02
6.008769348964615453e-02
5.999924589841131028e-02
5.990227984627152780e-02
5.981062883488516557e-02
5.971650742482957630e-02
5.961821125545299638e-02
5.951917768641183659e-02
5.941584100890269504e-02
5.931363162909031317e-02
5.921579557513761971e-02
5.912483436156135141e-02
5.904006964679453517e-02
5.895679647289550629e-02
5.887497218489233519e-02
5.879572752293905913e-02
5.871901171391966101e-02
5.862824828178771208e-02
5.853117492551328238e-02
5.842820306180225576e-02
5.831782180318374753e-02
5.821400713616625699e-02
5.811699652295757024e-02
5.803015168544427282e-02
5.795526536075014390e-02
5.788622930143663692e-02
5.782172495611172247e-02
5.775903992752132177e-02
5.769241446855220834e-02
5.762305829931199663e-02
5.755101606979737272e-02
5.748175114673398367e-02
5.741204086055552713e-02
5.734171067282750611e-02
5.726969915289582824e-02
5.719642849552536434e-02
5.711518334269603814e-02
5.703346744352441600e-02
5.694698582799760656e-02
5.686264398330145853e-02
5.678276467595728960e-02
5.672216620925825403e-02
5.667256297450110059e-02
5.662298593491939258e-02
5.656786263999019626e-02
5.649060401211354610e-02
5.637239278702058098e-02
5.625277105267308120e-02
5.614215769191267802e-02
5.604793848975646309e-02
5.598056196361836379e-02
5.593740372978052433e-02
5.592116445096453892e-02
5.591573647548291059e-02
5.588752750804450165e-02
5.584760567138317977e-02
5.578808814772882874e-02
5.571665913700983574e-02
5.563195954821430200e-02
5.554208450221190252e-02
5.545241327883564109e-02
5.536193961006181941e-02
5.527554167411172226e-02
5.519623101253275099e-02
5.513140068332705868e-02
5.505026268414368873e-02
5.496260071232564326e-02
5.488093193897755628e-02
5.480918955511460133e-02
5.470455501572460411e-02
5.459940544623424763e-02
5.451238624886171891e-02
5.446071244957535751e-02
5.443354303551604934e-02
5.442802667988290433e-02
5.441608295933929307e-02
5.438418756492989503e-02
5.432708824592027974e-02
5.425064325819861644e-02
5.417196413440820979e-02
5.409566580757356469e-02
5.402650720236376602e-02
5.396510903045566299e-02
5.389796903806771955e-02
5.382870338971734725e-02
5.376004241070898859e-02
5.368861695179973081e-02
5.361657168179351229e-02
5.354234953393272045e-02
5.347842063027781478e-02
5.342253821977788197e-02
5.338323462254072893e-02
5.335943433652037826e-02
5.333508642455446480e-02
5.331418043849159294e-02
5.328919207830871974e-02
5.324798941869438029e-02
5.319889020956668213e-02
5.314066975397918613e-02
5.308384403031166099e-02
5.302524503652734922e-02
5.297027702051940179e-02
5.292213725795162638e-02
5.287884869754730377e-02
5.284807271690354635e-02
5.281499818499874044e-02
5.277041307986961305e-02
5.271015099039456919e-02
5.264067602302478777e-02
5.256908398022264173e-02
5.250607843435503574e-02
5.244271588334756262e-02
5.237469720507073601e-02
5.231006463812115648e-02
5.225102880690547791e-02
5.218561409964107833e-02
5.212004031569861251e-02
5.206080336809887354e-02
5.201231606228255699e-02
5.198151088611489834e-02
5.196972127768506589e-02
5.191485345554003317e-02
5.183990734736053374e-02
5.176287336849966225e-02
5.170395948271887254e-02
5.170432603444012620e-02
5.166691487596883348e-02
5.161593199667062482e-02
5.154682885090852706e-02
5.147873337543666661e-02
5.141814220240897848e-02
5.135893300304016085e-02
5.131141334756164629e-02
5.127029697878453252e-02
5.122372639609563960e-02
5.117109705020375654e-02
5.111088777688593821e-02
5.104759526546212567e-02
5.096906154288047275e-02
5.088982675540612566e-02
5.081642809703681984e-02
5.075785059273110744e-02
5.071215335017260906e-02
5.068137893049270981e-02
5.065962183461375501e-02
5.063901110268126393e-02
5.062346100893833079e-02
5.056908269373984466e-02
5.050934240706267397e-02
5.043926842031133673e-02
5.037271136067268673e-02
5.031380758141405785e-02
5.026551283348237864e-02
5.021823873290096052e-02
5.018380910756634061e-02
5.015615743138360227e-02
5.013017388579114886e-02
5.009941357515293459e-02
5.005493936597087135e-02
5.000080284591701396e-02
4.994374129590455069e-02
4.987853478324123790e-02
4.981228793969659507e-02
4.975522950057793825e-02
4.970366838569871548e-02
4.966263109686883115e-02
4.961936520303773801e-02
4.958319181936413078e-02
4.955174781077371915e-02
4.951982860608614145e-02
4.949017254749486783e-02
4.945770284128041261e-02
4.942146293668227275e-02
4.937897155927593873e-02
4.933328064939379587e-02
4.928369204339405618e-02
4.923481019259545732e-02
4.918309599745991634e-02
4.913476440498383557e-02
4.909001530018709814e-02
4.904360378741068338e-02
4.899911928817267392e-02
4.895349708800279809e-02
4.890784177600049354e-02
4.885941604332112720e-02
4.881123027254993807e-02
4.875849369620653684e-02
4.870459708214737449e-02
4.864700127472822155e-02
4.859200571328425866e-02
4.854044222813594378e-02
4.847014823329909294e-02
4.839369731020815024e-02
4.832653950903784135e-02
4.826433533059114322e-02
4.820599734391249613e-02
4.815076807398724346e-02
4.810422365793513844e-02
4.807886139275871495e-02
4.804792675794658519e-02
4.801981918346188982e-02
4.797932169430864369e-02
4.793904385535019408e-02
4.789909064615234524e-02
4.786055995607096936e-02
4.782366661418313569e-02
4.778277883648850144e-02
4.774399177002731920e-02
4.770910238830904093e-02
4.767365158197972574e-02
4.763927750359676916e-02
4.759683765601654959e-02
4.755243556027194396e-02
4.750717331419908318e-02
4.745994246582985188e-02
4.741203788451248125e-02
4.736593555196652594e-02
4.731959971852213453e-02
4.726830307948813592e-02
4.721740205464744489e-02
4.717054350806582086e-02
4.712668005024406304e-02
4.708382978963490673e-02
4.704244341320520939e-02
4.700202367101141698e-02
4.696257763953784470e-02
4.692426766128712790e-02
4.688624928190954222e-02
4.684790889248777179e-02
4.680453390070579700e-02
4.675887406213208308e-02
4.671158653833089314e-02
4.666311930810836117e-02
4.662186845720980855e-02
4.657695070743131383e-02
4.653453692018048871e-02
4.649982862857923727e-02
4.645626221578759429e-02
4.641316137018955401e-02
4.637070570737214514e-02
4.632872126195662632e-02
4.628861102276067563e-02
4.625218974759957857e-02
4.621981532830717054e-02
4.618819458452655402e-02
4.616063897930622328e-02
4.613755971044446180e-02
4.611221458890027436e-02
4.608533908753136010e-02
4.606054238211101937e-02
4.603304236354617551e-02
4.600376943512980710e-02
4.597516427995088084e-02
4.594235936405620391e-02
4.590419765916754768e-02
4.586375729018055125e-02
4.582730533795864591e-02
4.579593715807647736e-02
4.577573026215608909e-02
4.575298092563741259e-02
4.573453678902018871e-02
4.573714418574613416e-02
4.570419280412302276e-02
4.567901253743249235e-02
4.567745508009674049e-02
4.566070628981611090e-02
4.562943470931939138e-02
4.559385062140380862e-02
4.553082165725913510e-02
4.547701637966859722e-02
4.545063208541968991e-02
4.544467527483060654e-02
4.542917501991532159e-02
4.538510453220345742e-02
4.532477086079116091e-02
4.527767085712298967e-02
4.524196004495162349e-02
4.520941892750478253e-02
4.516684133066398155e-02
4.511438212584638341e-02
4.504758922157106604e-02
4.497809672786860780e-02
4.492430975682434879e-02
4.489984325585574809e-02
4.483539306465528229e-02
4.476258611240879759e-02
4.469751799585641727e-02
4.464109957407842721e-02
4.459521479041364533e-02
4.455637357967928702e-02
4.451614981102443303e-02
4.447114227697807065e-02
4.442305077908577371e-02
4.439450324760753352e-02
4.436580532916967190e-02
4.433812242328258324e-02
4.430454134086268814e-02
4.426656445862213463e-02
4.421863069622890274e-02
4.416151390304363933e-02
4.409775987171149492e-02
4.403429621275693762e-02
4.397493413542706564e-02
4.392369172310632564e-02
4.388470463672450306e-02
4.385262109476510684e-02
