# players: 2 
# game: leduc_poker 
# regret_matching_plus: False 
# alternating_updates: False 
# linear_averaging: True 
# print_freq: 1 
# 
2.373611111111110894e+00
2.381884615705468722e+00
2.210925416832727031e+00
1.697910282681983851e+00
1.297898178117388168e+00
1.070264078729645796e+00
1.001949452524857564e+00
9.453257052669143956e-01
8.475406891656542818e-01
7.712870112826674118e-01
7.294059170626409072e-01
7.401534193488353841e-01
7.784813155456198341e-01
8.341091884479602259e-01
8.184883286720300299e-01
7.906676089136011054e-01
7.251336778328154598e-01
6.990305453409174641e-01
6.827630877582855362e-01
6.263458114476977423e-01
5.611168896385758664e-01
5.353101210679751532e-01
5.134378769244397622e-01
4.938558156179833070e-01
4.748294901406723278e-01
4.527990852765421126e-01
4.448163989164698462e-01
4.340499199503256023e-01
4.189014053074613941e-01
4.132814967248201743e-01
3.928910537104440270e-01
3.750006914534863567e-01
3.603140076194466523e-01
3.739947513386904787e-01
3.802347659888543063e-01
3.786128437495774879e-01
3.896747504626352221e-01
4.101521226102152751e-01
4.244353907396697378e-01
4.434924732995636498e-01
4.591384409058538729e-01
4.706770626942788360e-01
4.778902920786481379e-01
4.811203347877678893e-01
4.863690171443748600e-01
4.883661931787268706e-01
4.913352137530730412e-01
4.928326485537876112e-01
4.913699814484900896e-01
4.820528961221858255e-01
4.782192459579979182e-01
4.776530910207724134e-01
4.842621126760984218e-01
4.841523684210878864e-01
4.830248188969538115e-01
4.823432374622585450e-01
4.753601480110910549e-01
4.529730400402591228e-01
4.305096158903324310e-01
4.034072939274832015e-01
3.835286125784435063e-01
3.880472541777034157e-01
3.935532742648784055e-01
3.951910161242596642e-01
3.956224609285625138e-01
3.960032511168852798e-01
4.023469259027518952e-01
4.155903423837959965e-01
4.317130545757578153e-01
4.466944197105025549e-01
4.459657270414694730e-01
4.404597573050120229e-01
4.375614741221516280e-01
4.336951470216898752e-01
4.275884670464347170e-01
4.205648206150511825e-01
4.125310926481607909e-01
4.046938947406323872e-01
3.962462692315507073e-01
3.868463221027643728e-01
3.759185448780457683e-01
3.670637626027320466e-01
3.631760050387315975e-01
3.583940065560402566e-01
3.525516951479035210e-01
3.495538577753611320e-01
3.557290764091302071e-01
3.598002674357535513e-01
3.623416046547980329e-01
3.545961338157233578e-01
3.507569884189286613e-01
3.439565236813140192e-01
3.351861097753152663e-01
3.262778114062524493e-01
3.141610968578107954e-01
3.014978121066591576e-01
2.881701838782916303e-01
2.769267765498843459e-01
2.675979873806307308e-01
2.680944827702811395e-01
2.695517017805785231e-01
2.733270205665022101e-01
2.778040042965657652e-01
2.831600495464290934e-01
2.896718763080493586e-01
2.965547583925102204e-01
3.025688207756656034e-01
3.096371687075712420e-01
3.175102583218031294e-01
3.228669817074447113e-01
3.249708067729250582e-01
3.249867911297232848e-01
3.220910001529456723e-01
3.175447775405147999e-01
3.109746461751745628e-01
3.015559925911405759e-01
2.934478453832252143e-01
2.871477265817381497e-01
2.832430754315946597e-01
2.798296846774419033e-01
2.762567815223456180e-01
2.730489699332081521e-01
2.714371509655361114e-01
2.696287934072861270e-01
2.675196700000670447e-01
2.652204109373580421e-01
2.627723420235073548e-01
2.618362880230336032e-01
2.672346642496635782e-01
2.752617231266510922e-01
2.829355504836710278e-01
2.895608523898645092e-01
2.951127002195365612e-01
3.008979777964561064e-01
3.075242914334888056e-01
3.165933176637901747e-01
3.209291210884555046e-01
3.214991458873417973e-01
3.228024936267372413e-01
3.238042704849519726e-01
3.250717027898559763e-01
3.280309425262176726e-01
3.299334925117829442e-01
3.312663051092041289e-01
3.337223643570456089e-01
3.359636198202879398e-01
3.376998915491886133e-01
3.384763335009958185e-01
3.381712310792046039e-01
3.370097926837083979e-01
3.373794239130772921e-01
3.378530959608916362e-01
3.438939280326698267e-01
3.500624226231787706e-01
3.559663529928183134e-01
3.616896013335940685e-01
3.666894089473270446e-01
3.726869068719060318e-01
3.845847248619252978e-01
3.957245526106789590e-01
4.004950819877385326e-01
4.052869166128549860e-01
4.092880966125309605e-01
4.107965348832601227e-01
4.121903370206574380e-01
4.068664513419395501e-01
4.002496930077697468e-01
3.936888877808839560e-01
3.865050408497439083e-01
3.790016749881053304e-01
3.714758851278393559e-01
3.635913530252626868e-01
3.555749917922224057e-01
3.476643627578222540e-01
3.457406116301582344e-01
3.471815263322694523e-01
3.478438718872297608e-01
3.474932244040319640e-01
3.454919179078017599e-01
3.422731861528607311e-01
3.407868684421523353e-01
3.403233244015420045e-01
3.402195198788924291e-01
3.390682587747133603e-01
3.386473678267028498e-01
3.371549781199888463e-01
3.341490356193886901e-01
3.317022204567147137e-01
3.295561217873598792e-01
3.265108954185712564e-01
3.225986017978859088e-01
3.178998354262594361e-01
3.138623838425224077e-01
3.102540184124973344e-01
3.065882441393716906e-01
3.055893417183743743e-01
3.044792609845410336e-01
3.038763159675422765e-01
3.036631442869012210e-01
3.038723365901966900e-01
3.031302878321962546e-01
3.010905630871927308e-01
2.969586424912944445e-01
2.920295191956114311e-01
2.872076214161157770e-01
2.856442638534519851e-01
2.840243269546008920e-01
2.841142022961903324e-01
2.845196785651812887e-01
2.862341136417893006e-01
2.888610992624673912e-01
2.913624161289803394e-01
2.936498822437115241e-01
2.966711513702628977e-01
2.996191311570109983e-01
3.024606149557562129e-01
3.057203801589673531e-01
3.097425167004470015e-01
3.141531973300073499e-01
3.176726092396792156e-01
3.201402377001776323e-01
3.209422614695741083e-01
3.216866744572883241e-01
3.221015745714752576e-01
3.222362848582710493e-01
3.224292563919542998e-01
3.226265009647426574e-01
3.231512426505634972e-01
3.241049096387090267e-01
3.252537943421778266e-01
3.266542652536008617e-01
3.279347217127183689e-01
3.294986212629472666e-01
3.306210664155589396e-01
3.311257620783534250e-01
3.312572344594555407e-01
3.311867655056702775e-01
3.311210530955308595e-01
3.317525111498680901e-01
3.324325411585185575e-01
3.331190127523420141e-01
3.338111431019984421e-01
3.345526532704251599e-01
3.352928702097843772e-01
3.357909846800641862e-01
3.359941574886482485e-01
3.360391216678792481e-01
3.362269523373954128e-01
3.360655838500919979e-01
3.356421962857176200e-01
3.348778072957742658e-01
3.345091793704393357e-01
3.346504061812745623e-01
3.359747462717413424e-01
3.365375993676599231e-01
3.364393483341050484e-01
3.356373545276443160e-01
3.332632443584836457e-01
3.310012909716529839e-01
3.297473290953694680e-01
3.282006562327625110e-01
3.242900009401581407e-01
3.199532905983619724e-01
3.151827105088788605e-01
3.100069710478746687e-01
3.042973253617227147e-01
2.983446036095930842e-01
2.931495691231981726e-01
2.894560597606263830e-01
2.870033307415501556e-01
2.847970477792788335e-01
2.823651940441301855e-01
2.796573342407016050e-01
2.768148249288227003e-01
2.740293397858699631e-01
2.717867851649343747e-01
2.695839065844747862e-01
2.673085295518335402e-01
2.651543897179360898e-01
2.634800734658561128e-01
2.620029313355614620e-01
2.607283466250034376e-01
2.594336996665556616e-01
2.583386335047317406e-01
2.572755540970855237e-01
2.583783659666440413e-01
2.602409700775369927e-01
2.624352561428940356e-01
2.649167244975063062e-01
2.673714429919087920e-01
2.696466073120749596e-01
2.712358705425308991e-01
2.720029405880873274e-01
2.722531924194788178e-01
2.714873425438836807e-01
2.700633275548637857e-01
2.699558762853007665e-01
2.717556901732064434e-01
2.742393698919620704e-01
2.774703414322026163e-01
2.804437660837828528e-01
2.826081611278880024e-01
2.837046002137655343e-01
2.835022564718666094e-01
2.845977430098763361e-01
2.868330106823711589e-01
2.884212765012190705e-01
2.854210036253094218e-01
2.819493508405527815e-01
2.775155954877698283e-01
2.715831292915048545e-01
2.643308280617386874e-01
2.560298303517275498e-01
2.474476360440358014e-01
2.387816883225341580e-01
2.301384447586416748e-01
2.215352027631770360e-01
2.130092460894731921e-01
2.071722188236651552e-01
2.061323064185076881e-01
2.059280086880987681e-01
2.055305882221714620e-01
2.051435701003939127e-01
2.052619061396516731e-01
2.053852778671026447e-01
2.058202603999467195e-01
2.060220790860681495e-01
2.059309682078967474e-01
2.054897137115336558e-01
2.047729393700509770e-01
2.037597883994662351e-01
2.024341117933950995e-01
2.021430742345375620e-01
2.016320162448053954e-01
2.009329060801308409e-01
2.000947847966789428e-01
1.991478041256876386e-01
1.981186652374863910e-01
1.979387333316482422e-01
1.982500300015301031e-01
1.980655121082785519e-01
1.973783839022210940e-01
1.963984545696240425e-01
1.957842323133438533e-01
1.963254917618892093e-01
1.978761771468930120e-01
1.992579293688076236e-01
1.999996173726381887e-01
2.015454572738152594e-01
2.033033694953842174e-01
2.045607308221479292e-01
2.053279298151903243e-01
2.055176995668608897e-01
2.050915292279631152e-01
2.040973300643406096e-01
2.024383997409018032e-01
2.004901512906105410e-01
1.985511506259300396e-01
1.963466787043400830e-01
1.941803429186619578e-01
1.918685161966697528e-01
1.899184482039532329e-01
1.880493066027390803e-01
1.860244438916942300e-01
1.840000155617513289e-01
1.824283369227899798e-01
1.809529573643205436e-01
1.795223223311708804e-01
1.782055461346938041e-01
1.771280100604008811e-01
1.759573297834149397e-01
1.750085568547599113e-01
1.765752145549307761e-01
1.780326883747230249e-01
1.795641679033667948e-01
1.814834269895175822e-01
1.833173171345667818e-01
1.850712718619888508e-01
1.867495415413333859e-01
1.885526416974996344e-01
1.903322094936950593e-01
1.920346380428211708e-01
1.936605726143880157e-01
1.954471966951971118e-01
1.974421845924598795e-01
2.000804034349398797e-01
2.030889906324503946e-01
2.060235533026093246e-01
2.087456767690826220e-01
2.109475007697780291e-01
2.127357277622225484e-01
2.141644901362826370e-01
2.152534312168524755e-01
2.160594906612747779e-01
2.163019746920342157e-01
2.158986796135474173e-01
2.153641778533807449e-01
2.146327644423295933e-01
2.136439951287543715e-01
2.123241891383162439e-01
2.107042240741856531e-01
2.091284147698026508e-01
2.074941567243576979e-01
2.061159136677463144e-01
2.048041379966514808e-01
2.032544129435091551e-01
2.015298664422119912e-01
1.996632726845408157e-01
1.976728349567989929e-01
1.955672750335636922e-01
1.933604872598234659e-01
1.917544764037779903e-01
1.904948430672953885e-01
1.893860818171274052e-01
1.882632669227110866e-01
1.870889011619166764e-01
1.858579036972341225e-01
1.844888669319357244e-01
1.829989551779438450e-01
1.814838838393776355e-01
1.798910800338844040e-01
1.782274593290311127e-01
1.765236887694694445e-01
1.745097354573275639e-01
1.725830633251217994e-01
1.709512447638898980e-01
1.699195067919554158e-01
1.687717573170903484e-01
1.675195216137639331e-01
1.661725677318230954e-01
1.647385544411711644e-01
1.632246688750160213e-01
1.616462566180983107e-01
1.600254772297528549e-01
1.585311138043695167e-01
1.569981965484414932e-01
1.554245250908843912e-01
1.540307695476656746e-01
1.532575409127616139e-01
1.524557581490694202e-01
1.515635493496706176e-01
1.505701421447974142e-01
1.512490249675351173e-01
1.527833231250533552e-01
1.547000642001340187e-01
1.566687659472922323e-01
1.584890900709184924e-01
1.601439192194338001e-01
1.616930752533440319e-01
1.635646091971449112e-01
1.654054908705137605e-01
1.671675834251349635e-01
1.688543308837441304e-01
1.703744956357303997e-01
1.719529847240825748e-01
1.736350994599319686e-01
1.756641163507479952e-01
1.780566957025596919e-01
1.804708008827345389e-01
1.825375553494614778e-01
1.840970300422138939e-01
1.851199197488518633e-01
1.856312740688802199e-01
1.856356685326355782e-01
1.848207678628170092e-01
1.843065655925446023e-01
1.841464004770100860e-01
1.837469965945481842e-01
1.831172476190190690e-01
1.820182999297172977e-01
1.807830653614839744e-01
1.793667417056224456e-01
1.788364107454843421e-01
1.784645974458100581e-01
1.777156021333358427e-01
1.767436121943942173e-01
1.752228885081685006e-01
1.731738924314853989e-01
1.707202321110372623e-01
1.681179189470649593e-01
1.655088142313532462e-01
1.645708206667600426e-01
1.642693370376261119e-01
1.636617023199675169e-01
1.628192743053666625e-01
1.616840409676563728e-01
1.603378105185168101e-01
1.589320464821902534e-01
1.576058199370118373e-01
1.563093781115020287e-01
1.554950155102207132e-01
1.550874763598382722e-01
1.547007622926248327e-01
1.543427687242003021e-01
1.547559769349809711e-01
1.553499111595259830e-01
1.559826709953851254e-01
1.566471983274466406e-01
1.573484381705372859e-01
1.580835174074539662e-01
1.588496364414678230e-01
1.596438815995195881e-01
1.604553952450247234e-01
1.612702975724547017e-01
1.622081902427572331e-01
1.633519952264326780e-01
1.649949457922372242e-01
1.671956303408875244e-01
1.694230281260317439e-01
1.716436264687285773e-01
1.738602658650692523e-01
1.760699084502301837e-01
1.782726221862235283e-01
1.805730944318593434e-01
1.830965923748096580e-01
1.855640953216032008e-01
1.879789856803981141e-01
1.902860522971484836e-01
1.925304477832283090e-01
1.946494929437624366e-01
1.962928083495375509e-01
1.986360179915616642e-01
2.005206057931474550e-01
2.021686676201202015e-01
2.035411784756497588e-01
2.046678454610149633e-01
2.059113039444423476e-01
2.074151819459033042e-01
2.082358587623477919e-01
2.083226979722098693e-01
2.075669863081783251e-01
2.063887174889789677e-01
2.045648071614005747e-01
2.023625795590674459e-01
1.997903410131334212e-01
1.969591336564464612e-01
1.940520400029788206e-01
1.912097432594414559e-01
1.883219374993563289e-01
1.853827223052434969e-01
1.824132627904555826e-01
1.793928989342588043e-01
1.763607267095103071e-01
1.734916011500903243e-01
1.711278217794195422e-01
1.687937114503849367e-01
1.664776193462324805e-01
1.641746940422080803e-01
1.618787367877291827e-01
1.595781034898441364e-01
1.573559429119348041e-01
1.554047685905115550e-01
1.536179938899007447e-01
1.519661464375832438e-01
1.526394577925184737e-01
1.533371305700239606e-01
1.540147070494243819e-01
1.546508831305553056e-01
1.552518854671716131e-01
1.558183185600907350e-01
1.563633041024738157e-01
1.568804185314419120e-01
1.573498419623502176e-01
1.577748260455786589e-01
1.581439498833235313e-01
1.586924495320343742e-01
1.599222149521641323e-01
1.611544994753793258e-01
1.624883571591545506e-01
1.639282322450293095e-01
1.653962497234926499e-01
1.668589292602629115e-01
1.682725803239259466e-01
1.695713006186480576e-01
1.705506092513232597e-01
1.714924714236813752e-01
1.722702742471456938e-01
1.727377824343770130e-01
1.729345473463679284e-01
1.728208535865492224e-01
1.725304192292488881e-01
1.721598780243274451e-01
1.718374446603199157e-01
1.713609806434480132e-01
1.707339872825330285e-01
1.699433295577790215e-01
1.689117861092998552e-01
1.681100425450994251e-01
1.670589299019445417e-01
1.657298220319359805e-01
1.643838007121006251e-01
1.632965727962422398e-01
1.625075451847437791e-01
1.616432722043582015e-01
1.607145293516354378e-01
1.597403167793262635e-01
1.588362539926575223e-01
1.579807323130932306e-01
1.570846096582208529e-01
1.565559783195080712e-01
1.558147582897587979e-01
1.548353018423239136e-01
1.536865145463912341e-01
1.525371704112467308e-01
1.513952321141953106e-01
1.505680087120379596e-01
1.498162991804918021e-01
1.488805793016547141e-01
1.478333862005698496e-01
1.467044934255484490e-01
1.454850431564038427e-01
1.441702005056251235e-01
1.436652728342764640e-01
1.434771332165914182e-01
1.432879507466854885e-01
1.430368363920160868e-01
1.427175156356009222e-01
1.423235254800667149e-01
1.418425633709252121e-01
1.414274889390244594e-01
1.410915625484676084e-01
1.406414538534626890e-01
1.400547465563906080e-01
1.393264161205111096e-01
1.384525430004903135e-01
1.389950091990989067e-01
1.403276948905748944e-01
1.415215408355182114e-01
1.425471305886731599e-01
1.435246566530460899e-01
1.444478457802520488e-01
1.455466150379024493e-01
1.465994058327461658e-01
1.475429236983043513e-01
1.485243731136792755e-01
1.498729912124379948e-01
1.511922681114120925e-01
1.524808155622467409e-01
1.538935105273873671e-01
1.552871529962713271e-01
1.568257623743389839e-01
1.584049414102837450e-01
1.599713945131845394e-01
1.615210806175299274e-01
1.630743357401688576e-01
1.648165177994453390e-01
1.665853916246888278e-01
1.683574671736551842e-01
1.701691637028019122e-01
1.722120448114251023e-01
1.745296996576716220e-01
1.768453692324639670e-01
1.791613239825982085e-01
1.814782260788547208e-01
1.838389586475146498e-01
1.862243506447711916e-01
1.885964623382902217e-01
1.909554792178350113e-01
1.933014717972791618e-01
1.956343771716253510e-01
1.979203815424061541e-01
2.001573915623975075e-01
2.025875615758342962e-01
2.049903466367776761e-01
2.073269570440181564e-01
2.095953015645129480e-01
2.117453608040525403e-01
2.137621065545241283e-01
2.156406991214400437e-01
2.171882416880458189e-01
2.183373992630745219e-01
2.192978241125828065e-01
2.203123990085286699e-01
2.211307249920164697e-01
2.217065511411411283e-01
2.220251542778420573e-01
2.220484586477369238e-01
2.219418286178112265e-01
2.221829806944389529e-01
2.223976480368269892e-01
2.225374170096943993e-01
2.227233227531944249e-01
2.229516054393332891e-01
2.231397139593297441e-01
2.233715362076897915e-01
2.235000479809109708e-01
2.237067744722008866e-01
2.238805827261718950e-01
2.241194626873200257e-01
2.245074326179853641e-01
2.251394175972015743e-01
2.257415894942504386e-01
2.262893502597779771e-01
2.267642441486215632e-01
2.271500876248213618e-01
2.275491504046789626e-01
2.279922001741322701e-01
2.284906916251916442e-01
2.290816386163065932e-01
2.297049762579937981e-01
2.304992120065511296e-01
2.313039255051744236e-01
2.321200335203171816e-01
2.329485954347799703e-01
2.337949277122938763e-01
2.346502455706332979e-01
2.355135566241307044e-01
2.363849419374015604e-01
2.372645358453917552e-01
2.381525354922127691e-01
2.391717261316971821e-01
2.402641196104611521e-01
2.413839994204355910e-01
2.426201753587351462e-01
2.438879731528660333e-01
2.451640032651493106e-01
2.464364540128763381e-01
2.476975219333461264e-01
2.489148746829047965e-01
2.501023252804340236e-01
2.512656541136755184e-01
2.524078516802679140e-01
2.535305936168210650e-01
2.546348043945202422e-01
2.557209036381811185e-01
2.567858961025698550e-01
2.578203395221752570e-01
2.586218355645378830e-01
2.592441184078819183e-01
2.592885743076214222e-01
2.588695932613179762e-01
2.583793788321117613e-01
2.581406511410605509e-01
2.578864686038223608e-01
2.578519431390988714e-01
2.579877971253617952e-01
2.581384330434416396e-01
2.575289262553585590e-01
2.562097478470716783e-01
2.542414154780503477e-01
2.517317679275685172e-01
2.495680983514816376e-01
2.473992280707180413e-01
2.452171893701070304e-01
2.430244484838757213e-01
2.408235278770314292e-01
2.386092206172094887e-01
2.365795637171862753e-01
2.347662130002007297e-01
2.327381611939983996e-01
2.305480194273543670e-01
2.282313719916967687e-01
2.258016567647743444e-01
2.232586404069529518e-01
2.205969343435641439e-01
2.178025048127563978e-01
2.148498388065697706e-01
2.117574658402477661e-01
2.086384878275882038e-01
2.054879081327015689e-01
2.022981792886142105e-01
1.990570604692640799e-01
1.960559845692027015e-01
1.932109728762970990e-01
1.904230162072175214e-01
1.876410287264087262e-01
1.848671008726517351e-01
1.821032145957855453e-01
1.793917943493511802e-01
1.767541592348076118e-01
1.741781780120867651e-01
1.716591323684576453e-01
1.691934977136956841e-01
1.667775543231897750e-01
1.644072155306930683e-01
1.620772192401329359e-01
1.597821808836478175e-01
1.575245042255255523e-01
1.553086503209332725e-01
1.531369472401216125e-01
1.509219076040833052e-01
1.488064990887175143e-01
1.466525198392170659e-01
1.444602561581747324e-01
1.421363828045039135e-01
1.397274098975724299e-01
1.372683884134099919e-01
1.347793017421337614e-01
1.322775381401780637e-01
1.303634447473959734e-01
1.316552561730071347e-01
1.328799120088035302e-01
1.341621506858464985e-01
1.360619991455916666e-01
1.377976159652062882e-01
1.392565771305681044e-01
1.405248191826324877e-01
1.415918503933219219e-01
1.424217683940282031e-01
1.434758489522458269e-01
1.445587290720370954e-01
1.453903289488873429e-01
1.461261650333176010e-01
1.469237774236212823e-01
1.478271957687100902e-01
1.484487955997993158e-01
1.487295929628922320e-01
1.488701145152833694e-01
1.490784698058995328e-01
1.489706700836471165e-01
1.484029036796528089e-01
1.473901767383641037e-01
1.459807679012766202e-01
1.441059298240358055e-01
1.418054989304432245e-01
1.394439399953751324e-01
1.370790893768903396e-01
1.349662319592446758e-01
1.328061112978936031e-01
1.306008789897830646e-01
1.283481405448380908e-01
1.260386494836527038e-01
1.237382566532242156e-01
1.214353551595570568e-01
1.191260865890952786e-01
1.171358823698731011e-01
1.154697804646327569e-01
1.145236911077618241e-01
1.136692714644956109e-01
1.128151288261533269e-01
1.120623844939475922e-01
1.113994316298460158e-01
1.107399426200170039e-01
1.100984629407834314e-01
1.094656549280584867e-01
1.087568694583332107e-01
1.080378026096873167e-01
1.076089717149740221e-01
1.072264041375990962e-01
1.067145196651922284e-01
1.059306027507980197e-01
1.050111557488098701e-01
1.047834021716828878e-01
1.045289489412493389e-01
1.050561262939181395e-01
1.058961658656254884e-01
1.067637899584089056e-01
1.076151384826831148e-01
1.084379427140402530e-01
1.092330788112363393e-01
1.099836256362217157e-01
1.106925583767571081e-01
1.114593970253003330e-01
1.122332736873356829e-01
1.130837219937619598e-01
1.138549165933835650e-01
1.143628690837867751e-01
1.144886923842763637e-01
1.143507742646963365e-01
1.140399313432838152e-01
1.137039508705877666e-01
1.133820761266270127e-01
1.130487127294304561e-01
1.126976292138304470e-01
1.123280078983383695e-01
1.119505970468520906e-01
1.115657551245714807e-01
1.111738897834569084e-01
1.111713048182188246e-01
1.112564421897393185e-01
1.113770654314953923e-01
1.114794371276774665e-01
1.115590860238721560e-01
1.116232484195337493e-01
1.116713883367434906e-01
1.117027465311750956e-01
1.117166353483902974e-01
1.117125118671036116e-01
1.119552995676959400e-01
1.125857933081392537e-01
1.132032713176671368e-01
1.137983203809581623e-01
1.144093080557768705e-01
1.149875641389015157e-01
1.155356186706436028e-01
1.160588890984261545e-01
1.165612274192587422e-01
1.170461111192220294e-01
1.175641338693884652e-01
1.180464576690879452e-01
1.183926809351884546e-01
1.186577801485964451e-01
1.188495096057518019e-01
1.189697720066436454e-01
1.190053594521388591e-01
1.189368226530167910e-01
1.188654584555186300e-01
1.187590210561170062e-01
1.186178575541901314e-01
1.184403532919968138e-01
1.181918788364274553e-01
1.178732273435294381e-01
1.175357736429439859e-01
1.171878817074687301e-01
1.168425267198579393e-01
1.169503344584074817e-01
1.175290030676527930e-01
1.179491369787824123e-01
1.182654742520591051e-01
1.186043136921595686e-01
1.188345602995242722e-01
1.189954742762666662e-01
1.191973112086208708e-01
1.194549468416403609e-01
1.196493803773704678e-01
1.197194246313900562e-01
1.197613399761466024e-01
1.196964811725178268e-01
1.195302596612717316e-01
1.192636597417823241e-01
1.189126373958052374e-01
1.185129185981739497e-01
1.179788983215455250e-01
1.173570338006593716e-01
1.166633681222860042e-01
1.158884464265941966e-01
1.150937365822344155e-01
1.143458390566077509e-01
1.136052793925120263e-01
1.128866494579146285e-01
1.121944397512606717e-01
1.115096284937642512e-01
1.108320689406259441e-01
1.101612318507299015e-01
1.096358359763198176e-01
1.092189280950596614e-01
1.088211834126537186e-01
1.084442048659876034e-01
1.080898670932959466e-01
1.077604059628177180e-01
1.074585519952950541e-01
1.071823450864854699e-01
1.069041531685512580e-01
1.066250340285400389e-01
1.063457027209103040e-01
1.060666353623622438e-01
1.057881273339684597e-01
1.055101447244664870e-01
1.052289204389783017e-01
1.049443835685915927e-01
1.046580476138122273e-01
1.043708645533240331e-01
1.040834891776093035e-01
1.040008745332473561e-01
1.047953484117090106e-01
1.056164742607233892e-01
1.064655945767121747e-01
1.073274736868842782e-01
1.082107343519518039e-01
1.091173929690887195e-01
1.100457056889405649e-01
1.109942006534520992e-01
1.119621572967317430e-01
1.130216710024596893e-01
1.142581656827210551e-01
1.154803584825530582e-01
1.168016647578653672e-01
1.181521929852993869e-01
1.193518762455695326e-01
1.203694868748638180e-01
1.212354401853627806e-01
1.221242798425677262e-01
1.231489588297648569e-01
1.242645193848403856e-01
1.252506740569049870e-01
1.260473764815326359e-01
1.266226012010467361e-01
1.270335527897761274e-01
1.272856591948552107e-01
1.273418216955697624e-01
1.271997548408259626e-01
1.268274968261621782e-01
1.262353468201034834e-01
1.254195709109662271e-01
1.244584706112756289e-01
1.233645079133290634e-01
1.225488056856325475e-01
1.218128764786555324e-01
1.211827967961861541e-01
1.205526573158605813e-01
1.199169070847560525e-01
1.192490498495903523e-01
1.185439477601855224e-01
1.178087310058573700e-01
1.170484177195846021e-01
1.162668786045227415e-01
1.154672940476436649e-01
1.148391453642845922e-01
1.142606165221544401e-01
1.139697234424342231e-01
