# game: leduc_poker 
# eval_every: 1 
# num_iterations: 1000 
# num_players: 2 
# bootstrap: False 
# truncate_negative: False 
# buffer_size: -1 
# num_hidden_layers: 0 
# num_hidden_units: 20 
# num_hidden_factors: 0 
# use_skip_connections: True 
# num_epochs: 200 
# batch_size: 5000 
# step_size: 0.01 
# 
3.377592041465772521e+00
2.644781250007627094e+00
2.307842857473693776e+00
2.226282637027916511e+00
2.230799779757195900e+00
2.287084527675544265e+00
2.294405985400577386e+00
2.285750493652479065e+00
2.297784480932851814e+00
2.303046888447512153e+00
2.331545532265913323e+00
2.333544803066121442e+00
2.331383758501974768e+00
2.335183415224892922e+00
2.339555042834472243e+00
2.345401614258240564e+00
2.344825662342550743e+00
2.344747686183208391e+00
2.347686337087227404e+00
2.351382410898810615e+00
2.360966900148521397e+00
2.367418853498425069e+00
2.376831622088561247e+00
2.384193217304023449e+00
2.384326048028947653e+00
2.394537014467259972e+00
2.399907510457859328e+00
2.402699757601168606e+00
2.405652350486857660e+00
2.402079987061132904e+00
2.392576881274827816e+00
2.381097637003964707e+00
2.370842015641528189e+00
2.360790522948424730e+00
2.356269795523688426e+00
2.350089910385209535e+00
2.343948994953799492e+00
2.337449406903707505e+00
2.333815066467336052e+00
2.324396909144520684e+00
2.321365304360049286e+00
2.318725385417867102e+00
2.317478322944967140e+00
2.320559744226708521e+00
2.322678789118138631e+00
2.327642800227516240e+00
2.330870796708015114e+00
2.334864393277376493e+00
2.337056287168609803e+00
2.337686557397154807e+00
2.335844077625076842e+00
2.333944146813264453e+00
2.332111343166754835e+00
2.328841791514220994e+00
2.325691132649848392e+00
2.322206568744940025e+00
2.319191492456647907e+00
2.316394301551989887e+00
2.312493749600773363e+00
2.309459691929397707e+00
2.306666984689714539e+00
2.306319482051768510e+00
2.308224459385875171e+00
2.310013112115890888e+00
2.311897616020970325e+00
2.314583174565012058e+00
2.319107662941460646e+00
2.323717171950671290e+00
2.329001951171950857e+00
2.334134097460498047e+00
2.335818681885379000e+00
2.340537202070033018e+00
2.346849347987925771e+00
2.351611488732691768e+00
2.353036693493759657e+00
2.354783157073304434e+00
2.355529783930257359e+00
2.358688071446970902e+00
2.362499595038248579e+00
2.366300978778710373e+00
2.370698004456338381e+00
2.374766772165033402e+00
2.374702671143308130e+00
2.375281563259918016e+00
2.375794587875818653e+00
2.375284195487521455e+00
2.379534249203963281e+00
2.383720273568023629e+00
2.387707217961764439e+00
2.391229800688631002e+00
2.392948547043372454e+00
2.394485544364558294e+00
2.395615252010681040e+00
2.396692606154329219e+00
2.397596452089914010e+00
2.397771492380440073e+00
2.394870101498397297e+00
2.392630766731870917e+00
2.391423066693816768e+00
2.389887888723215337e+00
2.388916142414146293e+00
2.387830172694506814e+00
2.386523855331793342e+00
2.385900038464167761e+00
2.384108889584513946e+00
2.382173291945954396e+00
2.380317626781412343e+00
2.378698404835109415e+00
2.377444637357571722e+00
2.376145806749020650e+00
2.375862577153900812e+00
2.375470786816163749e+00
2.374943557866463273e+00
2.373916195962958220e+00
2.372858919416451329e+00
2.371275231555797447e+00
2.369840595342005862e+00
2.368642009039688467e+00
2.367494174686259889e+00
2.366429630311630117e+00
2.365343241216229853e+00
2.363912450936531684e+00
2.362754707234582696e+00
2.361674380235638360e+00
2.361082916343428817e+00
2.360485681819244341e+00
2.359912610831209623e+00
2.359319268086630839e+00
2.358870782787186648e+00
2.358249649437291318e+00
2.357508188351738365e+00
2.357383297626646002e+00
2.357356269178636943e+00
2.357477078262196102e+00
2.357451271446052488e+00
2.357414053625393358e+00
2.357297597330372696e+00
2.356750104435145765e+00
2.355969234518632049e+00
2.354811676037457779e+00
2.353599409967033651e+00
2.352489062923013741e+00
2.351560357808998081e+00
2.350492860098292169e+00
2.349974579802278640e+00
2.349477413213461929e+00
2.349481049958543899e+00
2.349468208811406722e+00
2.349095256560355338e+00
2.348548260452889558e+00
2.348452098307105551e+00
2.348357201452839327e+00
2.348071211202451103e+00
2.347797953870577103e+00
2.347434136419427109e+00
2.346994855090495768e+00
2.346594343798977356e+00
2.346279664401620835e+00
2.346168577819190748e+00
2.345524121419006569e+00
2.344354975723036638e+00
2.343090417387322155e+00
2.341838179808249265e+00
2.340588510167306069e+00
2.339374505714046037e+00
2.338192384346492236e+00
2.337024420121239565e+00
2.335890511521834245e+00
2.334819845267608773e+00
2.333665267734241322e+00
2.332469369470432152e+00
2.331110233105204266e+00
2.329715629145184153e+00
2.328289162395534184e+00
2.326878998123156350e+00
2.325484858444913705e+00
2.324074103584284678e+00
2.322679199901988234e+00
2.321312975311245808e+00
2.320031375438304622e+00
2.318681927221514449e+00
2.317427436311222166e+00
2.316385881549622994e+00
2.315383954194942362e+00
2.314424765397082417e+00
2.313438554735021135e+00
2.312568729570233739e+00
2.311777417616403874e+00
2.311200025955091775e+00
2.310366681515215959e+00
2.309517521310408661e+00
2.308721639930051417e+00
2.308040925469756921e+00
2.307367228684364502e+00
2.306700441609643271e+00
2.305717594963812900e+00
2.304792315288179516e+00
2.303859283807983438e+00
2.302935629528652495e+00
2.302038138875506235e+00
2.301042043236580348e+00
2.299629087568823671e+00
2.298283891505305654e+00
2.296906819046366177e+00
2.295588913148056243e+00
2.294283802452693699e+00
2.292946011667480466e+00
2.291611068229658876e+00
2.290288899370238163e+00
2.289069017857254362e+00
2.287890399297512367e+00
2.286735517953698782e+00
2.285591480566212752e+00
2.284458135116972599e+00
2.283335332416141394e+00
2.282247038691004537e+00
2.281159174708430992e+00
2.280071734554529606e+00
2.278927634797995871e+00
2.277727648069693078e+00
2.276538520949826783e+00
2.275392952032305960e+00
2.274290355332184710e+00
2.273197603245492360e+00
2.272114564510715695e+00
2.271041110189555567e+00
2.269995468975507080e+00
2.269009255900668709e+00
2.268031656040490951e+00
2.267094259947231016e+00
2.266164979837495430e+00
2.265243710763221507e+00
2.264294584198907945e+00
2.263353569827483369e+00
2.262420564089039132e+00
2.261495465178917641e+00
2.260595753882686854e+00
2.259756124194032267e+00
2.258923520695270248e+00
2.258097855559027867e+00
2.257279042415645698e+00
2.256465801017150330e+00
2.255704669264552820e+00
2.254919425958494372e+00
2.254160959521554375e+00
2.253428334102006936e+00
2.252723830635276592e+00
2.251917629252601749e+00
2.250963229985318392e+00
2.250026135472637634e+00
2.249050831682375406e+00
2.248076442269723252e+00
2.247113466078037192e+00
2.246159788056115936e+00
2.245216812902212311e+00
2.244283381828124035e+00
2.243359313979229608e+00
2.242444794294465638e+00
2.241535911727309482e+00
2.240635810202662448e+00
2.239738736342484771e+00
2.238844422157704628e+00
2.237954811422938839e+00
2.237073493043346240e+00
2.236258012293735664e+00
2.235623535277352136e+00
2.235016534862829474e+00
2.234415248396074638e+00
2.233819439841357557e+00
2.233228641255518010e+00
2.232642710654812124e+00
2.232062474188572843e+00
2.231487174411206809e+00
2.230916796625399101e+00
2.230351238556048887e+00
2.229790187272706170e+00
2.229398945648873642e+00
2.229029490385603385e+00
2.228662058054077022e+00
2.228299448883463985e+00
2.227940925374658043e+00
2.227583819852004154e+00
2.227229166783311065e+00
2.226877377007698389e+00
2.226529659112240545e+00
2.226184244623577335e+00
2.225840854451579975e+00
2.225500257597736287e+00
2.225161549823203799e+00
2.224825510661053940e+00
2.224491664019252468e+00
2.224160041799890131e+00
2.223831092090143180e+00
2.223504380133543901e+00
2.223179883173281191e+00
2.222857578760067732e+00
2.222537444746962798e+00
2.222219459284300758e+00
2.221903600814719493e+00
2.221589848068287854e+00
2.221278180057731699e+00
2.220968576073753198e+00
2.220661015680447381e+00
2.220355478710799968e+00
2.220051945262282445e+00
2.219750395692531519e+00
2.219450810615108516e+00
2.219153170895348914e+00
2.218857457646284281e+00
2.218563652224649463e+00
2.218271736226965274e+00
2.217981691485691798e+00
2.217693500065465617e+00
2.217407144259397000e+00
2.217122606585446132e+00
2.216839869782865513e+00
2.216558916808707203e+00
2.216279730834401995e+00
2.216002295242395448e+00
2.215726593622853624e+00
2.215452609770427017e+00
2.215180327681073535e+00
2.214909731548943661e+00
2.214640805763322895e+00
2.214373534905627050e+00
2.214107903746459272e+00
2.213843897242712799e+00
2.213581500534734126e+00
2.213320698943534559e+00
2.213061477968052859e+00
2.212803823282466276e+00
2.212648122342754320e+00
2.212493356543713929e+00
2.212339517485877316e+00
2.212186596870169275e+00
2.212034586496213429e+00
2.211883478260967539e+00
2.211733264157473400e+00
2.211583936273068485e+00
2.211435486787973748e+00
2.211287907974335276e+00
2.211141192194684635e+00
2.210995331900619476e+00
2.210850319631510352e+00
2.210706148013227068e+00
2.210562809756889902e+00
2.210420297657640365e+00
2.210278604593434615e+00
2.210137723523858178e+00
2.209997647488955774e+00
2.209858369608090012e+00
2.209719883078811620e+00
2.209582181175753224e+00
2.209445257249540440e+00
2.209309104725720285e+00
2.209173717103712242e+00
2.209039087955594116e+00
2.208905210925789842e+00
2.208772079728925419e+00
2.208639688149730329e+00
2.208461861989021724e+00
2.208285018293292268e+00
2.208109148942996480e+00
2.207885648304445780e+00
2.207705082430783783e+00
2.207567146016452764e+00
2.207418835198222684e+00
2.207262472965477063e+00
2.207100953977056523e+00
2.206937169633387708e+00
2.206770967297654540e+00
2.206603884215023292e+00
2.206434679975107560e+00
2.206264768059285508e+00
2.206093006937078105e+00
2.205920893123006987e+00
2.205748880322611516e+00
2.205533250188134620e+00
2.205319742156739871e+00
2.205108413119562627e+00
2.204897155286695387e+00
2.204685299646716778e+00
2.204489069011075220e+00
2.204296560298263152e+00
2.204105322872557338e+00
2.203915090209485506e+00
2.203726003251939680e+00
2.203496615640844869e+00
2.203268534459337236e+00
2.203041321908776773e+00
2.202814829376337435e+00
2.202589652850619029e+00
2.202365591468292028e+00
2.202142474785788728e+00
2.201920754333428487e+00
2.201700345586169227e+00
2.201481340754048333e+00
2.201263813061612229e+00
2.201047894678577865e+00
2.200838386386211987e+00
2.200677205943690762e+00
2.200516676389950188e+00
2.200357007114748242e+00
2.200217348752153690e+00
2.200078866253903254e+00
2.199959729786402196e+00
2.199841105635780281e+00
2.199723027817962251e+00
2.199605480516491962e+00
2.199488435246558904e+00
2.199371917511574459e+00
2.199296025476581207e+00
2.199221495890347100e+00
2.199110099373031701e+00
2.198991874322194118e+00
2.198882477291434157e+00
2.198775487059116074e+00
2.198670938189216884e+00
2.198564555792051234e+00
2.198451922179518014e+00
2.198360016561443420e+00
2.198269663029768228e+00
2.198181205904725211e+00
2.198093776436402358e+00
2.198006758402244909e+00
2.197920148900246673e+00
2.197833945063330408e+00
2.197753011651223609e+00
2.197667599292158158e+00
2.197582584199520017e+00
2.197493129892504449e+00
2.197398036481288841e+00
2.197302458883936715e+00
2.197244332905725628e+00
2.197199488831270919e+00
2.197100766620518009e+00
2.197000563324522204e+00
2.196949747540138276e+00
2.196834611328244424e+00
2.196727582485510588e+00
2.196618979537836136e+00
2.196575831508070564e+00
2.196476671410599657e+00
2.196373019818423256e+00
2.196269667443867313e+00
2.196165991989885491e+00
2.196062060755831880e+00
2.195958844419652500e+00
2.195856764935429251e+00
2.195755882122301106e+00
2.195670855319167281e+00
2.195604741901410861e+00
2.195553871877417684e+00
2.195493695362071840e+00
2.195409053434013380e+00
2.195269792202195092e+00
2.195122100462101322e+00
2.194975242205051469e+00
2.194837056941773668e+00
2.194716187014196684e+00
2.194597514814510042e+00
2.194556011601179968e+00
2.194617977563186884e+00
2.194738368280074070e+00
2.194860197355968712e+00
2.195076959104504066e+00
2.195316504042018835e+00
2.195555025285769180e+00
2.195792529378107982e+00
2.196058311282243380e+00
2.196322358376867179e+00
2.196584420915685065e+00
2.196845409132565763e+00
2.197106244805668851e+00
2.197366451815757848e+00
2.197625878507503572e+00
2.197885004106811202e+00
2.198143189410876275e+00
2.198400356972020742e+00
2.198639151142108616e+00
2.198877010409896915e+00
2.199113940045571702e+00
2.199349944796401779e+00
2.199585029170378014e+00
2.199819197630904277e+00
2.200052454563004467e+00
2.200284778977761313e+00
2.200533227746665599e+00
2.200712494040596212e+00
2.200891028633587432e+00
2.201068835997870732e+00
2.201248743513184003e+00
2.201427921178593206e+00
2.201606373430318175e+00
2.201784087863901451e+00
2.201961070228920292e+00
2.202137318300796842e+00
2.202312839161112645e+00
2.202499430053634910e+00
2.202698148360987762e+00
2.202896870891036585e+00
2.203087506268178952e+00
2.203266861765696305e+00
2.203446854202830707e+00
2.203619808597250707e+00
2.203775784852949116e+00
2.203932628951854156e+00
2.204114232174697818e+00
2.204285387943191399e+00
2.204457100749339649e+00
2.204629425773897644e+00
2.204779923751224668e+00
2.204930938107806604e+00
2.205083536725682691e+00
2.205215217414741247e+00
2.205354171208508074e+00
2.205486868441048465e+00
2.205621251253155890e+00
2.205757201313931049e+00
2.205894565285059894e+00
2.206033426368053441e+00
2.206173299526379861e+00
2.206314290569122427e+00
2.206440469578209385e+00
2.206577408125228512e+00
2.206715042501622204e+00
2.206837243174439855e+00
2.206959898286589894e+00
2.207085504741197912e+00
2.207195617028695267e+00
2.207306239382420543e+00
2.207197914569497321e+00
2.207090749539926566e+00
2.206984756674876813e+00
2.206880872622475565e+00
2.206792712975719439e+00
2.206705669359656508e+00
2.206619796997644656e+00
2.206510714593988176e+00
2.206402494193385078e+00
2.206293976353390196e+00
2.206174823321355838e+00
2.206025677167447352e+00
2.205877688544538806e+00
2.205732103631110164e+00
2.205585195372717688e+00
2.205437783543199970e+00
2.205291520257235849e+00
2.204446304367414289e+00
2.203602669497859434e+00
2.202759814830455465e+00
2.201947689611064796e+00
2.201137046451481893e+00
2.200327542650724943e+00
2.199579749317573274e+00
2.198832910752810399e+00
2.198089164477082136e+00
2.197352929239216657e+00
2.196667328752472503e+00
2.195967677601422530e+00
2.195268620788639602e+00
2.194571274267180794e+00
2.193875742326962364e+00
2.193182211860289055e+00
2.192491169948308283e+00
2.191802523455053553e+00
2.191115815411611933e+00
2.190401649108747684e+00
2.189704790146295821e+00
2.189008177981680792e+00
2.188313768982359520e+00
2.187621563689655879e+00
2.186931788540761090e+00
2.186216257421746079e+00
2.185477995764373738e+00
2.184746978421205910e+00
2.184021996723726655e+00
2.183301708494037374e+00
2.182588197988021506e+00
2.181881680003517676e+00
2.181183941891300382e+00
2.180493317018225685e+00
2.179822434137121512e+00
2.179157760820144674e+00
2.178499054867261808e+00
2.177846372528834173e+00
2.177199351676601058e+00
2.176557876668747227e+00
2.175993962221420830e+00
2.175434153557112005e+00
2.174830751918694016e+00
2.174254415026259046e+00
2.173674332537022025e+00
2.173061710764933707e+00
2.172462903082258201e+00
2.171867153638374681e+00
2.171266621284245080e+00
2.170668487467840357e+00
2.170051587992364084e+00
2.169458895804540433e+00
2.168869473420797167e+00
2.168282278401822971e+00
2.167698261299821016e+00
2.167116377216125045e+00
2.166537670884307154e+00
2.165960952713656518e+00
2.165386416675537440e+00
2.164822887321858680e+00
2.164292386940799062e+00
2.163762933659913124e+00
2.163235470960237716e+00
2.162709063196599502e+00
2.162185039577725121e+00
2.161661629883456559e+00
2.161140859368045675e+00
2.160619972390472654e+00
2.160101726391429722e+00
2.159568288539503556e+00
2.159037367221797510e+00
2.158495432535991743e+00
2.157967383459567845e+00
2.157440316813115544e+00
2.156915639375184490e+00
2.156380238246105474e+00
2.155858345124950226e+00
2.155336917877412439e+00
2.154817867255643726e+00
2.154299190368554662e+00
2.153782606202234717e+00
2.153266472410503951e+00
2.152752524795338296e+00
2.152239096499542370e+00
2.151727968286841097e+00
2.151217402404282719e+00
2.150708261835486024e+00
2.150200348908677839e+00
2.149693602215545951e+00
2.149187906622062272e+00
2.148683277862732055e+00
2.148179720726750563e+00
2.147677355019698808e+00
2.147176186092070616e+00
2.146657640692548163e+00
2.146130083805773747e+00
2.145603523246998101e+00
2.145059975087330706e+00
2.144517561215510071e+00
2.143976298527461744e+00
2.143446339999552031e+00
2.142907798433661082e+00
2.142370558354727894e+00
2.141834774947714237e+00
2.141300491758449720e+00
2.140767526307919333e+00
2.140235678562309118e+00
2.139705012476050161e+00
2.139175427428888554e+00
2.138627493080456521e+00
2.138060573577556411e+00
2.137534372839550834e+00
2.137009329838510219e+00
2.136465879890121489e+00
2.135923666025169254e+00
2.135382754547054063e+00
2.134842970912147031e+00
2.134312866402862330e+00
2.133801005134404960e+00
2.133290481822916362e+00
2.132781268641125827e+00
2.132259695682271250e+00
2.131739518198199956e+00
2.131220558397528109e+00
2.130702964585641901e+00
2.130186727458789786e+00
2.129671579519852198e+00
2.129157776771966937e+00
2.128645240172350572e+00
2.128118705613651684e+00
2.127593444868248973e+00
2.127054481822254317e+00
2.126516838428318401e+00
2.125980550106467692e+00
2.125445617239847262e+00
2.124912071737780295e+00
2.124379822339752089e+00
2.123848833731862840e+00
2.123319216777758811e+00
2.122791060262125384e+00
2.122264187963409654e+00
2.121738587873526427e+00
2.121214293658076677e+00
2.120691278612034658e+00
2.120169489775599381e+00
2.119648958860346433e+00
2.119129618858329955e+00
2.118611534891139403e+00
2.118094690327443796e+00
2.117579002774730323e+00
2.117064500410910100e+00
2.116551251883639573e+00
2.116039149674818987e+00
2.115528236201157153e+00
2.115017448341443451e+00
2.114506621082139048e+00
2.113997025039605848e+00
2.113488640763645066e+00
2.112981584752512187e+00
2.112475818855670262e+00
2.111971297283258941e+00
2.111469360099682113e+00
2.110970171624969360e+00
2.110472212315795293e+00
2.109975371039880976e+00
2.109479599179874931e+00
2.108984490958892621e+00
2.108494625028722425e+00
2.108004974266477927e+00
2.107515632936529659e+00
2.107026642210822587e+00
2.106575332321379168e+00
2.106124616521483084e+00
2.105674458089498824e+00
2.105224812777610754e+00
2.104775710155547319e+00
2.104327329931948931e+00
2.103879661448444072e+00
2.103432705007617365e+00
2.102986213154014461e+00
2.102540212470652037e+00
2.102094685010484021e+00
2.101649861110053141e+00
2.101206272914788453e+00
2.100764019492157519e+00
2.100323110606367116e+00
2.099883336034124248e+00
2.099444507051139830e+00
2.099006888511325997e+00
2.098570210054456986e+00
2.098134587606689028e+00
2.097699737508952111e+00
2.097265550384962651e+00
2.096830929123405518e+00
2.096409969109780391e+00
2.095990197400233512e+00
2.095564245092860212e+00
2.095137367976217746e+00
2.094708469719825938e+00
2.094292116341443410e+00
2.093876298554032900e+00
2.093461131884716053e+00
2.093046575939701448e+00
2.092632672921538095e+00
2.092219396148152555e+00
2.091806765674692148e+00
2.091394750398020363e+00
2.090983399054469505e+00
2.090572543980957043e+00
2.090162255473082542e+00
2.089752371138927423e+00
2.089343170574411879e+00
2.088934514270105680e+00
2.088526593448930324e+00
2.088119472638100049e+00
2.087713272008175025e+00
2.087307979847901951e+00
2.086903526810377052e+00
2.086499847800425300e+00
2.086096323429943666e+00
2.085690465371012436e+00
2.085195989079126733e+00
2.084726948493257570e+00
2.084257667139568504e+00
2.083788029926878949e+00
2.083318234377274258e+00
2.082848806233210226e+00
2.082377929630467417e+00
2.081876194487392695e+00
2.081331236653378713e+00
2.080799553425702442e+00
2.080267926950612800e+00
2.079736497317952626e+00
2.079204269596307775e+00
2.078646227522052747e+00
2.078174715656069704e+00
2.077703093272763812e+00
2.077230562946959402e+00
2.076756784477507001e+00
2.076284341662038457e+00
2.075811082850611999e+00
2.075339333500470396e+00
2.074865633364331163e+00
2.074351452881541213e+00
2.073879454952928914e+00
2.073409167775228212e+00
2.072939817757543768e+00
2.072472029225669310e+00
2.072005257891222474e+00
2.071540072960567525e+00
2.071075721108948109e+00
2.070612991250191381e+00
2.070150422590462558e+00
2.069689365370146028e+00
2.069229049573133139e+00
2.068796301146496486e+00
2.068364115594628849e+00
2.067933524802696876e+00
2.067544766168496029e+00
2.067116215982619742e+00
2.066729460297727972e+00
2.066344149099045957e+00
2.065959283595734775e+00
2.065575885632780384e+00
2.065192904336369040e+00
2.064811373085731372e+00
2.064368024440820015e+00
2.063961302621134752e+00
2.063556369367464338e+00
2.063181599134287669e+00
2.062796857437535714e+00
2.062421386075908192e+00
2.062054337993812325e+00
2.061693474021367489e+00
2.061336880133362470e+00
2.060984891193438528e+00
2.060635902680168829e+00
2.060297145156265497e+00
2.059961407459529603e+00
2.059627870075975586e+00
2.059313857025947936e+00
2.059059946889607140e+00
2.058801556570706737e+00
2.058549729042438159e+00
2.058303955576810562e+00
2.058063229701488250e+00
2.057826734294699200e+00
2.057581367522248073e+00
2.057355506607200901e+00
2.057120124061345923e+00
2.056888261058216649e+00
2.056661221604787038e+00
2.056438329902912088e+00
2.056219763797106914e+00
2.056005064742632893e+00
2.055787151864771456e+00
2.055540011864817274e+00
2.055287934941986805e+00
2.055031172033478626e+00
2.054770697797235535e+00
2.054515639472965116e+00
2.054254192312433780e+00
2.053989149113547796e+00
2.053717510189726703e+00
2.053438682930242898e+00
2.053157548280510891e+00
2.052875060827072939e+00
2.052592217099588723e+00
2.052309101590668483e+00
2.052037955942385139e+00
2.051762080771615260e+00
2.051486693814680962e+00
2.051219913412775320e+00
2.050954769952753054e+00
2.050677792366275565e+00
2.050395596164268586e+00
2.050114681802628347e+00
2.049834850951166132e+00
2.049554912263326312e+00
2.049280184919398451e+00
2.049009647951444357e+00
2.048753254696380033e+00
2.048509963393641442e+00
2.048281746317901053e+00
2.048073831538798295e+00
2.047856122684558411e+00
2.047639034979301442e+00
2.047426952690429403e+00
2.047211596944650047e+00
2.047007504340333739e+00
2.046831006803508934e+00
2.046656798933306209e+00
2.046512764827704611e+00
2.046388861774916634e+00
2.046280021127173665e+00
2.046192726464438394e+00
2.046146517991323854e+00
2.046104412569008435e+00
2.046110503524457780e+00
2.046119161105380169e+00
2.046131995110535229e+00
2.046139250950785637e+00
2.046172277987066135e+00
2.046191342861151785e+00
2.046181909240019081e+00
2.046180873947458512e+00
2.046184001815647857e+00
2.046213757911544917e+00
2.046268373596366708e+00
2.046327194784383074e+00
2.046385190666182297e+00
2.046437178180882110e+00
2.046488543195331911e+00
2.046527971839048110e+00
2.046590136185834297e+00
2.046632950582910837e+00
2.046683575847210612e+00
2.046756021258391733e+00
2.046806242385323937e+00
2.046859127570693992e+00
2.046912411077315586e+00
2.046966593578911642e+00
2.047040094222001283e+00
2.047123502369380343e+00
2.047207005750213415e+00
2.047292851828566462e+00
2.047375316657132682e+00
2.047457779124143507e+00
2.047529092752664592e+00
2.047570993339128620e+00
2.047607379910521885e+00
2.047645766223747721e+00
2.047661366445653108e+00
2.047655504190245779e+00
2.047646899257289377e+00
2.047638807104742664e+00
2.047610626531064515e+00
2.047582832899839556e+00
2.047549925056568298e+00
2.047517695078957978e+00
2.047503404586304754e+00
2.047483218260355731e+00
2.047444724283557171e+00
2.047411761403983288e+00
2.047364835763454849e+00
2.047321509826733887e+00
2.047298665412903951e+00
2.047278899238903271e+00
2.047262972872359477e+00
2.047251214204555136e+00
2.047243836218374469e+00
2.047238331336107109e+00
2.047228163444233751e+00
2.047210862682078858e+00
2.047193096717442096e+00
2.047169763393386521e+00
2.047149639582903191e+00
2.047129270362725961e+00
2.047128381294297306e+00
2.047126376727029573e+00
2.047119332798054803e+00
2.047113651955227098e+00
2.047105286064554441e+00
2.047109438983145235e+00
2.047121396108010138e+00
2.047138830689014810e+00
2.047179886425546158e+00
2.047224994710182600e+00
2.047243621083755905e+00
2.047257578626046293e+00
2.047279246224075422e+00
2.047305927199454256e+00
2.047349700712183473e+00
2.047401928684851047e+00
2.047475562059105414e+00
2.047548297258211747e+00
2.047628158827525358e+00
2.047719253786436155e+00
2.047819757477084224e+00
2.047924654842759207e+00
2.048034345272895518e+00
2.048148132981524316e+00
2.048275915272196546e+00
2.048399338315881835e+00
2.048522385260380219e+00
2.048647755472225995e+00
2.048796864126522177e+00
2.048946225047433956e+00
2.049099945387037991e+00
2.049258141868167016e+00
2.049421676633071954e+00
2.049589372907716367e+00
2.049775988343572664e+00
2.049969264073664199e+00
2.050287042476234944e+00
2.050629653415477538e+00
2.050974706231866840e+00
2.051296111281071255e+00
2.051615705400990475e+00
2.051917625130091238e+00
2.052219961480891808e+00
2.052542730086503120e+00
2.052872893599596793e+00
2.053211142502485931e+00
2.053539333040679260e+00
2.053879749724619952e+00
2.054215896212296943e+00
2.054569534306936784e+00
2.054923215304662598e+00
2.055256809795070971e+00
2.055588905897119290e+00
2.055916809032127812e+00
