# game: leduc_poker 
# eval_every: 1 
# num_iterations: 1000 
# num_players: 2 
# bootstrap: False 
# truncate_negative: False 
# buffer_size: -1 
# num_hidden_layers: 4 
# num_hidden_units: 20 
# num_hidden_factors: 0 
# use_skip_connections: True 
# num_epochs: 200 
# batch_size: 5000 
# step_size: 0.01 
# 
2.503046986526382689e+00
2.063817863716292500e+00
1.766130155299036941e+00
1.398825068518069648e+00
1.157138362843662449e+00
1.032776254769220525e+00
9.393160224133331182e-01
8.761281345246944019e-01
8.177607062707394903e-01
7.609525628315795265e-01
7.323531626922246129e-01
7.185506036948161590e-01
7.259083007932236598e-01
7.194325629039184378e-01
7.165075438904422445e-01
7.098857389775248272e-01
7.072955170966903626e-01
7.023039380762787776e-01
6.910987355597842940e-01
6.774062642535851886e-01
6.678463566091280557e-01
6.609410535473525528e-01
6.571119051125342558e-01
6.516458585520972235e-01
6.476078963783861164e-01
6.381878334942799880e-01
6.303920964364508883e-01
6.232381821368068175e-01
6.155841355958462380e-01
6.126894628492643990e-01
6.096296993358396588e-01
6.059831382592194560e-01
6.019463233721953355e-01
5.949036042566760996e-01
5.865950338211977089e-01
5.785119680669024156e-01
5.741179814682770832e-01
5.705453206056183557e-01
5.671036564402451852e-01
5.652046972571954653e-01
5.609515307515378080e-01
5.595324249022787244e-01
5.555176618619784845e-01
5.499548381745036352e-01
5.437051786656580399e-01
5.385306728915850716e-01
5.322894590311868512e-01
5.269634021003843927e-01
5.218730409481452392e-01
5.179290010056583071e-01
5.140676985799422782e-01
5.102933760767031091e-01
5.070726438709460826e-01
5.041045466062480385e-01
5.004970012357057296e-01
4.970230513366457603e-01
4.922068129507201628e-01
4.906499641687763202e-01
4.887977650558172904e-01
4.869176252458353171e-01
4.861685483982992051e-01
4.854822913044522514e-01
4.847163982750566924e-01
4.848127311741841639e-01
4.856721999589294070e-01
4.854005831806941229e-01
4.833438197504792422e-01
4.794715033309070451e-01
4.764004297110547292e-01
4.730387344825787155e-01
4.702994289022358609e-01
4.679618738059814764e-01
4.666986771428002223e-01
4.652460766291087180e-01
4.626993695022052488e-01
4.597923962885057114e-01
4.579435634709647096e-01
4.575698141426349785e-01
4.577883965920975240e-01
4.557335720450835792e-01
4.536548319088312686e-01
4.533114819121598082e-01
4.531422930327355658e-01
4.520584471801990523e-01
4.517608462293212224e-01
4.503577566720691761e-01
4.503900842386250325e-01
4.481444074798692778e-01
4.465484267205439006e-01
4.435217359063959863e-01
4.427463675008913024e-01
4.412800720725787995e-01
4.401638728322109229e-01
4.389374123948289186e-01
4.381863778284330047e-01
4.377772371850432442e-01
4.370674768760540174e-01
4.362992174949598678e-01
4.360825597274642917e-01
4.359035991602572824e-01
4.363300021469752599e-01
4.360832331316173427e-01
4.356687867347071030e-01
4.350271196619169833e-01
4.334290627455908429e-01
4.317078288555883381e-01
4.299564825636594811e-01
4.281343392577520168e-01
4.264280305681731331e-01
4.250758689865047346e-01
4.238975245441119477e-01
4.220508454779819396e-01
4.205066965059582884e-01
4.191735342739993930e-01
4.181087649603612011e-01
4.164024436724418909e-01
4.151666642424036713e-01
4.153997897780880577e-01
4.148468074419013885e-01
4.143993086673483095e-01
4.143324194555437767e-01
4.139538041003912872e-01
4.137251402411882828e-01
4.143130649906293650e-01
4.144227358705150910e-01
4.144476012886064709e-01
4.143688627579188433e-01
4.146869354652158446e-01
4.150643231126311394e-01
4.157241933434396297e-01
4.168129643360603542e-01
4.186071931723290840e-01
4.199752147317756812e-01
4.213098213693013405e-01
4.220047834611388993e-01
4.226975850876420471e-01
4.233108103975999903e-01
4.239506683227645123e-01
4.250680582117842277e-01
4.251578627177324265e-01
4.259974845534382215e-01
4.268332325631561952e-01
4.273980489330261312e-01
4.272835390931112309e-01
4.267481078379725123e-01
4.259427837622162816e-01
4.252608138704564444e-01
4.240596984640520040e-01
4.230347544929775605e-01
4.216555825110765987e-01
4.200978338066950757e-01
4.193253706505669642e-01
4.182941868113361217e-01
4.175410405353879861e-01
4.165888207895982465e-01
4.158940433462466335e-01
4.149211028835727566e-01
4.140768254209522548e-01
4.132754428488902843e-01
4.127102216905769172e-01
4.117917299295171807e-01
4.113885986530338434e-01
4.106814971808090409e-01
4.098305759059568398e-01
4.089249428601804404e-01
4.084581859365600254e-01
4.078508897595456983e-01
4.074139285679446165e-01
4.067878169249955489e-01
4.060302953087270295e-01
4.057590180553495296e-01
4.052323699590341111e-01
4.052089238461232812e-01
4.046688508920676108e-01
4.041824733880114429e-01
4.034710258681200035e-01
4.028805619146764716e-01
4.020959388518136057e-01
4.017832747473473187e-01
4.017311835212069582e-01
4.019383842810096974e-01
4.018833842072832563e-01
4.019621598837535004e-01
4.014036716504933988e-01
4.009493202267250256e-01
4.003621676980445576e-01
3.997777541805107582e-01
3.994503017782375931e-01
3.989728766616359446e-01
3.984050735176173363e-01
3.975216784763744293e-01
3.965581741978710384e-01
3.959806833928679604e-01
3.949634579897306486e-01
3.939917855008465142e-01
3.935104110245578046e-01
3.926991109644457079e-01
3.919697895285088607e-01
3.912258444708660576e-01
3.902302388203159889e-01
3.899373151245431601e-01
3.894977172629527362e-01
3.889108685609183880e-01
3.886049021455761920e-01
3.880255495102605812e-01
3.875919614273038993e-01
3.874926397624240404e-01
3.870822598365568634e-01
3.865127872659563368e-01
3.858672495372447164e-01
3.853351652880944167e-01
3.847353995469184884e-01
3.841599143573817265e-01
3.832958036908971078e-01
3.826660336138497098e-01
3.821117767408900301e-01
3.816279518556586758e-01
3.812372438745746384e-01
3.806460463876516487e-01
3.801599253866386752e-01
3.798350024863904606e-01
3.796432405758714546e-01
3.795046582774672106e-01
3.795198639762834558e-01
3.794025900398312889e-01
3.790637594421981671e-01
3.784903330052823422e-01
3.778279413296405931e-01
3.771967370542765319e-01
3.767078541198437547e-01
3.765769348739950173e-01
3.756579265692965852e-01
3.746918904612044354e-01
3.741737525589527991e-01
3.731610300193958230e-01
3.721117396999212845e-01
3.714117269103658359e-01
3.707905551250286202e-01
3.698993529860997165e-01
3.690539618028302327e-01
3.680459960174320422e-01
3.671499521640115837e-01
3.660473152442759170e-01
3.654688791062836728e-01
3.645694244296782127e-01
3.638458666404560393e-01
3.630144893519625660e-01
3.621189737856294610e-01
3.616999108145089181e-01
3.613778464324079454e-01
3.609395191589747087e-01
3.605351422839705444e-01
3.602149899414694434e-01
3.598385445941632010e-01
3.595455349290452851e-01
3.595688966511438878e-01
3.595983907370123855e-01
3.593318571811390250e-01
3.594889351098266572e-01
3.594908710034082633e-01
3.596724351608013293e-01
3.602005791288831471e-01
3.606117006679464554e-01
3.607807303980701263e-01
3.608985242870597077e-01
3.611733718032117402e-01
3.615031734463871604e-01
3.622955460034390507e-01
3.628595169173470802e-01
3.634596582253799557e-01
3.642173572975547780e-01
3.644122696785898063e-01
3.648071557895714578e-01
3.651516695035310622e-01
3.653872522193566397e-01
3.657730850184450211e-01
3.660070702940632636e-01
3.660343071954377248e-01
3.661305448642266924e-01
3.661443042269507675e-01
3.660378632192212711e-01
3.663702668128283602e-01
3.662489105577102499e-01
3.663808849439600945e-01
3.661645725379754079e-01
3.662202385176576702e-01
3.661206433854030662e-01
3.659512487170507589e-01
3.660836283809559832e-01
3.662011582017137834e-01
3.664298920051681785e-01
3.666132380946209857e-01
3.666656302575247439e-01
3.669377665303285019e-01
3.674520831426524303e-01
3.679482006011852713e-01
3.683798202264663146e-01
3.690060337053102102e-01
3.694776450861465555e-01
3.700875310388493933e-01
3.705056298624694877e-01
3.708312999456119807e-01
3.710470470801375820e-01
3.712350742675278870e-01
3.715948241835983490e-01
3.721110127255491395e-01
3.723663754406936199e-01
3.725863766653146891e-01
3.727226048096961564e-01
3.727341072848296966e-01
3.727159748472674838e-01
3.726482683250181838e-01
3.724440542963411982e-01
3.724405775431932630e-01
3.723072531062979196e-01
3.725285441572172562e-01
3.724672040912131443e-01
3.724622496006186889e-01
3.723441572095325114e-01
3.722400172013273778e-01
3.721601096209611881e-01
3.724239640966481302e-01
3.721853876421744589e-01
3.719446402602827328e-01
3.717274770414491503e-01
3.716902116707470061e-01
3.714786658318730006e-01
3.713183552026829704e-01
3.712222071264322243e-01
3.711063108033971214e-01
3.709178684560097694e-01
3.708802214879494685e-01
3.705526617855273708e-01
3.702062643231870953e-01
3.700332977478928420e-01
3.699228192571567542e-01
3.696740623531575842e-01
3.694681165640289477e-01
3.692073633430668078e-01
3.688319897267626768e-01
3.686164016870226989e-01
3.685151772964924688e-01
3.689499112841150841e-01
3.688284820577581447e-01
3.689157911762484532e-01
3.690194552166148889e-01
3.690833898691119330e-01
3.694037673737714522e-01
3.695273062968450484e-01
3.699556553774338563e-01
3.700218362309282139e-01
3.701559201332858540e-01
3.703008204028923611e-01
3.704594085272482906e-01
3.709661985244038229e-01
3.710738882830961760e-01
3.713029467836883035e-01
3.713148289768822830e-01
3.713669012921545498e-01
3.712785763346151402e-01
3.712394813997824672e-01
3.711320175786728681e-01
3.711574806128874471e-01
3.711717758520713950e-01
3.711244116264720283e-01
3.710087795687754264e-01
3.709126840083896148e-01
3.707464847728802471e-01
3.709679923451385530e-01
3.708727186716503921e-01
3.705897039708894170e-01
3.704411791391055697e-01
3.703073696801121306e-01
3.702980740590987585e-01
3.701594699650668230e-01
3.701445011174838151e-01
3.701160464658759253e-01
3.702890955990764121e-01
3.703978255207509007e-01
3.704824415963111628e-01
3.706434165581126150e-01
3.706105333359182574e-01
3.705505837274887249e-01
3.706418093137697767e-01
3.705601699501730462e-01
3.704760884162816015e-01
3.705091894898845384e-01
3.704223490132770857e-01
3.704756774297668365e-01
3.706886732710458210e-01
3.708785931223955168e-01
3.711164741886217588e-01
3.710511198821199730e-01
3.711024862822637216e-01
3.711798244188748153e-01
3.712203940334912744e-01
3.712607788899026096e-01
3.712101564438539669e-01
3.713928868421516039e-01
3.716119004409655924e-01
3.713606132946098981e-01
3.714589707098755467e-01
3.712693481329606970e-01
3.710344620243761216e-01
3.704210568762994482e-01
3.698569172474396316e-01
3.694409953676509595e-01
3.687328000737305489e-01
3.683628467189096201e-01
3.681376740018676430e-01
3.678702126065497846e-01
3.676388919328462679e-01
3.672954130487930957e-01
3.670463083595750242e-01
3.667239181386048874e-01
3.663506127242829313e-01
3.659825215418498479e-01
3.655771700034027849e-01
3.653194690562456826e-01
3.649667690839673018e-01
3.645377851036917249e-01
3.641556183448382833e-01
3.637496041660714940e-01
3.633086760810660953e-01
3.628101282947648332e-01
3.624055546332921041e-01
3.621125065472806104e-01
3.616446498475773819e-01
3.611430912750070998e-01
3.607666116673458045e-01
3.603763187118079747e-01
3.600300645610502448e-01
3.598408762514597736e-01
3.595578877337429757e-01
3.593335273381081940e-01
3.590357789292882851e-01
3.587977031178427034e-01
3.586292099868697014e-01
3.584733992262595370e-01
3.582747297425927790e-01
3.581884862358765131e-01
3.580228518473121957e-01
3.578961555560663532e-01
3.579112615600509306e-01
3.579459981556242232e-01
3.579430972365305053e-01
3.579113055651794717e-01
3.577404254509015669e-01
3.577139531394281646e-01
3.577344848748407191e-01
3.577615271474768877e-01
3.577685505467964600e-01
3.576812116083327164e-01
3.573915208629360185e-01
3.572135875749444800e-01
3.569398227280098368e-01
3.567797487489849373e-01
3.566047515392332667e-01
3.563290654257782464e-01
3.560207546296446646e-01
3.559532728309245941e-01
3.558120020247187432e-01
3.555574157916934208e-01
3.555593396084723579e-01
3.555378215499169214e-01
3.553745773103660355e-01
3.552062048154369100e-01
3.549649622915057035e-01
3.546426681256017455e-01
3.542103019341952819e-01
3.537434583369779006e-01
3.535559284458561491e-01
3.530900096407304511e-01
3.527575987338841812e-01
3.524578395287802923e-01
3.521200011764863969e-01
3.519299651628460257e-01
3.515414292216228476e-01
3.513445471638971251e-01
3.512615161246951390e-01
3.510953057527566590e-01
3.506804965920338746e-01
3.504805865200771309e-01
3.502138750899774777e-01
3.499608509972541026e-01
3.498869485081395059e-01
3.496026675019622276e-01
3.493337046510072152e-01
3.490598541382339826e-01
3.488158870488450858e-01
3.485794800328423371e-01
3.482772421745395919e-01
3.480553814053415906e-01
3.478233653563301830e-01
3.476946510596820028e-01
3.474574606300801505e-01
3.471827116498418797e-01
3.469493421995017979e-01
3.468121964325862616e-01
3.466785463365543163e-01
3.464918261476291894e-01
3.463438658221731359e-01
3.462823731167764540e-01
3.460710041236497170e-01
3.458804937048119421e-01
3.457059458307011890e-01
3.454972834206344601e-01
3.451622113560017802e-01
3.449607598456546076e-01
3.447320184507132179e-01
3.443872700141780152e-01
3.442506751796421960e-01
3.441232635555386277e-01
3.438025132343783818e-01
3.435397780390375688e-01
3.432238206134616276e-01
3.429001067583806739e-01
3.427761901566969693e-01
3.425874078383446264e-01
3.423140993119204722e-01
3.419617118978576786e-01
3.417094396095704534e-01
3.414623403923510159e-01
3.412853381096306871e-01
3.412239704153658404e-01
3.411114747669210523e-01
3.412865874482116646e-01
3.410791295900105213e-01
3.408383512955726058e-01
3.407438604219461542e-01
3.406633012422711770e-01
3.405422090512177369e-01
3.402998535560599058e-01
3.402049877095951746e-01
3.400185005765005708e-01
3.398313009612709545e-01
3.397066239532111620e-01
3.394452184860879962e-01
3.391397066595627785e-01
3.388586524817465140e-01
3.385747511109686858e-01
3.382463848524333572e-01
3.380665467250180689e-01
3.378059545455983637e-01
3.375544965822314114e-01
3.373057782835059415e-01
3.370906432326662427e-01
3.369005079615957632e-01
3.366507565764627619e-01
3.363682847648147289e-01
3.360983050792338278e-01
3.358378349897193638e-01
3.355468220015612735e-01
3.352722643802753533e-01
3.349955752072972803e-01
3.346961269151987883e-01
3.344805486672521866e-01
3.341705928325491293e-01
3.339440221722572710e-01
3.338163305737943398e-01
3.335436389356152276e-01
3.332242747939114791e-01
3.328103290864007358e-01
3.324406922286787247e-01
3.322435200828093849e-01
3.319003090614083828e-01
3.315749991718439094e-01
3.312097505307672884e-01
3.311392493782362445e-01
3.307887042309366477e-01
3.304663063582332083e-01
3.302173987991986470e-01
3.299148473082685884e-01
3.296330022482691358e-01
3.292915306860251801e-01
3.289719292853579002e-01
3.286765255093022642e-01
3.284402317550497719e-01
3.281278091965674215e-01
3.282514906535136667e-01
3.279521092013870098e-01
3.277311612322245105e-01
3.276420857130565856e-01
3.275410517755203976e-01
3.274224562763507484e-01
3.272682485967080557e-01
3.270779202445731615e-01
3.269054076908932127e-01
3.266974393732417492e-01
3.265665181739578760e-01
3.263095187513687101e-01
3.259537154129926173e-01
3.260581967592928176e-01
3.257321049524578571e-01
3.254921720405419272e-01
3.252771210030229732e-01
3.250121310871653124e-01
3.247899969601356074e-01
3.245848668026509176e-01
3.243673111180507274e-01
3.242071923727276594e-01
3.241321814991660055e-01
3.239359931170266993e-01
3.237787709302769046e-01
3.236122796446613270e-01
3.233902179263737908e-01
3.233735825190813262e-01
3.232614178800229388e-01
3.230871258900659404e-01
3.229723534355044556e-01
3.228905425420892095e-01
3.227462955713433779e-01
3.226428124029384059e-01
3.224920642013616168e-01
3.222815945153386652e-01
3.220775433930546661e-01
3.218184243176309134e-01
3.216453298700309160e-01
3.215320547385303596e-01
3.214359738290950008e-01
3.213101680195290522e-01
3.211802633083383207e-01
3.212385315274397524e-01
3.210443913209080624e-01
3.208224508518792151e-01
3.206767391811083390e-01
3.205618717223315262e-01
3.203910104091991506e-01
3.202779962835701766e-01
3.201743571461542759e-01
3.200527355240164740e-01
3.199413326150379877e-01
3.198660797448895643e-01
3.198296456065511939e-01
3.198345286000395804e-01
3.198387430217055627e-01
3.199116790375507446e-01
3.200637540177290741e-01
3.201825263188116666e-01
3.202819080050846590e-01
3.204203447614774047e-01
3.205613194424513646e-01
3.207062258951560163e-01
3.208865546669014135e-01
3.210921289759118280e-01
3.212995688573491160e-01
3.215002551732660252e-01
3.216166648355126556e-01
3.217984832328782407e-01
3.219639248068997261e-01
3.221420083533489409e-01
3.224225843033204919e-01
3.225628672283913922e-01
3.226992015095433430e-01
3.228711352602122719e-01
3.229008002333967342e-01
3.230412343423962329e-01
3.232474776908176306e-01
3.233694511307826369e-01
3.235735971388025156e-01
3.237298333753060309e-01
3.237631491006840445e-01
3.239193104066138695e-01
3.239841614211990684e-01
3.239565930312988673e-01
3.240563532132770264e-01
3.240585618776847809e-01
3.241129632894440560e-01
3.242281659753299961e-01
3.243292185285091556e-01
3.242986863411398968e-01
3.243337306555031940e-01
3.243212180791974486e-01
3.243690368030237581e-01
3.243661426246894353e-01
3.243508232065952512e-01
3.243971609417636848e-01
3.244977327883540319e-01
3.245352511384658190e-01
3.245646854766436329e-01
3.245423455448399608e-01
3.245900378759546956e-01
3.246870455401768552e-01
3.247718176490145825e-01
3.248216504609647837e-01
3.248272978549317513e-01
3.248370395781033926e-01
3.248545488847102147e-01
3.248860948204775889e-01
3.249112404800839626e-01
3.249591597607356386e-01
3.250460145699946013e-01
3.250294389302613163e-01
3.250831334683231821e-01
3.252210960345226498e-01
3.252723241141367572e-01
3.253323873028532431e-01
3.253522767104286006e-01
3.253147189595531064e-01
3.254064705238051691e-01
3.253472040029815604e-01
3.253002648102119032e-01
3.254100003856160717e-01
3.254042976283591515e-01
3.254484230523493893e-01
3.254424126248868787e-01
3.254627533119166527e-01
3.255376271563160673e-01
3.256516641183789806e-01
3.258093541543165550e-01
3.258920150310810060e-01
3.260316392849084144e-01
3.261198495734144442e-01
3.262769425446370164e-01
3.265500459319152782e-01
3.266143952267293038e-01
3.266997805349124429e-01
3.268764720325590956e-01
3.269891847426399933e-01
3.271369315666702304e-01
3.272897281371045519e-01
3.273912980617292856e-01
3.274595937270110557e-01
3.275579446966284669e-01
3.276480463370407548e-01
3.277380490038183103e-01
3.278385098235336859e-01
3.278453130780378810e-01
3.279120506123372469e-01
3.279530518199136879e-01
3.280772810083925073e-01
3.281676153424519793e-01
3.281703805368735294e-01
3.281717713824492400e-01
3.281359932420332415e-01
3.280974576574566814e-01
3.280523939163438873e-01
3.280387022907026995e-01
3.280320939230355615e-01
3.279784846248044450e-01
3.279625128464493944e-01
3.279262584145882231e-01
3.278921489048539639e-01
3.278251559148994132e-01
3.277834222878961423e-01
3.276820382530484799e-01
3.277031523146674008e-01
3.276255889634868135e-01
3.275285757372705664e-01
3.275244555110838895e-01
3.276541941086105192e-01
3.277979392107129852e-01
3.277729073653862235e-01
3.277862946031654401e-01
3.278503751255229526e-01
3.278792068766218648e-01
3.279233270385159549e-01
3.279629248090327187e-01
3.278976092997351044e-01
3.277962380173315426e-01
3.275884529151467106e-01
3.275102021874812253e-01
3.274249748056641263e-01
3.274683627614909942e-01
3.272679877711863194e-01
3.270945743936232164e-01
3.269370770595096953e-01
3.266417969403372368e-01
3.264966704017742138e-01
3.262973729011539592e-01
3.260514564276824068e-01
3.258682424636119013e-01
3.256530070760143558e-01
3.253341393014234084e-01
3.250451763258753735e-01
3.248089450619898177e-01
3.245128733421195899e-01
3.242185361722996206e-01
3.239065476629303109e-01
3.237220164980813553e-01
3.235187076118384852e-01
3.233724377821480256e-01
3.232029535116983099e-01
3.230904212811237519e-01
3.229727879171391258e-01
3.227949262452520784e-01
3.226610703453927642e-01
3.225652729653895046e-01
3.224597626250348403e-01
3.224473746302302657e-01
3.223963196141738097e-01
3.223290621482501339e-01
3.222762560282357303e-01
3.222004316464327500e-01
3.222160194251352250e-01
3.221774048504271182e-01
3.221226402285497503e-01
3.221075623455527670e-01
3.220794406620883787e-01
3.219684519104888398e-01
3.219646911774849407e-01
3.219114604414131664e-01
3.218675234354327341e-01
3.218595511534552145e-01
3.217843566982032666e-01
3.217027443206426085e-01
3.216302971880996564e-01
3.215685776836267329e-01
3.214701300457678546e-01
3.213939157849229344e-01
3.213929311698334179e-01
3.213270160775831830e-01
3.212206351454741649e-01
3.211644479533226626e-01
3.211220359574940009e-01
3.210366257312553540e-01
3.209478668481250407e-01
3.210386211681618973e-01
3.209088426686103612e-01
3.207649695329222173e-01
3.206759861940947642e-01
3.206000767409034058e-01
3.204790142686419485e-01
3.203900271350728635e-01
3.203367456600595409e-01
3.203712822248719339e-01
3.202341238523526701e-01
3.201235773298556908e-01
3.200908701944272794e-01
3.200260762484532506e-01
3.199616975722428536e-01
3.199015660605323275e-01
3.198501007326350898e-01
3.198276815378061633e-01
3.197771327778283212e-01
3.198300200029169371e-01
3.198097700297163337e-01
3.198286902931448683e-01
3.198414519749890328e-01
3.198298806533130256e-01
3.198105826544268560e-01
3.198128312211800939e-01
3.198309416745783174e-01
3.198918067881825200e-01
3.199657856468994255e-01
3.200131814540591590e-01
3.200982356984622967e-01
3.201907010339483106e-01
3.201710002372305519e-01
3.202512573308444743e-01
3.203684618118482486e-01
3.204645829426801540e-01
3.206194830391587702e-01
3.206939850497321776e-01
3.207564945525409050e-01
3.208127704598853214e-01
3.208486950895022560e-01
3.208278532987286491e-01
3.209971468481122026e-01
3.210566107086912924e-01
3.212022207512026384e-01
3.212352045518507837e-01
3.213325500356274955e-01
3.214516476391874877e-01
3.214933961099338822e-01
3.214639043570568511e-01
3.215214240151090253e-01
3.215415825573619268e-01
3.216254585529587651e-01
3.216400059176736659e-01
3.216944513163928487e-01
3.216915267083528818e-01
3.216663169581177040e-01
3.218001756525466495e-01
3.217878683753918612e-01
3.218593708568707745e-01
3.219169732068428158e-01
3.218973654522666594e-01
3.218654827543869223e-01
3.218149482961416008e-01
3.216647021174586785e-01
3.216465554823172424e-01
3.216248317411738999e-01
3.215380247859057627e-01
3.216222913886674917e-01
3.215616382061196599e-01
3.215112732146193086e-01
3.213616761934972033e-01
3.212672863355787722e-01
3.210060224805539875e-01
3.207808379585992964e-01
3.206635718135221746e-01
3.204774326354302705e-01
3.203480329917223202e-01
3.201334207547508193e-01
3.198427737188321851e-01
3.194743031283242551e-01
3.192266123423023738e-01
3.189582992875383827e-01
3.187788955738217744e-01
3.184351560234134348e-01
3.181711655642274206e-01
3.179763227989913510e-01
3.177861159754449272e-01
3.176817521189690408e-01
3.175357592572677357e-01
3.173853282794090180e-01
3.172427205488383972e-01
3.172718562395977493e-01
3.171769850594103324e-01
3.170778359466153162e-01
3.170349783076437111e-01
3.169069414044516919e-01
3.168389495194504635e-01
3.168292018683453448e-01
3.167669808141543308e-01
3.167206692609547125e-01
3.166527398727681519e-01
3.165743380564026710e-01
3.166341734029715083e-01
3.166156649957042601e-01
3.165824238029578686e-01
3.165461878353595937e-01
3.166236571278959189e-01
3.165453251484992570e-01
3.164992525896757058e-01
3.165584364472279755e-01
3.165498884061054841e-01
3.165009375083114307e-01
3.165070067038782131e-01
3.164249599791815193e-01
3.164465658433879280e-01
3.164878140554337471e-01
3.165265911289071310e-01
3.165475830081966868e-01
3.165438516894346632e-01
3.165586908475584438e-01
3.166049027277337280e-01
3.165713953282380255e-01
3.165685751750635379e-01
3.165671899802931510e-01
3.165871147850146672e-01
3.165585101218139075e-01
3.165191109102470923e-01
3.164086144018886104e-01
3.163354606054278872e-01
3.162304780375966851e-01
3.161707056566913643e-01
3.159994771005998904e-01
3.159687192222778163e-01
3.158348626399902770e-01
3.156726148800471088e-01
3.157044436425927025e-01
3.156700694928743500e-01
3.156744135098688009e-01
3.156583911938437015e-01
3.155864613451089262e-01
3.155820045595268963e-01
3.155312382865806953e-01
3.154547999339860631e-01
3.154274416642430801e-01
3.153000732176015619e-01
3.152531466067267085e-01
3.152342836309293128e-01
3.151730050545401562e-01
3.151284273826903681e-01
3.151620243806679822e-01
3.150867092672542946e-01
3.151884356347104954e-01
3.151335707346250015e-01
3.150604375521570688e-01
3.150325716334410053e-01
3.150025396044466852e-01
3.149558350976250920e-01
3.148570299040204246e-01
3.148031592982576954e-01
3.147762850734069917e-01
3.146850662247257513e-01
3.145682845599767630e-01
3.144996876317038836e-01
3.144744762844407515e-01
3.144736149111235779e-01
3.144327300709262030e-01
3.144366574327334130e-01
3.144378437267901227e-01
3.144632655346333294e-01
3.145667100565754937e-01
3.145950050769165673e-01
3.146820497550066875e-01
3.147341433415506429e-01
3.147832158826922022e-01
3.148344945257738337e-01
3.149550644644505404e-01
3.151177628926381535e-01
3.152862891063761275e-01
3.153996698238242247e-01
3.154513776847892581e-01
3.156380591373756372e-01
3.157467128456266092e-01
3.160176110980684738e-01
