# game: leduc_poker 
# eval_every: 1 
# num_iterations: 1000 
# num_players: 2 
# bootstrap: True 
# truncate_negative: False 
# buffer_size: -1 
# num_hidden_layers: 2 
# num_hidden_units: 50 
# num_hidden_factors: 0 
# use_skip_connections: True 
# num_epochs: 200 
# batch_size: 1000 
# step_size: 0.01 
# 
2.178335715583147980e+00
2.170442549155468193e+00
2.052549108478869400e+00
1.896234569623947319e+00
1.723781158105163192e+00
1.588579098667177725e+00
1.421527452191411633e+00
1.295698655335698390e+00
1.198046277983167762e+00
1.111513902433019174e+00
1.034074298317755103e+00
9.716353076182178139e-01
9.191344325268335780e-01
8.720940998853659032e-01
8.309776251701725958e-01
8.027271950592601568e-01
7.747743406087883589e-01
7.524251420758794051e-01
7.309961175160991642e-01
7.085555858125036632e-01
6.874246049471830489e-01
6.660876020487564997e-01
6.491565632375184691e-01
6.338864283376397513e-01
6.207401325531320957e-01
6.035094581353241949e-01
5.969119299591294503e-01
5.844899782768645524e-01
5.733176855178430120e-01
5.613051965533639720e-01
5.496107584835214777e-01
5.375122990701416414e-01
5.258760789772344291e-01
5.138799797332165298e-01
5.044931792226657885e-01
4.959777491291446072e-01
4.869278136074142171e-01
4.805043513332873384e-01
4.718185808130092029e-01
4.638562559158821985e-01
4.549586963437982079e-01
4.460865983584574312e-01
4.383685490811374263e-01
4.333000868162565355e-01
4.299616844555143591e-01
4.236309508501505672e-01
4.168801292258579316e-01
4.101486776280987567e-01
4.039803400962597157e-01
3.972611172720340034e-01
3.904539596688983982e-01
3.838275243177819429e-01
3.775233266817655808e-01
3.716489652768993901e-01
3.662965283136168648e-01
3.611963595264705007e-01
3.561379431190256351e-01
3.510065134161662881e-01
3.454993386496354457e-01
3.405699604416744797e-01
3.356607996559033413e-01
3.310583304143418504e-01
3.266150884875036464e-01
3.225027254285004474e-01
3.185032358620450976e-01
3.151272464326712042e-01
3.119115075391523662e-01
3.084682631754045445e-01
3.051434878056612510e-01
3.017905377112890530e-01
2.981691082050075270e-01
2.943538909908989254e-01
2.910050895185660735e-01
2.881811777297217381e-01
2.851688895163633219e-01
2.821670537346641083e-01
2.791971437657047583e-01
2.768341817027371587e-01
2.744372928655969268e-01
2.718459569187799962e-01
2.692319772869649630e-01
2.669758465379976631e-01
2.647160427286027740e-01
2.628231645030505992e-01
2.605718084430391213e-01
2.584746680506413430e-01
2.565212739210820381e-01
2.548538232234969225e-01
2.531910499997168662e-01
2.511930025928826860e-01
2.490769076150010086e-01
2.472553332824949379e-01
2.456068759554511649e-01
2.437799139281546235e-01
2.419430280828026580e-01
2.400891427991678206e-01
2.380708716869561481e-01
2.361446630737381591e-01
2.341836318241523607e-01
2.324693211333084542e-01
2.303694617457982541e-01
2.284208664498695862e-01
2.267339694184234422e-01
2.251459784475688397e-01
2.237544392982853680e-01
2.222208964229206996e-01
2.207159036769480442e-01
2.185352231052476446e-01
2.161757831705528876e-01
2.140632016831477136e-01
2.125079792120369571e-01
2.109139338412976405e-01
2.094315167236520114e-01
2.079488689155291059e-01
2.066870451332991077e-01
2.055280967620313204e-01
2.045613284839563062e-01
2.035613849341516568e-01
2.024788057940720143e-01
2.012789625614625766e-01
1.997507581169475355e-01
1.984667256891120002e-01
1.973999197672487438e-01
1.961849660453930944e-01
1.951633272292655208e-01
1.944904008527565675e-01
1.938612082367007217e-01
1.929325268719205844e-01
1.920247814896178518e-01
1.909269259816825104e-01
1.901141786352736895e-01
1.894948718015399824e-01
1.887892007370737535e-01
1.880829247194220344e-01
1.872922300760738734e-01
1.861625594956799190e-01
1.853267506570877576e-01
1.845627291361446876e-01
1.838835929808854686e-01
1.833735568111575509e-01
1.828483258875898410e-01
1.824466679702634042e-01
1.819835200757828342e-01
1.814439066291192726e-01
1.806586851883528189e-01
1.796950841170254498e-01
1.787110380126508691e-01
1.776872658743809397e-01
1.765988566458651654e-01
1.756802952485793101e-01
1.747940554255866807e-01
1.740704280895881140e-01
1.733326896802558914e-01
1.727362192244836225e-01
1.721254795183339570e-01
1.716345411443309654e-01
1.710764609520135093e-01
1.706237518188807034e-01
1.701815464153643431e-01
1.694927527740559825e-01
1.686944141096587413e-01
1.677056027354807966e-01
1.667833507122313264e-01
1.661181239321957159e-01
1.656248338715335389e-01
1.650745353486967326e-01
1.646633718536244795e-01
1.641732878609200030e-01
1.635499588065652266e-01
1.628267382977148792e-01
1.620423763294894515e-01
1.612557161947867357e-01
1.604109430570003492e-01
1.596277024093815111e-01
1.588650557228803717e-01
1.581854219264778316e-01
1.576201525808307302e-01
1.570623122636773394e-01
1.564442154468934920e-01
1.558244105799060919e-01
1.552813912562422960e-01
1.546437579200266588e-01
1.539216373113072023e-01
1.532983195306414359e-01
1.525606507034772963e-01
1.518211126736126459e-01
1.512638449761396775e-01
1.508803950913818470e-01
1.503382728620271114e-01
1.498273769263097632e-01
1.493193086171843709e-01
1.488991366902871760e-01
1.485007924607361085e-01
1.482283061211245867e-01
1.479826806778051784e-01
1.477315500877108001e-01
1.473468645302835334e-01
1.468966619880230917e-01
1.464060841780162048e-01
1.459040908324269747e-01
1.454427174781351417e-01
1.448918724573424743e-01
1.443283613814753119e-01
1.437004470822583202e-01
1.430863786857170250e-01
1.425244609285424569e-01
1.420023045002364315e-01
1.415431371005815842e-01
1.411180030197043966e-01
1.407813916857484915e-01
1.405075964444311154e-01
1.402675395059755359e-01
1.399535008531544999e-01
1.395921270287732996e-01
1.392549109486014292e-01
1.389534505505091722e-01
1.386409493777450153e-01
1.383745723708011410e-01
1.381370741358252663e-01
1.378384354974476200e-01
1.374806365840883227e-01
1.372204873513075962e-01
1.368679807335604903e-01
1.364377695195259088e-01
1.361758328735324652e-01
1.358101050617724903e-01
1.354806007710351035e-01
1.351058895078061095e-01
1.347937821002549996e-01
1.344659279506125182e-01
1.341143470587835562e-01
1.337503898120541157e-01
1.333959150580334430e-01
1.330101204313860475e-01
1.326325530661088825e-01
1.323202145843239141e-01
1.320092990629628260e-01
1.316730894399386065e-01
1.313247950252822704e-01
1.309462123932388367e-01
1.306080649766550583e-01
1.301359281592049388e-01
1.296709450222992832e-01
1.291451642205131423e-01
1.286982098927199336e-01
1.282004522113209810e-01
1.277243553566612122e-01
1.273987207999575100e-01
1.271085566501850284e-01
1.268574698807054535e-01
1.265211995990805915e-01
1.261968679432196594e-01
1.258457119641490651e-01
1.253821414304550630e-01
1.249054077505272059e-01
1.244820689100872846e-01
1.240634434696353539e-01
1.236566207034282688e-01
1.232936534348538504e-01
1.229689011443327734e-01
1.226573323210449901e-01
1.222934787508687809e-01
1.220455168850362038e-01
1.218989529116022014e-01
1.218740586886160743e-01
1.219264922520522376e-01
1.219356206853646207e-01
1.218776312969657716e-01
1.216969747017689063e-01
1.214093089993861785e-01
1.211526013268744567e-01
1.210084261631326347e-01
1.207973710504923470e-01
1.205980422215895131e-01
1.204956598435079351e-01
1.202651613920595469e-01
1.200435991774198297e-01
1.197903651511572076e-01
1.195474093837905066e-01
1.193573596941233800e-01
1.191817097148860916e-01
1.190342421645618348e-01
1.188181928034615642e-01
1.186291817092265666e-01
1.185238143623038448e-01
1.183815260866349084e-01
1.182990372901922549e-01
1.182179131580670395e-01
1.181337666418252053e-01
1.179776727890042842e-01
1.178406500739331147e-01
1.176074431616774274e-01
1.173622521507915739e-01
1.171446292373051618e-01
1.169631430335663635e-01
1.168125946538040999e-01
1.168021262056173765e-01
1.167509107471745439e-01
1.166007756916711685e-01
1.163773129760877073e-01
1.161754944979048465e-01
1.159793725151698346e-01
1.156892880957800795e-01
1.154630357658322226e-01
1.152084548260288721e-01
1.150517804311218945e-01
1.148459236210538081e-01
1.146607960311108176e-01
1.145333017600485698e-01
1.143612296454016714e-01
1.142429177830329989e-01
1.141658286456486426e-01
1.140263914669720213e-01
1.138560596190314883e-01
1.135737128222959608e-01
1.133676879673874982e-01
1.130991218169558332e-01
1.128725161984715925e-01
1.126828697259164846e-01
1.125075914730108428e-01
1.122942011298806581e-01
1.121508681990892042e-01
1.119839549173252957e-01
1.118204967550312234e-01
1.115982620222470550e-01
1.114167494887876864e-01
1.112083613380483310e-01
1.110044850001181138e-01
1.108866082339079184e-01
1.106937325094210223e-01
1.104773270072846175e-01
1.101989419019117344e-01
1.098761256430190458e-01
1.095183788597549335e-01
1.091585997054103918e-01
1.088523347991437878e-01
1.087066758320616583e-01
1.085107956800185625e-01
1.083136131851287071e-01
1.080808829386722542e-01
1.078689860907351417e-01
1.077127936258567287e-01
1.076093784657385921e-01
1.075606540050702553e-01
1.074749074516826441e-01
1.075207412486769015e-01
1.076002529706833882e-01
1.075942738858938208e-01
1.075111372949548033e-01
1.073493127832727545e-01
1.071900252068652137e-01
1.069245781164498699e-01
1.067100396670399576e-01
1.065523221242550833e-01
1.064132659587573582e-01
1.062614318376821909e-01
1.061078871182471323e-01
1.059975355762091537e-01
1.058880555823327185e-01
1.058263311957222952e-01
1.057999422092267827e-01
1.057086458432891368e-01
1.056023151811796845e-01
1.055666819568591430e-01
1.055565527147142857e-01
1.056223351005366878e-01
1.056188116176583064e-01
1.057356335741375108e-01
1.057903925340650531e-01
1.058257822438489759e-01
1.058865607114567592e-01
1.060430487821375084e-01
1.059906411642530383e-01
1.059078230358867501e-01
1.058288652473590857e-01
1.057759472082165225e-01
1.057824517228947436e-01
1.057534054901823062e-01
1.056912546857689539e-01
1.054904095659212060e-01
1.052888937100766170e-01
1.050613944300828329e-01
1.049093699832442106e-01
1.047928041354761336e-01
1.047507832676882467e-01
1.046663164010435132e-01
1.046356353527288646e-01
1.045409485162873131e-01
1.044115142026933035e-01
1.042900180888487877e-01
1.043163008872612096e-01
1.042909249794355397e-01
1.043011539037247970e-01
1.043113638766850620e-01
1.043186405614319884e-01
1.043181438819121426e-01
1.043812564687452565e-01
1.044814127756484162e-01
1.044488794529467440e-01
1.043773677365660846e-01
1.042538174592110012e-01
1.041655509638788751e-01
1.041162465122638797e-01
1.040191232594673137e-01
1.039455091120353031e-01
1.039348158711493053e-01
1.038673108765630765e-01
1.037978815803337340e-01
1.037071317723709252e-01
1.036959357742156668e-01
1.037466704457789130e-01
1.038577859052527697e-01
1.038938337528547001e-01
1.039284140618903646e-01
1.038696457009238572e-01
1.038726976212330649e-01
1.039248752010987764e-01
1.038567698661917310e-01
1.037816233327487347e-01
1.036957644007046181e-01
1.038678046008582601e-01
1.038949010012562846e-01
1.039464518977974011e-01
1.040283512869303595e-01
1.041479398692390507e-01
1.042465522022999191e-01
1.041829745505240129e-01
1.041574413749137284e-01
1.039527767716319356e-01
1.039551523900320712e-01
1.039421883172364364e-01
1.039873543601211314e-01
1.041993769079196386e-01
1.043158129890672386e-01
1.043342008127072784e-01
1.042959754915854798e-01
1.042732170334787767e-01
1.042563779588440293e-01
1.041920390263395002e-01
1.041330219669014262e-01
1.040614406406760589e-01
1.040487074713086768e-01
1.040433817681726270e-01
1.040927844227038240e-01
1.041663521555245969e-01
1.042755325340425365e-01
1.042748940449897133e-01
1.042848923776387021e-01
1.042127103647523673e-01
1.041245941202979947e-01
1.039818829720062787e-01
1.039125555085708280e-01
1.038041501821953122e-01
1.037452811583255557e-01
1.037149538111367675e-01
1.036721273595421211e-01
1.035773911291586469e-01
1.034933119501702387e-01
1.034351547737863836e-01
1.034105116447534001e-01
1.033886109468124398e-01
1.033782154316097990e-01
1.034273101864262162e-01
1.034245287283549336e-01
1.034202386984937466e-01
1.033921795596724896e-01
1.033542325182485594e-01
1.032946622984617924e-01
1.032135367521913177e-01
1.031351218659150026e-01
1.030425571662437062e-01
1.030650762440695339e-01
1.030169054464186718e-01
1.029972943123192430e-01
1.029547442155689108e-01
1.029773476425325102e-01
1.029616437520425032e-01
1.029601476369575441e-01
1.029658157056271423e-01
1.029258453032533271e-01
1.029312681388425549e-01
1.028593002965676323e-01
1.028292156175869415e-01
1.028102963410703063e-01
1.027232572121760668e-01
1.026921624799900512e-01
1.028171342903174829e-01
1.027842260131521523e-01
1.027541370028873385e-01
1.026482910315585639e-01
1.025651829731753506e-01
1.025195031088378395e-01
1.024853723625364504e-01
1.024622138744984146e-01
1.024721772507757034e-01
1.025268902152449979e-01
1.024762594001193683e-01
1.025447978629681206e-01
1.025033500652883789e-01
1.025395247035655322e-01
1.024666086841805879e-01
1.024427159270741849e-01
1.024283218962070974e-01
1.023621837733969253e-01
1.023098608062459475e-01
1.022743416441238284e-01
1.022694451519000902e-01
1.023856415766726258e-01
1.024048951306535532e-01
1.023637877172553917e-01
1.025352253419493515e-01
1.025700807663896402e-01
1.027002224382067425e-01
1.029503568864491292e-01
1.031237067647149397e-01
1.030575225073041695e-01
1.031063712014049644e-01
1.031348426492216530e-01
1.029962604908689211e-01
1.030036904415993632e-01
1.029413026306055662e-01
1.028395661386362625e-01
1.027733603476075203e-01
1.028136082068085433e-01
1.028081050413453407e-01
1.027778749838497152e-01
1.028072963124146560e-01
1.027902286135504994e-01
1.027528677542586810e-01
1.027516652892059984e-01
1.027130628298167647e-01
1.026494368814950681e-01
1.026095245702343950e-01
1.025742671006051182e-01
1.025627485575424519e-01
1.026147423627347954e-01
1.026181912668523155e-01
1.026436381061584385e-01
1.026883631660275298e-01
1.027631298839774554e-01
1.028296625507833933e-01
1.028361540603185964e-01
1.027974542259982027e-01
1.027336559802450727e-01
1.027114130787208507e-01
1.026690365987921044e-01
1.026722306540478191e-01
1.026459431049870780e-01
1.026514983173425766e-01
1.027700947261512288e-01
1.028998742057816440e-01
1.030006873195106754e-01
1.029935233850527709e-01
1.030706373847312535e-01
1.030858685561704957e-01
1.031334002724116211e-01
1.031626255592899000e-01
1.035417580266434767e-01
1.035698077732390837e-01
1.035598141563697505e-01
1.037438553729034263e-01
1.038255439917278034e-01
1.039611133711728641e-01
1.040672628451161791e-01
1.042114644854462147e-01
1.043032347989446412e-01
1.043806343831926997e-01
1.044049534507042326e-01
1.044111522161434158e-01
1.044155765633189015e-01
1.043914274387642005e-01
1.043258108520885435e-01
1.042567312551692243e-01
1.041831736340711467e-01
1.041145827032588927e-01
1.040642359740801270e-01
1.040119529314530028e-01
1.040481678855759984e-01
1.040691942038380197e-01
1.041279339496897910e-01
1.042518604839755836e-01
1.044034195619194944e-01
1.045521682171779154e-01
1.046884107167787431e-01
1.047833667892685561e-01
1.048551328114600417e-01
1.049169542289980633e-01
1.049828113559365533e-01
1.050128789596308787e-01
1.050276496239185287e-01
1.050265069230704035e-01
1.050066747238855014e-01
1.049711331254613578e-01
1.049990789370034705e-01
1.050061473034141768e-01
1.050243737240780517e-01
1.050525147975121809e-01
1.051226110624351451e-01
1.052087473511235383e-01
1.053069306098932817e-01
1.054276502699856011e-01
1.055979531033651025e-01
1.056464269415355733e-01
1.056826813319717978e-01
1.057035355068811217e-01
1.056756101395029401e-01
1.056064880437119075e-01
1.055623821486891684e-01
1.055431275700207810e-01
1.055257489519896980e-01
1.055302549221162345e-01
1.055143489651804156e-01
1.055185788381466788e-01
1.054680345912203943e-01
1.054266208366306801e-01
1.053797507529196514e-01
1.053513077280209265e-01
1.053231337329790240e-01
1.052874553325912899e-01
1.052654277559478962e-01
1.052252287637326505e-01
1.051616263491279429e-01
1.050760556370784471e-01
1.050260576852152933e-01
1.049644974069039033e-01
1.049120243695996074e-01
1.048399613020348647e-01
1.047828529055703645e-01
1.047395798426658670e-01
1.046990762633224215e-01
1.046734092766036517e-01
1.046430625733189845e-01
1.046061657406434225e-01
1.045213813165874195e-01
1.044808231447445501e-01
1.044578070241500845e-01
1.043927135683565544e-01
1.043236301635805247e-01
1.042694919641273532e-01
1.042754106422561222e-01
1.042575659495579843e-01
1.041923133733221457e-01
1.041125310991010133e-01
1.040825821936382650e-01
1.041104659208707955e-01
1.041611595044681232e-01
1.042196879434685863e-01
1.042460572809875696e-01
1.042434726136748230e-01
1.042401098559426059e-01
1.042176427043620401e-01
1.042237109098363979e-01
1.042148325634874445e-01
1.042077847340438512e-01
1.041764762215238588e-01
1.041436784189861964e-01
1.040787982052261140e-01
1.040301095870626302e-01
1.039699177093421217e-01
1.039245697116406159e-01
1.038489878457362625e-01
1.037659603391367230e-01
1.037013581876963658e-01
1.036501843634885650e-01
1.036106715861552507e-01
1.035628178275420780e-01
1.035797604010432471e-01
1.035943625355308650e-01
1.035983069881001167e-01
1.035542714288747168e-01
1.035296952080530519e-01
1.035123503864126410e-01
1.034988254404567848e-01
1.034773995663578194e-01
1.034840248445822036e-01
1.035101981683451966e-01
1.035743259223846635e-01
1.035855509785463535e-01
1.035773164795671664e-01
1.035776950296771332e-01
1.035241186418351528e-01
1.034917336153640677e-01
1.034157488708814937e-01
1.033367799301664197e-01
1.032349349670846905e-01
1.031473036754092104e-01
1.030562817149017069e-01
1.029879084106369302e-01
1.029144770150352273e-01
1.028825072768997095e-01
1.028540987287884373e-01
1.028376586925722341e-01
1.028120153838181089e-01
1.027950327376608297e-01
1.028279818714709914e-01
1.028051170681685833e-01
1.027781732416667010e-01
1.027551180029408068e-01
1.027688869582555758e-01
1.027883395181933140e-01
1.027807649156529668e-01
1.027802975167056709e-01
1.028057946240201331e-01
1.027623656193341756e-01
1.027237077652821823e-01
1.027003369266847460e-01
1.027058775104147531e-01
1.027081165088317566e-01
1.027551858031326981e-01
1.027799993577297039e-01
1.027560658984542769e-01
1.027152199075298811e-01
1.026985448751883828e-01
1.026991179327147868e-01
1.027116659892929468e-01
1.027190581320267526e-01
1.027399070201645837e-01
1.027655725100275336e-01
1.027954398521546547e-01
1.028215973837308117e-01
1.028479667027392547e-01
1.029055759164998474e-01
1.029825781719505423e-01
1.030364964986461712e-01
1.030766641277335721e-01
1.031253556078296635e-01
1.032071851563048509e-01
1.032361177093352039e-01
1.033370839259731416e-01
1.034091029548948049e-01
1.033937794267746763e-01
1.033772166141201515e-01
1.034029685843578239e-01
1.034474165778676846e-01
1.034664458810448939e-01
1.034716395833813612e-01
1.034727099094992636e-01
1.034632063813905878e-01
1.034631476732668087e-01
1.034651223264693998e-01
1.034860120839141834e-01
1.034603151096436108e-01
1.034761358813387211e-01
1.035267182885714204e-01
1.035454948010742365e-01
1.035644015567768611e-01
1.036007630504433980e-01
1.036154376445892200e-01
1.036397331627873647e-01
1.036416396338386697e-01
1.036235764345194849e-01
1.036042590748629671e-01
1.036150007458447597e-01
1.036664144432696555e-01
1.037053158353604676e-01
1.037617656114932368e-01
1.038464372723014451e-01
1.039127853829424214e-01
1.039038989667936813e-01
1.039572075710021998e-01
1.040786463652542820e-01
1.041282306143298253e-01
1.041473945097559500e-01
1.041590033101652130e-01
1.041762170615681271e-01
1.042251863821117563e-01
1.043283950791479148e-01
1.044136944929989902e-01
1.044966804856285597e-01
1.045454512889918003e-01
1.045562492305092822e-01
1.045958257965231286e-01
1.045674036753309749e-01
1.044718488795053357e-01
1.043147242812209330e-01
1.041651177828936542e-01
1.040408990722111460e-01
1.039368057983499766e-01
1.038332762166211953e-01
1.038335873699444689e-01
1.038391106935473013e-01
1.039293847708849805e-01
1.040484535636373165e-01
1.041029900436398481e-01
1.039911443469063862e-01
1.039656303137530408e-01
1.039820409712948757e-01
1.039518722072686613e-01
1.038834041034853439e-01
1.038199211752332957e-01
1.037464041856120261e-01
1.037406110605987725e-01
1.037456300696019129e-01
1.037594470420721837e-01
1.038048505967553020e-01
1.039002239163595714e-01
1.040104046600080628e-01
1.041054590735956686e-01
1.042153754726635462e-01
1.043149678190267993e-01
1.044129382679983425e-01
1.045054959116619858e-01
1.045847526752784751e-01
1.046375059881584774e-01
1.046831166779024491e-01
1.047629544899759679e-01
1.048324197804191282e-01
1.049440241041611488e-01
1.050131562899933590e-01
1.050856573461216859e-01
1.051591333163912345e-01
1.051757137147221050e-01
1.052198932913975815e-01
1.052515297377323855e-01
1.053231506223874792e-01
1.053490196916313515e-01
1.054028176046995641e-01
1.054701270388526263e-01
1.055329075188334437e-01
1.055950783358702710e-01
1.056370922391780820e-01
1.056631202306744233e-01
1.057250220647766997e-01
1.057880195467492540e-01
1.058139060939475712e-01
1.058576339728246329e-01
1.058866956320876629e-01
1.059015912374239310e-01
1.059157722720917849e-01
1.059243298928859017e-01
1.059094290763865215e-01
1.058825175111295230e-01
1.058787407653390689e-01
1.058801016107881465e-01
1.058598092583003664e-01
1.058675860852908435e-01
1.058540175188633081e-01
1.058641361775798651e-01
1.058909404033656632e-01
1.059133430348394023e-01
1.059031560690641971e-01
1.059080396799312040e-01
1.059153042597683059e-01
1.059513477607843951e-01
1.059804758812545461e-01
1.059995244669268699e-01
1.060445080371762577e-01
1.061344924049915789e-01
1.062049104439648783e-01
1.062493244905056838e-01
1.062960424840170698e-01
1.063200250516837669e-01
1.063161683714761163e-01
1.063119343620345658e-01
1.063059271193759064e-01
1.063057352419878032e-01
1.063042065546832837e-01
1.062684167495293458e-01
1.062226540820292581e-01
1.061797946802042064e-01
1.061457180950999141e-01
1.061471788948434164e-01
1.061471559649618257e-01
1.061560126680365923e-01
1.061589441798614641e-01
1.061556392065483023e-01
1.061186020372955063e-01
1.060884457801573727e-01
1.061105298795649993e-01
1.061230490785435715e-01
1.061361315769301650e-01
1.061758677871622453e-01
1.062229966057957053e-01
1.062839869962461659e-01
1.063418443587626910e-01
1.064176658628070427e-01
1.064816552731510796e-01
1.065416248885119321e-01
1.066962658115409301e-01
1.068214551321953337e-01
1.068927779071866951e-01
1.070107681673350686e-01
1.070534860058129922e-01
1.071080545244610660e-01
1.070827422814954605e-01
1.070663678973765021e-01
1.070314278177242340e-01
1.070095541117847271e-01
1.070516583367687319e-01
1.071166702419013433e-01
1.071798046049685649e-01
1.071750890576897014e-01
1.071692805864604414e-01
1.071960670414802835e-01
1.072592430373055378e-01
1.073434784293498256e-01
1.074605605514569323e-01
1.075606935893305138e-01
1.075971838156881966e-01
1.076330098528489876e-01
1.076507683607673127e-01
1.076470141032305344e-01
1.076200876226502817e-01
1.075960763487980310e-01
1.076033877046146670e-01
1.076697724678754992e-01
1.076479752419982616e-01
1.076331433460813725e-01
1.075919756517790538e-01
1.075659822868617332e-01
1.075465911526722884e-01
1.075540423951813623e-01
1.075698108150590637e-01
1.076365414063702453e-01
1.076888604978912395e-01
1.076380052291489170e-01
1.075921417780059675e-01
1.075693200618303980e-01
1.075792590564062512e-01
1.076052319845170052e-01
1.076323942947673973e-01
1.077048591504707331e-01
1.077443740795922672e-01
1.077541895384335202e-01
1.077510084074648627e-01
1.077424092599436195e-01
1.077600701936103217e-01
1.077625817167794237e-01
1.077753849749251147e-01
1.078140409401071725e-01
1.078303309907716334e-01
1.078239190047768636e-01
1.078095612970878386e-01
1.077970460801371128e-01
1.077600653478301418e-01
1.077484011159503818e-01
1.077064032647574304e-01
1.076730911884120623e-01
1.076522077297923791e-01
1.076646624905557709e-01
1.076359014797942104e-01
1.075665396470945334e-01
1.074923886605089474e-01
1.074295369054873717e-01
1.073763608532940228e-01
1.073352561856854848e-01
1.073132496307293016e-01
1.073218291123628765e-01
1.073456913300938204e-01
1.073779031320306193e-01
1.074356662589218969e-01
1.074629949173327992e-01
1.075364927743436422e-01
1.075866646432801915e-01
1.076068979708140610e-01
1.076491230375646452e-01
1.076968216093027869e-01
1.077331138135201871e-01
1.077122780528932539e-01
1.077221051465792889e-01
1.077433195390131992e-01
1.076860226553842254e-01
1.076204209983604165e-01
1.075462764015236022e-01
1.074814128651602335e-01
1.074197128823319580e-01
1.073775308754704588e-01
1.073494168834282780e-01
1.073450621019276519e-01
1.073408974240523950e-01
1.073227486411034298e-01
1.073103296055169936e-01
1.072934160869552095e-01
1.072700110594759365e-01
1.072718024985013785e-01
1.072933795687298908e-01
1.073032107187454204e-01
1.073126712394786020e-01
1.073325398500726419e-01
1.073099688141959246e-01
1.073008736314993855e-01
1.072901074955495693e-01
1.072820055977692366e-01
1.072888167501933332e-01
1.073516048538518536e-01
1.073885632334707213e-01
1.074036828626967477e-01
1.073998187542705568e-01
1.074073614339089155e-01
1.073958308309505144e-01
1.073955442959681206e-01
1.074345662650564165e-01
1.074324739253927630e-01
1.074151899585591707e-01
1.074042471988139041e-01
1.073741677198061517e-01
1.073468132258266899e-01
1.073185039892831372e-01
1.073025337606660773e-01
1.073213124198287294e-01
