# game: leduc_poker 
# eval_every: 1 
# num_iterations: 500 
# num_players: 2 
# bootstrap: False 
# truncate_negative: False 
# buffer_size: -1 
# num_hidden_layers: 2 
# num_hidden_units: 100 
# num_hidden_factors: 0 
# use_skip_connections: True 
# num_epochs: 200 
# batch_size: 5000 
# step_size: 0.01 
# 
2.637956712967846507e+00
2.131995073406124597e+00
1.591939208711802944e+00
1.278740350000926895e+00
1.074609863831343270e+00
9.370448877696401224e-01
8.337635898017462521e-01
7.464792394950237053e-01
6.764970577275655206e-01
6.250666058926448443e-01
5.837904897543162441e-01
5.401760642431834292e-01
5.030278064294895213e-01
4.766104237431007529e-01
4.589531415043275886e-01
4.552733397893177214e-01
4.456791855790007695e-01
4.252306767241593732e-01
3.995755227357173367e-01
3.777185002705412131e-01
3.617165150269399665e-01
3.470730096697015044e-01
3.341386223221305407e-01
3.126352619516959419e-01
2.931543119639419270e-01
2.808431218019390441e-01
2.674468583904819896e-01
2.553543366276462279e-01
2.459409091789777069e-01
2.370552616559142844e-01
2.302042902075197850e-01
2.236251999572250460e-01
2.173469917050487588e-01
2.141812838645697770e-01
2.112881930347195181e-01
2.076350966366753426e-01
2.025525304985488495e-01
1.966321796107145803e-01
1.902036225812983317e-01
1.852104948117005989e-01
1.787924770802690189e-01
1.725432045693313099e-01
1.682234970106385452e-01
1.652978343001605399e-01
1.626663060411528972e-01
1.596522578706788820e-01
1.573006708097730855e-01
1.547272906976229212e-01
1.520591319281613119e-01
1.495005057280164307e-01
1.480042060074151788e-01
1.462536051223857769e-01
1.434933734171771613e-01
1.408136715929087790e-01
1.396883982864540741e-01
1.374059899729571099e-01
1.352006985817167384e-01
1.328804164567703727e-01
1.311680177489905064e-01
1.297223020107336477e-01
1.293285024541674932e-01
1.276457018654440501e-01
1.265872759374553347e-01
1.261608516137857072e-01
1.249286513435980267e-01
1.232442492464837364e-01
1.216823586070940183e-01
1.191381533349516603e-01
1.166456452872690758e-01
1.139663629058068478e-01
1.111050278891161230e-01
1.082084250737337799e-01
1.054598617194487109e-01
1.026878763352006008e-01
9.989570581534849836e-02
9.792858953310988601e-02
9.750154067332890417e-02
9.748864385335176408e-02
9.819486016727711764e-02
9.995505513208295667e-02
1.000003466381312878e-01
9.921917667481669478e-02
9.705691423216637748e-02
9.520895123117098513e-02
9.551186895307703373e-02
9.608718793588384710e-02
9.482298776561227938e-02
9.239865240468418672e-02
8.875158628732207622e-02
8.650920602399821135e-02
8.569016676408147681e-02
8.503743259473034444e-02
8.364837340263732435e-02
8.272589627513471378e-02
8.167433874354244894e-02
8.059096875013498085e-02
7.902872637663135857e-02
7.803213097846713187e-02
7.738966243943257162e-02
7.795724811870057003e-02
7.878949766665026277e-02
7.899934218880493020e-02
7.850348090548273094e-02
7.728483036939944040e-02
7.607773366444285645e-02
7.504331148623312464e-02
7.492133199151526646e-02
7.542625751632144049e-02
7.617628066469780967e-02
7.670376980713751458e-02
7.687396559588520473e-02
7.674424873486815346e-02
7.638586639401163947e-02
7.657979571607115288e-02
7.681467156789975603e-02
7.650247929162863614e-02
7.528508089012743432e-02
7.423074558295038317e-02
7.316069742828697209e-02
7.215791003778430912e-02
7.137437076862393481e-02
7.038337437898978255e-02
6.985894589939489752e-02
6.922841145682330499e-02
6.833828297426812470e-02
6.703484733085805780e-02
6.530503757117155084e-02
6.378535668564125349e-02
6.265112057611005314e-02
6.233741414687461735e-02
6.173808036284032796e-02
6.163431149421091937e-02
6.181138834285451744e-02
6.203181910891777950e-02
6.224009707551809989e-02
6.263637739280240868e-02
6.259984658669466573e-02
6.188234250112888135e-02
6.110490439899536608e-02
6.060044601038981626e-02
6.018483370933248866e-02
5.957011934637276851e-02
5.893068915167004596e-02
5.820022140123744248e-02
5.757876959018042029e-02
5.676654129680060168e-02
5.592305204957290221e-02
5.563945701413722245e-02
5.554666496453286584e-02
5.539275568568070851e-02
5.552601687544653219e-02
5.638394350393546861e-02
5.721182978011890574e-02
5.793680668753210805e-02
5.795063652554625910e-02
5.753982366728629949e-02
5.781573044687915441e-02
5.716842609515571105e-02
5.678353464873690803e-02
5.670458531580684081e-02
5.624234721951852645e-02
5.580702023304068282e-02
5.575512397552055688e-02
5.543641964679171807e-02
5.561742252459539460e-02
5.584354801762897447e-02
5.600774928672695718e-02
5.591148460227410300e-02
5.591958635465428540e-02
5.588288223732237880e-02
5.551089405647895159e-02
5.498968620260567819e-02
5.413618895666853781e-02
5.286922771610862160e-02
5.213678560639072035e-02
5.211629912593847280e-02
5.216717197596097699e-02
5.212855452337764040e-02
5.206912021127510504e-02
5.216185142006246611e-02
5.223174482496424631e-02
5.199792235916275707e-02
5.172099951920187955e-02
5.165170783618007466e-02
5.123466429204744099e-02
5.065664439923096840e-02
4.988747981116418984e-02
4.905291874084627413e-02
4.859328404406475233e-02
4.875599509372842422e-02
4.940272418735160154e-02
5.009360035217336193e-02
5.030884275150795948e-02
5.008822585856111120e-02
4.945384861813717503e-02
4.808372483782430429e-02
4.671840897642484669e-02
4.565442987785757467e-02
4.498616613615044613e-02
4.425201778184049972e-02
4.366196450823994768e-02
4.344379133983235219e-02
4.316198712482016697e-02
4.271571661151801758e-02
4.233753868724716984e-02
4.219353185722014843e-02
4.255340795839906987e-02
4.312147166990787372e-02
4.358124776109417731e-02
4.405995019831890347e-02
4.426519938279485644e-02
4.423725422581480105e-02
4.392467679168865491e-02
4.362488463281670448e-02
4.355949042877134414e-02
4.398378472105102244e-02
4.450675524072914002e-02
4.474774361414576851e-02
4.466346884601400669e-02
4.424974621117501450e-02
4.373691196398848957e-02
4.332944796660061215e-02
4.297756711397872353e-02
4.300138911752504622e-02
4.323748211012380660e-02
4.329103368025821741e-02
4.334423854148670985e-02
4.341757610946583856e-02
4.344415852156356672e-02
4.324502901755350459e-02
4.298597733695258549e-02
4.275699034815981514e-02
4.241457475962416568e-02
4.201208104440334878e-02
4.157230018148082296e-02
4.096365431538089019e-02
4.082383929451272042e-02
4.071426807101197198e-02
4.069660255506671320e-02
4.091966085154409571e-02
4.059501901269171875e-02
4.011870816176540955e-02
3.947418187867088313e-02
3.901891452370889746e-02
3.844455050320955136e-02
3.816656390490744122e-02
3.792079986837668115e-02
3.804074117806771627e-02
3.802051498235650695e-02
3.800025349431698785e-02
3.801962918549860182e-02
3.779340029218450359e-02
3.773352266348929673e-02
3.758482516145703056e-02
3.741081784296476642e-02
3.733206782904240073e-02
3.754011573706797500e-02
3.736506662247775223e-02
3.728691055195905435e-02
3.719025337319713242e-02
3.711666255923548596e-02
3.689707614295505145e-02
3.669876603340273269e-02
3.673336146428558824e-02
3.661122648391716694e-02
3.656657464848946104e-02
3.654280084435822251e-02
3.654044298646284827e-02
3.648875228533091097e-02
3.664224173771608861e-02
3.691039685745274579e-02
3.704120495764257059e-02
3.728488729246565159e-02
3.741282575977621094e-02
3.740713120168785710e-02
3.741843506057347668e-02
3.708722652179081980e-02
3.657304105414387052e-02
3.611920905460855313e-02
3.566275880955334376e-02
3.536653505312489787e-02
3.509190136232864798e-02
3.495671581132421546e-02
3.489302104554323214e-02
3.525028031590829447e-02
3.566336688872867589e-02
3.605183443094185647e-02
3.613237017475491586e-02
3.589721249454677632e-02
3.574809279426141573e-02
3.567563547836677396e-02
3.555147143501247164e-02
3.532637748817823997e-02
3.519801990371172751e-02
3.509382008119109331e-02
3.507322014022000445e-02
3.506749917600446298e-02
3.511419364195357551e-02
3.523114338987114180e-02
3.542904135320470993e-02
3.542134451451815769e-02
3.532868107815234637e-02
3.524481736787309083e-02
3.503605598267739429e-02
3.504751353356586052e-02
3.491424625055380981e-02
3.480281839546892075e-02
3.484785850541939622e-02
3.460728177783761739e-02
3.464620540049710706e-02
3.460669062610507996e-02
3.441575450510600542e-02
3.421529572212160530e-02
3.410864173083749673e-02
3.415195922949361418e-02
3.451111866052170019e-02
3.482208350976512268e-02
3.499051918260769056e-02
3.517637727830889849e-02
3.539158517776229418e-02
3.553435304484635349e-02
3.566072773209877367e-02
3.562963428659725318e-02
3.559317274758995453e-02
3.570189771032598880e-02
3.544026706872212273e-02
3.518431973008157021e-02
3.481788979636400716e-02
3.442014051421597720e-02
3.399891755724351872e-02
3.355045623723507120e-02
3.324134501104211714e-02
3.321645508741477570e-02
3.322157212871375276e-02
3.328048520505627605e-02
3.339473669701363556e-02
3.351414629236505738e-02
3.366865090458306953e-02
3.393561834408091726e-02
3.425573856778184323e-02
3.460231578093417304e-02
3.506446082181474688e-02
3.505061139238360712e-02
3.518143804001130914e-02
3.501445187724815111e-02
3.479857683405176982e-02
3.454262327470342120e-02
3.427482628932530806e-02
3.399225522648050002e-02
3.361457933235464934e-02
3.311346823091985969e-02
3.261139131326232232e-02
3.234265866342721230e-02
3.210432774324353811e-02
3.189299122147000454e-02
3.168242131425152985e-02
3.151972708309613846e-02
3.135333939691740957e-02
3.115690023623617078e-02
3.103241068486074783e-02
3.087060507299431433e-02
3.082378711616638733e-02
3.078359636670360833e-02
3.093874727049601703e-02
3.127632837259701482e-02
3.156636009708985169e-02
3.180838722248591210e-02
3.222415520132924927e-02
3.251168129548791252e-02
3.262766591024668372e-02
3.254346377305011861e-02
3.237547862213958905e-02
3.224779274308506305e-02
3.205927969856678383e-02
3.157038746308363231e-02
3.120740436182069255e-02
3.079730008343614656e-02
3.051427031960340930e-02
3.009334815600345214e-02
2.975469874094095746e-02
2.943758852339822818e-02
2.905758202463719353e-02
2.874597159923687750e-02
2.846077574790771558e-02
2.810156704322074039e-02
2.798512412078299483e-02
2.790498635320212695e-02
2.794482729834864287e-02
2.796869400532314698e-02
2.801177561018339257e-02
2.801931337464158567e-02
2.807054064096219104e-02
2.813483674947074575e-02
2.823054594165731734e-02
2.834846697138811156e-02
2.850802513506973945e-02
2.857921249528444507e-02
2.870226934251174367e-02
2.880008939277232949e-02
2.891837393750298912e-02
2.915717749275430204e-02
2.943658113283531552e-02
2.979455982864119556e-02
3.033885760021845512e-02
3.052130681049523842e-02
3.059221059573775936e-02
3.055346089441640656e-02
3.036777473996302157e-02
2.996023464259701952e-02
2.947361661913425190e-02
2.888204755115346412e-02
2.829337727384036161e-02
2.789923679210438989e-02
2.777865153953326671e-02
2.775757457994383615e-02
2.800942992692516398e-02
2.829167754167292992e-02
2.858721232808070223e-02
2.885295850382679772e-02
2.917118634327506288e-02
2.939748539893037582e-02
2.948257682397953383e-02
2.959469714111474803e-02
2.968175706897972776e-02
2.958496236343106933e-02
2.943609239511991993e-02
2.916471009004503734e-02
2.886845399970569548e-02
2.873716665177229734e-02
2.852305230930182733e-02
2.832885030467802157e-02
2.833278589172290307e-02
2.836133419269108724e-02
2.846407377135760919e-02
2.866359412337492196e-02
2.896868817280146002e-02
2.931395962184844828e-02
2.960231486893503960e-02
2.984217619049499282e-02
2.983696800615656675e-02
2.974404290873096379e-02
2.951623667583012922e-02
2.924700616314303281e-02
2.902825981776452346e-02
2.871454686238540666e-02
2.837039472771382687e-02
2.825690818902804047e-02
2.832014012001102254e-02
2.849662898912819209e-02
2.864031110101135369e-02
2.868516501626865167e-02
2.881749287455043218e-02
2.892872772001714443e-02
2.891249290438534236e-02
2.885857874073680107e-02
2.884214508093974061e-02
2.879135688392227277e-02
2.860569220932251966e-02
2.841496259244156997e-02
2.816780590391208816e-02
2.795739599901969630e-02
2.801659830414375552e-02
2.807593905345655283e-02
2.799407932114458819e-02
2.782389304469279345e-02
2.758525019656685173e-02
2.732171819811235469e-02
2.719011159785987564e-02
2.709233622881185299e-02
2.690254611672535101e-02
2.675668793450967919e-02
2.656459260535390388e-02
2.644780681833719393e-02
2.635260879483809771e-02
2.634728012908447992e-02
2.634542501936788794e-02
2.641846233016394152e-02
2.643503496467471126e-02
2.646730193790343411e-02
2.639533349173769916e-02
2.631161124946720942e-02
2.618022859513501055e-02
2.617779941237720343e-02
2.624885988933083059e-02
2.628071183905665575e-02
2.639933207692175821e-02
2.648752149048419491e-02
2.658344049230947082e-02
2.656164713717225345e-02
2.656314982759051813e-02
2.654820097050704375e-02
2.656508480094624258e-02
2.666704547066044151e-02
2.669373851614077753e-02
2.662303408831834250e-02
2.646940551543508491e-02
2.627216772140188172e-02
2.623876665935052921e-02
2.617964505195310987e-02
2.603525484784445510e-02
