# game: leduc_poker 
# eval_every: 1 
# num_iterations: 500 
# num_players: 2 
# bootstrap: False 
# truncate_negative: False 
# buffer_size: -1 
# num_hidden_layers: 2 
# num_hidden_units: 75 
# num_hidden_factors: 0 
# use_skip_connections: True 
# num_epochs: 200 
# batch_size: 5000 
# step_size: 0.01 
# 
2.475218879890911605e+00
2.019905427767954009e+00
1.522273609166229669e+00
1.180275760054243950e+00
9.744608607035283310e-01
8.265334648025779440e-01
7.188467491178334168e-01
6.472574387292758802e-01
5.805031636731383671e-01
5.291879452889247659e-01
4.985965686484697401e-01
4.661088193075914043e-01
4.368170114416991545e-01
4.171199889235230329e-01
4.091420540191329502e-01
3.908945827792409400e-01
3.738902039341618355e-01
3.528733174141720497e-01
3.324375699700302111e-01
3.123097586527688874e-01
2.972518843748757078e-01
2.858833991829524690e-01
2.742689326677917316e-01
2.646102263266287835e-01
2.518086287722257621e-01
2.402856009135634907e-01
2.296231713181677569e-01
2.232162469324575071e-01
2.188446226399238526e-01
2.128345743403752266e-01
2.092722640486976149e-01
2.055518169465359035e-01
1.997551361565756967e-01
1.944734363729632709e-01
1.924053493724248165e-01
1.895606632634959099e-01
1.887313359697958270e-01
1.903358115075675927e-01
1.857357081181121861e-01
1.799314093373754198e-01
1.718418953118278081e-01
1.644164035895260279e-01
1.572746930482190608e-01
1.538674308546195968e-01
1.509060156208504311e-01
1.510227054162063265e-01
1.534216538628145887e-01
1.551609239607572854e-01
1.572680297407142158e-01
1.581646440513331531e-01
1.562758192720133943e-01
1.546757941279070236e-01
1.529485094104914289e-01
1.513587879718573947e-01
1.502468546853304721e-01
1.483478655396656132e-01
1.448889642400019717e-01
1.408918510960195936e-01
1.391973081541789670e-01
1.371587183403058796e-01
1.340735983595923164e-01
1.317806145779754634e-01
1.298907355625239513e-01
1.288892164725278511e-01
1.276245858112446396e-01
1.266373252452710485e-01
1.255727214235258793e-01
1.237814063737819187e-01
1.220305744895984618e-01
1.204102137996891919e-01
1.193325441241160634e-01
1.186111415545535452e-01
1.185626733273447697e-01
1.184822367122547876e-01
1.179433052477585758e-01
1.170740040332811371e-01
1.161524308045260856e-01
1.159870948073594421e-01
1.163295663656518514e-01
1.166563273710406745e-01
1.168710724797959039e-01
1.171899617258436860e-01
1.173050868192950930e-01
1.172097342473215481e-01
1.165539286954493381e-01
1.158637494112794292e-01
1.148442566109399154e-01
1.139769694261968808e-01
1.133043015001322790e-01
1.132119215764382930e-01
1.124471875306847779e-01
1.117654695372375523e-01
1.102878815582176431e-01
1.089987779159835718e-01
1.083018180384939660e-01
1.077702459675840135e-01
1.073588223510939244e-01
1.069119231462402064e-01
1.061193019823618994e-01
1.052704306094239400e-01
1.047812575524878637e-01
1.046856054019946886e-01
1.043834031257353384e-01
1.043587069135402667e-01
1.043826411553000905e-01
1.041387435144092988e-01
1.034821137193506213e-01
1.028196623856535291e-01
1.018607852026480881e-01
1.001987750493512491e-01
9.842611479138448083e-02
9.620104558536878014e-02
9.401845840526623643e-02
9.234377101226608209e-02
9.125569981670525466e-02
9.037073547700494314e-02
8.903934471089022806e-02
8.849601285670914697e-02
8.788615022180408520e-02
8.746193402341848055e-02
8.709337056672296351e-02
8.703284638451842803e-02
8.685011660795029231e-02
8.671278502997051274e-02
8.635571469989329618e-02
8.561579718432851815e-02
8.470474128695545946e-02
8.376498378129504374e-02
8.245440557060226827e-02
8.154774930249435172e-02
8.069737194824597171e-02
7.992932189472889970e-02
7.938909776148984909e-02
7.864419366315616999e-02
7.900476882304581505e-02
7.855141144551311405e-02
7.839515400208711682e-02
7.873019647688385414e-02
7.798763586628924827e-02
7.685405050027066531e-02
7.597407453916531217e-02
7.548770492270205634e-02
7.476486775682827934e-02
7.414085016751253976e-02
7.348998162636273535e-02
7.352663569743547733e-02
7.385154756519402008e-02
7.414101648877499673e-02
7.457815120687255606e-02
7.506030884239946188e-02
7.542909738318442914e-02
7.558605192093040270e-02
7.560411089568844223e-02
7.572314590598930306e-02
7.561016511860430001e-02
7.483331147295373131e-02
7.373766127794048608e-02
7.232637803985277059e-02
7.168533725913681098e-02
7.047045520192316004e-02
6.951464852821247209e-02
6.894809351753378168e-02
6.829275817071006616e-02
6.827610028428861277e-02
6.770358779308523201e-02
6.706938563675073073e-02
6.667435797040954792e-02
6.642527374674406238e-02
6.603021537586156731e-02
6.580461879251163493e-02
6.582796151395824136e-02
6.604655606065960860e-02
6.643258367651015683e-02
6.678159192288132817e-02
6.729322055416531168e-02
6.797845223413327698e-02
6.853210577449329877e-02
6.922214263337513052e-02
6.985517085801537518e-02
7.046207632866981208e-02
7.096591770226286233e-02
7.080519938543496095e-02
7.037595001399868377e-02
6.989388441528501805e-02
6.929806942826743921e-02
6.879637124365853285e-02
6.855360196367119019e-02
6.823075388326814428e-02
6.791064347879670338e-02
6.729030650953206349e-02
6.664740975337481166e-02
6.596402368607295896e-02
6.530019495123012829e-02
6.487572434629329532e-02
6.439913520379511591e-02
6.390181726910848514e-02
6.366690029318990141e-02
6.378205985518284327e-02
6.382654242329602323e-02
6.381033277875106102e-02
6.374836876224872217e-02
6.365096816774908073e-02
6.332740571731759749e-02
6.282864303956382790e-02
6.234115170533800765e-02
6.166983542185405787e-02
6.111578969511397008e-02
6.055118079226186334e-02
6.011136400338366881e-02
5.979488956374681696e-02
5.937956611412797958e-02
5.938258163780325838e-02
5.930413238886138305e-02
5.935600416996418549e-02
5.939092650556009045e-02
6.008525122002983387e-02
6.036207536559384801e-02
6.049237207171281883e-02
6.064680290753240999e-02
6.072709825459066124e-02
6.059326128953279600e-02
6.048012257846062389e-02
6.025173384589659065e-02
6.015686043595663834e-02
6.006978451355329818e-02
6.008977912302447544e-02
6.005616274233080421e-02
6.000380260566950952e-02
5.994383282594026308e-02
5.977851187189177351e-02
5.952491318226939276e-02
5.902516197128494790e-02
5.859941054636960689e-02
5.824157334552336474e-02
5.777190756098316005e-02
5.722595099291857834e-02
5.682763530861723034e-02
5.671594263718400530e-02
5.650032498253158841e-02
5.630489802611005068e-02
5.607045332499953350e-02
5.558427516356535814e-02
5.499561592980280189e-02
5.473466098605862806e-02
5.456648855927398456e-02
5.457796065077721859e-02
5.457383836728973980e-02
5.450535594979304121e-02
5.429508874229312110e-02
5.389125245792242280e-02
5.368854490124250201e-02
5.347400206812744083e-02
5.356980627119548033e-02
5.351714734271531548e-02
5.350752224220049758e-02
5.357270236183843404e-02
5.387769824569381416e-02
5.418846815772584979e-02
5.443736681376179498e-02
5.463438654989447030e-02
5.472856718852986413e-02
5.463483382432071656e-02
5.470085058780753406e-02
5.444216263317351590e-02
5.420769701205828406e-02
5.405162839286491161e-02
5.387208030983259288e-02
5.379318627785219242e-02
5.366612081483437824e-02
5.372847003319172754e-02
5.395571675142671331e-02
5.424584589105613253e-02
5.458434335388263892e-02
5.494426448198783119e-02
5.502720375973642331e-02
5.493159747081746702e-02
5.474419656447938876e-02
5.452556092834365264e-02
5.414784150026454024e-02
5.340906255293169369e-02
5.253648228369035833e-02
5.160462309049694551e-02
5.068394092270568640e-02
4.980131022075744152e-02
4.899993463487392620e-02
4.847992709712180270e-02
4.801440454630750976e-02
4.785186307276823037e-02
4.742209572567621101e-02
4.694855830811690833e-02
4.657429827277033418e-02
4.616806021601221888e-02
4.573663955073352383e-02
4.530428309222229999e-02
4.493961849492848770e-02
4.462642844319388014e-02
4.426329550602497998e-02
4.386093520877033802e-02
4.347395065795565949e-02
4.310934666725753373e-02
4.271328309138790191e-02
4.229463927663947020e-02
4.185420766733449760e-02
4.175664460461198102e-02
4.163248569977429092e-02
4.165178059892218898e-02
4.159527178460474539e-02
4.150776775942256747e-02
4.138097923606906536e-02
4.133068876134035619e-02
4.116365464467899860e-02
4.105977934659618689e-02
4.103115607227002248e-02
4.107768917487455984e-02
4.111605403880450038e-02
4.133156382368671777e-02
4.153874478716125529e-02
4.168089123656666672e-02
4.157852676558347615e-02
4.145735922227500314e-02
4.143605306467099125e-02
4.153329037233496890e-02
4.151369960018080896e-02
4.150777920162315726e-02
4.157027470229231192e-02
4.161535658937785820e-02
4.160178934718582189e-02
4.156386281670358673e-02
4.157043921556675958e-02
4.156027567067732686e-02
4.157711750792603134e-02
4.153995114391277610e-02
4.149334756231169707e-02
4.139539328124210160e-02
4.127451920872354796e-02
4.104498683326669728e-02
4.075893423244074387e-02
4.054394575163912384e-02
4.047549847942405465e-02
4.038203847896013055e-02
4.032558654107357143e-02
4.038110074890617629e-02
4.048953515431277794e-02
4.107154590313612241e-02
4.147332772021666836e-02
4.200564758494312878e-02
4.240033315510091660e-02
4.254801487498800772e-02
4.268147817992626325e-02
4.278353542569261758e-02
4.300848414527397301e-02
4.317239235242524564e-02
4.324357193786511344e-02
4.321607817357762948e-02
4.315082399801546675e-02
4.320299257657363168e-02
4.334422274197453906e-02
4.314374769637391305e-02
4.285504944374153580e-02
4.259431517676179335e-02
4.222944673950464189e-02
4.192346704129996937e-02
4.142945889145376037e-02
4.099703072905780399e-02
4.051172288953568124e-02
4.000812922906399338e-02
3.982048621742360905e-02
4.022340741217249327e-02
4.052202499124417379e-02
4.058043754152020066e-02
4.050196007164154344e-02
4.031177232316070225e-02
4.016026783308042358e-02
4.002292273863951311e-02
4.000623829699664902e-02
3.984397427393077118e-02
4.001289850545544646e-02
4.029419730226635465e-02
4.060431492438999757e-02
4.103735477653973340e-02
4.137704213557422128e-02
4.167036022028025588e-02
4.188979836658424105e-02
4.215384108514712291e-02
4.221509269629795946e-02
4.215931015796949011e-02
4.187750383339490512e-02
4.157106486789366451e-02
4.125949597626901721e-02
4.102987713674577375e-02
4.075810627166728817e-02
4.054588159235381073e-02
4.049433535910296200e-02
4.044118035636079522e-02
4.048497362528914734e-02
4.050209209753342920e-02
4.064056214161608505e-02
4.080778817902376565e-02
4.105682940909682888e-02
4.120685373233390347e-02
4.139272255534059974e-02
4.158815018078211578e-02
4.178943208657583119e-02
4.191630478856557540e-02
4.201252491842599746e-02
4.201935816946905655e-02
4.215008341796110114e-02
4.199738440815052598e-02
4.182450092939415942e-02
4.156341409969910305e-02
4.125845203831406127e-02
4.112506443325138206e-02
4.078362444120318953e-02
4.044756883590278074e-02
4.016543522636792374e-02
3.992181353571068458e-02
3.966780981113038340e-02
3.947297339292135665e-02
3.928660071689385469e-02
3.921412631519165248e-02
3.907365515662476751e-02
3.896683477446317989e-02
3.885640779728033456e-02
3.899640105043325478e-02
3.922925083692489767e-02
3.946354545302437067e-02
3.952340232184760327e-02
3.946337728573708070e-02
3.917730401398100692e-02
3.886838851561641439e-02
3.857134415692975438e-02
3.829018543581512446e-02
3.811894064631587975e-02
3.803145006045779986e-02
3.785939903236683335e-02
3.774629988948995096e-02
3.763646862751837685e-02
3.759490005379430289e-02
3.769613291251185105e-02
3.779146473314241861e-02
3.788417660847967494e-02
3.788648833405890148e-02
3.786903310426034674e-02
3.776079253951943049e-02
3.759673826714096667e-02
3.744139984061162219e-02
3.727166197290084082e-02
3.707300842155819565e-02
3.680154382813240199e-02
3.647603608123477226e-02
3.637639136102897852e-02
3.627811164701354174e-02
3.628710265265076840e-02
3.628866338552297344e-02
3.634341213381205027e-02
3.637419310664265215e-02
3.647781572697686436e-02
3.652185284988876401e-02
3.663090272565852623e-02
3.672978704126464433e-02
3.684349712599584159e-02
3.696304901288760547e-02
3.710193952960198771e-02
3.717995365617431103e-02
3.723353497909950849e-02
3.728348976623524491e-02
3.729601816983779683e-02
3.726083657401271787e-02
3.720151331811534512e-02
3.722276878256400301e-02
3.732867424219007968e-02
3.737328194820699334e-02
3.730114540285353608e-02
3.716211008550704409e-02
3.706177096533069815e-02
3.688336457143717717e-02
3.682970031990592807e-02
3.686194725176253351e-02
3.679040596194706192e-02
3.660235882681941999e-02
3.646829165824293228e-02
3.642671530089436338e-02
3.627679682379643389e-02
3.623803005164386026e-02
3.616015043533811479e-02
3.606272914617428271e-02
3.584180610791147525e-02
3.572754805157693503e-02
3.565050308426759296e-02
3.553835655072389021e-02
3.544157136430739485e-02
3.535948304669161990e-02
3.528563416499243266e-02
3.522070995871690036e-02
3.515310450045451562e-02
3.508700300587971888e-02
3.502509824805279115e-02
3.499792377946114863e-02
3.504352904963511928e-02
3.505494363626385224e-02
