# game: leduc_poker 
# eval_every: 1 
# num_iterations: 500 
# num_players: 2 
# bootstrap: False 
# truncate_negative: False 
# buffer_size: -1 
# num_hidden_layers: 2 
# num_hidden_units: 30 
# num_hidden_factors: 0 
# use_skip_connections: True 
# num_epochs: 200 
# batch_size: 5000 
# step_size: 0.01 
# 
2.081921906821636803e+00
1.879429391736345822e+00
1.564787881277436732e+00
1.259099380738126772e+00
1.086092170583311312e+00
9.869852473482731980e-01
9.286575893907135226e-01
8.986869141880586831e-01
8.710413614800073256e-01
8.496293736277348296e-01
8.211597457467185723e-01
7.930182884010807953e-01
7.592740915432019122e-01
7.334771611438406502e-01
7.151043165147963343e-01
7.021878297514470013e-01
6.777820513311658690e-01
6.461017731605405157e-01
6.173568512355598337e-01
5.865833052582152263e-01
5.691019421656824395e-01
5.543254653932107034e-01
5.386114728650361894e-01
5.247624104986610138e-01
5.164820230545797974e-01
5.191985796757487837e-01
5.287364221739765391e-01
5.326376714900570297e-01
5.250293549411846339e-01
5.165292777750957187e-01
5.085634714387647914e-01
5.021017884714861212e-01
4.963006367701181532e-01
4.908175029929412458e-01
4.840283501412834810e-01
4.766162507217628352e-01
4.689118227768064306e-01
4.605392130938422701e-01
4.521322601812167163e-01
4.441788252373461976e-01
4.349545123844575922e-01
4.271975717482308643e-01
4.200432420522080545e-01
4.157652787646686221e-01
4.122002531617049992e-01
4.088926457934438097e-01
4.065210932700091262e-01
4.030904881321434319e-01
3.999741662528044639e-01
3.964331949560845891e-01
3.932288388142299307e-01
3.905985102764211736e-01
3.902736224554228528e-01
3.905289097232952367e-01
3.911802360351482877e-01
3.913821091657550544e-01
3.910775750654471028e-01
3.912654435174952594e-01
3.917560030142792638e-01
3.911324587957518695e-01
3.885060699107009130e-01
3.848038720975602844e-01
3.802871790379172556e-01
3.763219997611029211e-01
3.725570686541905818e-01
3.689169581063782566e-01
3.649997270832894269e-01
3.608365181493383700e-01
3.560556248802765333e-01
3.516462602135242976e-01
3.473542230595495495e-01
3.431053782190897627e-01
3.372204714245635171e-01
3.313151058063944498e-01
3.266350727214606398e-01
3.239965796829560873e-01
3.214554318735661220e-01
3.198717279581429485e-01
3.184723981901479428e-01
3.168806007130743341e-01
3.137686605242387405e-01
3.100455593992140768e-01
3.071936250228114451e-01
3.056426745337312845e-01
3.042826945261110638e-01
3.034390452805501570e-01
3.028064809957287107e-01
3.009534511497687914e-01
2.985020539853601163e-01
2.968584009999807316e-01
2.966461618117238741e-01
2.966303072632254789e-01
2.971186160058826853e-01
2.970198265626534107e-01
2.959842132421137140e-01
2.947269381916609032e-01
2.936670572088967424e-01
2.940714940540661293e-01
2.940927250389921421e-01
2.940570026899361755e-01
2.940392703947442010e-01
2.938114216111483712e-01
2.931415300031914306e-01
2.933639063336599406e-01
2.939764092963150777e-01
2.933205038637344275e-01
2.926702437651539368e-01
2.922505716322557623e-01
2.918847761456151435e-01
2.912680937105253665e-01
2.907135573336470102e-01
2.904536636332087363e-01
2.907945747569641304e-01
2.907101851268493187e-01
2.910008016978623546e-01
2.907362825163559705e-01
2.903832905067428860e-01
2.898619217289392092e-01
2.897263636579036628e-01
2.902523440034926461e-01
2.905062931210298238e-01
2.913738740380469316e-01
2.927526142542013488e-01
2.931950233481811496e-01
2.939234732061403177e-01
2.949014544677879268e-01
2.956222234997491483e-01
2.967266102714302689e-01
2.975325364322091160e-01
2.976976250575255056e-01
2.986457379949103430e-01
2.997974028034801064e-01
3.010817447342538644e-01
3.022104977464262765e-01
3.029906000127509103e-01
3.046545504107752711e-01
3.063818690540587308e-01
3.074630929665158607e-01
3.093991733309545689e-01
3.101452629064692657e-01
3.102613569583234643e-01
3.105059100600525146e-01
3.104605612150570515e-01
3.100148255339116865e-01
3.094489326843238297e-01
3.081781996108923782e-01
3.075321217932644458e-01
3.063530849207970475e-01
3.050588459876113490e-01
3.046880072945932771e-01
3.033391012491142846e-01
3.021384520865161294e-01
3.010457200609910622e-01
2.998372024361367627e-01
2.984556458588439321e-01
2.970777261781199496e-01
2.965970789067519653e-01
2.956106773061478732e-01
2.950538318725635656e-01
2.940794472356229594e-01
2.933383156620424925e-01
2.926461931665317318e-01
2.915965256950003304e-01
2.906151089410189958e-01
2.898988307489861471e-01
2.896449792083967689e-01
2.892771927438551605e-01
2.885545460923044092e-01
2.878531330801514798e-01
2.869342672112064063e-01
2.859791938990995375e-01
2.851995594944957135e-01
2.842477553077034091e-01
2.832716216124401276e-01
2.819763740452067013e-01
2.807950090081329231e-01
2.796631020420076164e-01
2.782596177778951518e-01
2.769126227345352076e-01
2.756425142576736098e-01
2.742685555212274195e-01
2.730628810637857340e-01
2.722660300735071925e-01
2.719385981660079610e-01
2.717391903931126729e-01
2.715838653557354765e-01
2.715851447057621160e-01
2.714367900128030753e-01
2.715279131565458970e-01
2.716554477254998767e-01
2.717815233196224645e-01
2.718075879116800819e-01
2.725584108566945774e-01
2.728021640307777274e-01
2.722099661119427028e-01
2.722970219106552459e-01
2.720032095534899996e-01
2.716711056949980829e-01
2.712940854540802915e-01
2.704199799189846987e-01
2.694973525582974871e-01
2.682701110568238012e-01
2.670237425589704894e-01
2.660906241366073344e-01
2.648666242615368982e-01
2.632543039315646816e-01
2.618208379477643399e-01
2.601934681026507601e-01
2.589055845773046705e-01
2.575685060022757655e-01
2.562109119540409430e-01
2.549378634395407239e-01
2.539179591567857774e-01
2.528813627449856827e-01
2.518798572921493450e-01
2.512928251887603381e-01
2.505260347253480679e-01
2.500564090300627096e-01
2.493115447936214979e-01
2.483664144957970776e-01
2.473916750934010422e-01
2.462638394673695719e-01
2.454152604811314919e-01
2.444416098555373673e-01
2.435909037877204142e-01
2.425148353438454363e-01
2.417270426715956155e-01
2.406704987415315133e-01
2.398401938311535697e-01
2.389667575263517418e-01
2.380905482337507539e-01
2.372594613979279177e-01
2.366082863601112751e-01
2.359573649195570999e-01
2.352619850591420869e-01
2.343894552086088212e-01
2.335313266052564396e-01
2.327766533691126016e-01
2.319337379672183896e-01
2.311149797496521718e-01
2.302675914822263359e-01
2.297326133240947532e-01
2.293335000266810697e-01
2.290007195874852464e-01
2.289007065531177831e-01
2.285122571490099119e-01
2.280601564768121037e-01
2.276035676919722084e-01
2.270702196631595449e-01
2.268174559756667430e-01
2.263634279819853046e-01
2.258010371081231038e-01
2.251974327592587977e-01
2.243924928199509394e-01
2.237078150574113300e-01
2.235361045615624764e-01
2.232871556607275432e-01
2.230737753764536480e-01
2.228984473508281994e-01
2.225853575556202557e-01
2.225444594234637086e-01
2.223013605852421914e-01
2.220155022970036751e-01
2.216638846716479372e-01
2.214378686230032423e-01
2.208639312440894287e-01
2.202705301659031445e-01
2.197256698678049514e-01
2.191514501155877315e-01
2.188857145047528041e-01
2.185693658595664335e-01
2.180783032200341864e-01
2.176235005592713212e-01
2.172236540053321119e-01
2.168586342773426989e-01
2.164465195285629195e-01
2.161518353207497189e-01
2.158553387682488611e-01
2.153409660121242131e-01
2.147685652508933285e-01
2.141657950815804012e-01
2.135957993813278610e-01
2.131880243995039614e-01
2.126778973783247650e-01
2.126134093646811496e-01
2.125167284666071854e-01
2.123685054770660663e-01
2.122114401696096886e-01
2.121318451445554087e-01
2.121126845883422041e-01
2.119979507053081913e-01
2.119015266409167153e-01
2.118801924361635169e-01
2.119952901057753913e-01
2.121828418735721145e-01
2.124070171687738595e-01
2.125572386552307957e-01
2.127049378225614462e-01
2.128507679825172305e-01
2.128147150121753595e-01
2.128789784247576145e-01
2.128759416422819906e-01
2.129276935691822303e-01
2.129340459433098354e-01
2.129703886361165588e-01
2.129939706768184671e-01
2.129932033561979243e-01
2.128444503578472702e-01
2.124942517916343643e-01
2.122685654747854811e-01
2.121416265348287922e-01
2.120126720855812219e-01
2.119942186942170292e-01
2.119077522006356795e-01
2.117081427514906355e-01
2.115515505273800889e-01
2.114988172504759789e-01
2.112096067267327792e-01
2.111384109549796773e-01
2.108461333007615179e-01
2.106052428979238722e-01
2.103047196728024260e-01
2.099607214877464711e-01
2.097033400570261219e-01
2.094385956185414177e-01
2.091407003587985591e-01
2.089069888581726320e-01
2.087421748444678871e-01
2.085839900472475916e-01
2.083651792737420960e-01
2.080571857986520112e-01
2.081228568702908066e-01
2.082968288601071416e-01
2.081001553372120449e-01
2.078332873579972484e-01
2.076112006529629572e-01
2.075846960513569872e-01
2.074087385205623801e-01
2.072558236011675104e-01
2.070898264252777066e-01
2.069841748940546011e-01
2.067830613292401809e-01
2.066131850810735970e-01
2.066535018520390399e-01
2.063606444087435210e-01
2.060904232756508858e-01
2.058061684967641969e-01
2.054092446637495739e-01
2.050001797664863235e-01
2.047363514551665264e-01
2.044688378689882846e-01
2.042245736230564879e-01
2.038894159530064976e-01
2.037582153080726988e-01
2.035443675156021481e-01
2.033574632153586637e-01
2.032241139199147950e-01
2.030322068307698902e-01
2.030797241427059474e-01
2.030559943654360600e-01
2.029896321810595594e-01
2.030679553767566481e-01
2.031435653664895313e-01
2.032056253993126393e-01
2.032905741746596218e-01
2.034077267381562970e-01
2.036201134653982669e-01
2.038801393902430481e-01
2.041032694338625886e-01
2.043450667276739130e-01
2.045830878868993286e-01
2.047958998480808313e-01
2.050068886908694710e-01
2.052259581479902728e-01
2.054166812557222110e-01
2.055662169994775801e-01
2.057676637474741554e-01
2.059524748505948133e-01
2.060378161021468868e-01
2.061013163782398905e-01
2.063474731075246038e-01
2.063520888738655801e-01
2.063816975628462169e-01
2.064230160741985509e-01
2.063142636062561541e-01
2.062063250156758731e-01
2.061401469804574615e-01
2.060006236491732923e-01
2.057083526053523903e-01
2.054160961824314513e-01
2.052523172107222349e-01
2.051014285049301278e-01
2.050408250603572846e-01
2.047830837728165654e-01
2.045117556953251481e-01
2.043012015863598652e-01
2.039414746001123324e-01
2.035640749966271812e-01
2.031457498350548452e-01
2.027356867668253515e-01
2.023758416117491798e-01
2.019169123417919876e-01
2.016515510901059627e-01
2.012614611380896257e-01
2.008241018073676498e-01
2.003747262464541379e-01
2.000012767481496312e-01
1.994693847972996426e-01
1.990231142776267004e-01
1.985834267035394562e-01
1.981740628579375663e-01
1.976940569896069866e-01
1.973446410279070529e-01
1.969765700250573071e-01
1.967809729052238388e-01
1.964980986722104639e-01
1.962167941089617007e-01
1.959468346388741067e-01
1.957409999069120166e-01
1.956097839610078104e-01
1.954122508348322129e-01
1.953187344144434179e-01
1.952208737552878770e-01
1.952374859483013425e-01
1.955171352645183325e-01
1.956144058814698605e-01
1.956929475664497264e-01
1.958364901192939378e-01
1.960481178880243980e-01
1.962432893859884786e-01
1.964419081471637796e-01
1.966586291734829239e-01
1.968785944451611480e-01
1.971808611439245518e-01
1.972900809600967587e-01
1.974362128564505492e-01
1.977097639631389958e-01
1.980824588484426108e-01
1.984112366364062519e-01
1.986848695160809142e-01
1.988758045519932738e-01
1.988783325398131296e-01
1.990842743909500001e-01
1.991484996384273731e-01
1.993268983484204337e-01
1.994816535724800999e-01
1.996756662659777137e-01
1.998504097597985640e-01
1.999407977874570752e-01
2.000038613258618148e-01
2.000400506456157523e-01
2.001466529655077098e-01
2.002608376926692801e-01
2.003389267115288086e-01
2.003770354091936601e-01
2.003685661658360651e-01
2.002269945036139198e-01
2.002675401084703377e-01
2.003191209590068356e-01
2.005216289367701132e-01
2.006879522863131149e-01
2.009209670367323453e-01
2.011416141659012058e-01
2.013066612168072367e-01
2.014186509700341410e-01
2.014978733621592966e-01
2.016025021037876064e-01
2.017138551635628274e-01
2.017254302863637216e-01
2.018417561752312017e-01
2.018858294681306620e-01
2.018384212515568765e-01
2.018996800151379722e-01
2.019345530619392759e-01
2.021347388418956725e-01
2.024388154622726033e-01
2.026594688232359609e-01
2.028705671698762258e-01
2.030659231902078865e-01
2.032054538211350569e-01
2.033295702744395417e-01
2.034481177846698130e-01
2.035707323309797756e-01
2.036101122619895787e-01
2.035598505604414576e-01
2.034082195503654766e-01
2.033627485851988159e-01
2.032959380015334494e-01
2.032098407532900719e-01
2.031029292540614262e-01
2.029628931402848169e-01
2.028942195901464740e-01
2.027247726254627069e-01
2.025173762316173076e-01
2.023912170397486054e-01
2.021650569842051715e-01
2.019955697380891313e-01
2.018168356588946333e-01
2.016874612543286815e-01
2.015671922324998033e-01
