# game: leduc_poker 
# eval_every: 1 
# num_iterations: 200 
# num_players: 2 
# bootstrap: False 
# truncate_negative: False 
# buffer_size: -1 
# num_hidden_layers: 2 
# num_hidden_units: 50 
# num_hidden_factors: 0 
# use_skip_connections: True 
# num_epochs: 200 
# batch_size: 5000 
# step_size: 0.01 
# 
2.330538851952610457e+00
1.885014568888346620e+00
1.399595553484234145e+00
1.183436299986145190e+00
1.021928569779573248e+00
9.414909309647292446e-01
8.428437972222682095e-01
7.709579087382452123e-01
6.696545454189748448e-01
6.219475439803314742e-01
5.797500091358772645e-01
5.492272313795243388e-01
5.242648378888781213e-01
5.000340970258432272e-01
4.711050727531858051e-01
4.436230973865417093e-01
4.242871193983592804e-01
4.075255038400261709e-01
3.901376089664938540e-01
3.725256673763699400e-01
3.568694557015280600e-01
3.440730571891898459e-01
3.319887197558402114e-01
3.212803681639744835e-01
3.120880143685773600e-01
3.097679104690936325e-01
3.060765114468766979e-01
2.983020661746909052e-01
2.902437495230691944e-01
2.812231070239769037e-01
2.741994293433699381e-01
2.662097842273817294e-01
2.577858857507202561e-01
2.486641898049375132e-01
2.423743921180551708e-01
2.351008055957657661e-01
2.292645994689639366e-01
2.257938812748617741e-01
2.219427815405132232e-01
2.153498123931570363e-01
2.093491651868004677e-01
2.081576760307324858e-01
2.055107794480965921e-01
2.029145296983856928e-01
2.000453571617245574e-01
1.963583459583621849e-01
1.939526547776849186e-01
1.940677773297747599e-01
1.924387798754441103e-01
1.889838310295268164e-01
1.862395871392699687e-01
1.836186311486922296e-01
1.809292525044968458e-01
1.772239201659774332e-01
1.719396412970502497e-01
1.651561074445584976e-01
1.585632087714463068e-01
1.555745314489742903e-01
1.535878240542027928e-01
1.524140993753291817e-01
1.518634255150574652e-01
1.524468220223686998e-01
1.517413829486877475e-01
1.500304279243459549e-01
1.491455954897185909e-01
1.487479606597707782e-01
1.477199430473180586e-01
1.469750215588566944e-01
1.466160198477445276e-01
1.467933548323400728e-01
1.465253432882188123e-01
1.448392560530588624e-01
1.426555333299201200e-01
1.406991892480758954e-01
1.378776906266902524e-01
1.345174284931172637e-01
1.312802498751993729e-01
1.285954566217608619e-01
1.255986927470033321e-01
1.234634285030797446e-01
1.219557913117796377e-01
1.213626534329808465e-01
1.202199597540281745e-01
1.198721816663241291e-01
1.189850071499664041e-01
1.184301939351039279e-01
1.181283598887409303e-01
1.189092195235418453e-01
1.196501021973096213e-01
1.202410168620041270e-01
1.209036311862872470e-01
1.204563879047593766e-01
1.190356400871511594e-01
1.175140216539035110e-01
1.161322569892642154e-01
1.149853169685797760e-01
1.144224218294961487e-01
1.157209045115192708e-01
1.166459262496053750e-01
1.175253598878909789e-01
1.182691678569923882e-01
1.187838871296668097e-01
1.176505095766228887e-01
1.160746535046283945e-01
1.148093940527086104e-01
1.132631974609768083e-01
1.119601792536207424e-01
1.104789886058263754e-01
1.090471727331247948e-01
1.080579370109222698e-01
1.075399057258287078e-01
1.066556999256925292e-01
1.058224330712934369e-01
1.048274753682433141e-01
1.042810488926695228e-01
1.041247365803190245e-01
1.038858381068953202e-01
1.028303185716865492e-01
1.019969950569686590e-01
1.016513224752636224e-01
1.007996589526042042e-01
9.996449163805415372e-02
9.920648881959795440e-02
9.884353430148176689e-02
9.830862270321846785e-02
9.784127836826236879e-02
9.781646475732913570e-02
9.720906648493007896e-02
9.704178266682640663e-02
9.676114638959086578e-02
9.666965020168549749e-02
9.663406831009260789e-02
9.629954890428757408e-02
9.651056155082517185e-02
9.683255773508771258e-02
9.735679573180117119e-02
9.755804430849834841e-02
9.744006826252274434e-02
9.783444623663314910e-02
9.771713132271725444e-02
9.759277741708331788e-02
9.710628689124017887e-02
9.652159156269125850e-02
9.568921061730219224e-02
9.451776872441632060e-02
9.313537316852270320e-02
9.169920315563703794e-02
9.041330702875137459e-02
8.951674119072955405e-02
8.890876448504111962e-02
8.819056746847533934e-02
8.760936446745486161e-02
8.721956211386043545e-02
8.715897662855512373e-02
8.686048002737498108e-02
8.655186308524472072e-02
8.627106381999979923e-02
8.578966938899831862e-02
8.538555251976291671e-02
8.496682369057743933e-02
8.423968792072041023e-02
8.365031518213571216e-02
8.325790936826132915e-02
8.312510147759080703e-02
8.335179916781274012e-02
8.398746908395819666e-02
8.439560615559189849e-02
8.467530722129996967e-02
8.435910976397167915e-02
8.357717540629455710e-02
8.294378329914470216e-02
8.215101109253579448e-02
8.101054721077849408e-02
7.973362445949823407e-02
7.834696599133018913e-02
7.671537395696434447e-02
7.536370875792521018e-02
7.447189870415690804e-02
7.378357519148248667e-02
7.349892965244447796e-02
7.325522582072735434e-02
7.294797812549816407e-02
7.293686443507078898e-02
7.308962441797040022e-02
7.363424817520496102e-02
7.399197822530881319e-02
7.439125755690410846e-02
7.489128509613948714e-02
7.529840124875632201e-02
7.601731559508928537e-02
7.668770230559457390e-02
7.723823849893411697e-02
7.765230354675012325e-02
7.781799682509168981e-02
7.799655552339042341e-02
7.817695146270417506e-02
7.824527885759165191e-02
7.806619730591005113e-02
7.765553548518906724e-02
7.694013926443973861e-02
