# game: kuhn_poker 
# eval_every: 1 
# num_iterations: 1000 
# num_players: 2 
# bootstrap: False 
# truncate_negative: False 
# buffer_size: -1 
# num_hidden_layers: 3 
# num_hidden_units: 6 
# num_hidden_factors: 0 
# use_skip_connections: True 
# num_epochs: 200 
# batch_size: 1000 
# step_size: 0.01 
# 
3.898622768035430175e-01
3.820742900453115709e-01
3.164472541357788438e-01
2.790021076817774670e-01
2.336320836343603324e-01
2.085822921555514631e-01
1.787848220313607295e-01
1.564367193980234216e-01
1.390548617704978063e-01
1.251493756534714508e-01
1.137721597296195430e-01
1.030638461940725226e-01
9.685644407381005516e-02
9.022942131690653289e-02
8.787378937133824564e-02
8.422136493854015526e-02
7.703068412721636449e-02
7.626088177613771224e-02
7.434393020323376566e-02
7.389595903739742955e-02
7.095083981115879457e-02
6.772580163175032086e-02
6.413254382221866834e-02
5.990050702227275869e-02
5.698094513120696702e-02
5.580259425809261375e-02
5.427719035646233481e-02
5.231866222915088072e-02
5.117551353721144780e-02
5.064336457128565394e-02
4.794642872930485189e-02
4.508990650703947889e-02
4.200837780262242638e-02
4.057840452962072075e-02
4.301071731120639785e-02
4.473385809154428738e-02
4.540507119376216427e-02
4.473346598418165287e-02
4.194444552080159316e-02
4.089451895194629039e-02
4.065367651037649077e-02
3.888254509301503070e-02
3.885899647117538325e-02
3.830411563434799049e-02
3.657853216715278855e-02
3.511324156131850893e-02
3.346310115897963011e-02
3.150590471634551193e-02
3.079638207935644911e-02
3.017692592961163101e-02
3.050738700646626889e-02
2.997300024147034336e-02
2.911418596919460033e-02
2.802573084973314366e-02
2.700688405744200438e-02
2.657467023482884549e-02
2.589530137175971580e-02
2.610909904336791709e-02
2.659281200865684647e-02
2.669948548848646852e-02
2.713683807897548927e-02
2.777207058508537885e-02
2.810521688575198795e-02
2.813278548683517677e-02
2.775099213562048917e-02
2.686583869356681809e-02
2.591143765167178148e-02
2.482519308745217979e-02
2.477688383937481920e-02
2.453527864013582693e-02
2.398289592709637597e-02
2.352477470242791968e-02
2.271735546843020592e-02
2.186055311015119851e-02
2.080050199958316526e-02
1.927798609035993871e-02
1.832394411464496886e-02
1.877728856337587682e-02
1.975335298690120145e-02
2.080376017326721061e-02
2.139896825141743286e-02
2.143727849055862555e-02
2.071006368059366554e-02
1.979718802012508938e-02
1.908295995164260850e-02
1.931502974953003271e-02
2.024209184362535385e-02
1.981524065131978762e-02
1.973625450588331609e-02
1.915881512722175661e-02
1.943453671697817353e-02
1.961369326593695450e-02
1.971497152167320244e-02
2.005722265865986231e-02
2.003723838307586158e-02
1.977253334667722351e-02
1.948782748018532129e-02
1.917387169812115322e-02
1.883570621231661635e-02
1.839838695865372853e-02
1.790697020600057199e-02
1.733450462539612436e-02
1.746078301835085611e-02
1.761125837358470947e-02
1.771770879680667488e-02
1.778647003172739716e-02
1.770799505339484825e-02
1.732794187386951790e-02
1.705848090488329416e-02
1.677994757156117678e-02
1.651368478462084122e-02
1.661745986359730587e-02
1.634668794238866574e-02
1.632448364102220828e-02
1.620897071288182612e-02
1.587639265645265918e-02
1.537819945937402011e-02
1.477426182152119516e-02
1.412807856851816535e-02
1.343336496190075668e-02
1.282240287168295856e-02
1.231320349817116577e-02
1.183981341909268181e-02
1.161789398828258491e-02
1.158327494990379902e-02
1.307032865982510339e-02
1.406368975318270098e-02
1.481080878886026353e-02
1.532523924297318763e-02
1.569769132445819615e-02
1.588609199666982108e-02
1.575448606185597678e-02
1.557622882623221905e-02
1.527864540698675722e-02
1.488989088720055198e-02
1.474344861441309606e-02
1.454983019168473724e-02
1.427917871881009826e-02
1.396109073495396813e-02
1.347147466312817454e-02
1.291011268898725750e-02
1.273146666951394113e-02
1.245129381886875275e-02
1.212861563043463042e-02
1.224379901378791491e-02
1.269790372900148068e-02
1.307646763804809487e-02
1.340973270674702955e-02
1.361704143003922285e-02
1.375671749531706678e-02
1.362487605092693732e-02
1.336154566317721004e-02
1.328385929690725775e-02
1.330508370225538806e-02
1.372433830897901164e-02
1.408446519129924468e-02
1.436254211851312190e-02
1.454376858531061800e-02
1.461465058666686079e-02
1.454342880523218362e-02
1.435963311920163132e-02
1.414929746949816769e-02
1.391677235098226495e-02
1.365862314051333182e-02
1.337140644075537899e-02
1.332440839774592933e-02
1.300798961675878052e-02
1.287437061520768644e-02
1.290616924091200768e-02
1.292455277889667520e-02
1.289379842711349533e-02
1.280845276643299835e-02
1.267734582534219001e-02
1.242778861131296764e-02
1.221847963428165929e-02
1.191244991805631703e-02
1.160603706329460527e-02
1.105494751365670991e-02
1.061611345485177771e-02
1.007229698740833013e-02
9.614653969193948102e-03
9.127897263393330851e-03
9.592479287002020349e-03
1.035108889515293229e-02
1.079921531146971203e-02
1.126972166548548260e-02
1.154014130372735258e-02
1.161922713317595224e-02
1.164785011195026976e-02
1.147006052207305560e-02
1.127793217015943261e-02
1.104352512646478157e-02
1.118547369674227632e-02
1.124929695426882259e-02
1.121773799854983156e-02
1.112885562679008511e-02
1.096360255585979160e-02
1.074263430082081361e-02
1.039661657315626986e-02
1.010913708275718026e-02
1.023935270942702425e-02
1.032871039140256797e-02
1.055324974837745788e-02
1.066553142385859299e-02
1.081117104204815105e-02
1.089271539913838627e-02
1.092275174154930251e-02
1.095215892925696655e-02
1.092553854855987661e-02
1.088225894952812856e-02
1.081076371719758011e-02
1.068281065458012713e-02
1.052738872386133062e-02
1.030757624512601556e-02
1.006451014516243636e-02
1.004245972485964811e-02
1.016495930491034816e-02
1.022247018351418735e-02
1.022791869518038799e-02
1.017240151373624557e-02
1.007851582571384075e-02
9.950330134479323796e-03
9.791647563401700838e-03
9.614912044827395032e-03
9.497186337924151678e-03
9.419585768596416830e-03
9.313464940883087184e-03
9.185354337112733303e-03
9.043184636926715481e-03
8.882116122034322547e-03
8.657463159086581372e-03
8.423645333958673653e-03
8.136806498294235634e-03
7.923679433249980475e-03
7.736774222091152842e-03
7.585815961596908963e-03
7.428588782433770410e-03
7.214480750214580240e-03
7.113400535018854498e-03
6.903676779096756810e-03
7.038383566750239240e-03
7.373797754538835569e-03
7.747226926095474031e-03
8.003419420219037850e-03
8.358170387405189361e-03
8.581267194552488764e-03
8.799628426608391285e-03
9.021397497132266352e-03
9.076512027424654683e-03
8.980657898735144862e-03
8.781090345794190233e-03
8.773695434518669067e-03
8.724619216460893778e-03
8.606086691992254067e-03
8.428855962073794617e-03
8.220565277463925957e-03
7.958323913800080529e-03
7.668725920741553681e-03
7.351673210446774132e-03
7.030939177274486696e-03
7.012310220486206447e-03
7.155082150885949677e-03
7.258187481888528358e-03
7.505603913264297100e-03
7.734547561970034346e-03
7.943557113186644481e-03
8.107502758956802724e-03
8.214650907925641343e-03
8.276182169578594205e-03
8.269757439916064490e-03
8.197300943635965620e-03
8.084683469234993369e-03
7.999118270635596772e-03
8.207392371003874310e-03
8.592563433659466954e-03
8.765103163724474733e-03
8.933572978144926902e-03
9.079009989437086814e-03
9.180533594361217631e-03
9.242645378110175836e-03
9.396709595733798714e-03
9.360634007528872980e-03
9.242849222639543116e-03
9.092219653709820992e-03
8.913867401229097487e-03
8.682708581275927484e-03
8.434026779118752870e-03
8.192439717041144487e-03
7.895589550959203340e-03
7.850370384391069933e-03
7.811103391314105915e-03
7.706446347349765746e-03
7.530775493065883230e-03
7.320112380602816771e-03
7.218572042678811362e-03
6.995524389088680906e-03
7.129553525449944251e-03
7.248329607562109533e-03
7.410526444692727699e-03
7.463913772339902941e-03
7.511393320984521838e-03
7.590990600310709713e-03
7.606715840372896276e-03
7.524418451941045083e-03
7.631022393092795619e-03
7.845898429368364235e-03
7.973093634208394676e-03
8.002672928561410659e-03
7.927191617393331002e-03
7.796200621391191632e-03
7.620819712144927260e-03
7.376014789033824570e-03
7.088216649030337768e-03
6.819293912364271515e-03
6.986495513539636715e-03
7.149263034735731104e-03
7.316608236176885827e-03
7.497604680538810795e-03
7.590301620349682032e-03
7.652826081901764610e-03
7.742048246509064535e-03
7.663869500190351181e-03
7.545847525064292016e-03
7.416960566028557578e-03
7.648617909015692495e-03
7.853297940438930258e-03
8.031274214219813468e-03
8.181091441840260270e-03
8.309479918242435037e-03
8.395491654309500396e-03
8.445255659420031202e-03
8.435783721833844950e-03
8.391303250929099677e-03
8.333639114848190310e-03
8.262326113935680727e-03
8.175313241742365733e-03
8.085292980432035037e-03
7.986450073799611360e-03
7.865842182229298984e-03
7.718262414620924439e-03
7.514904132925798175e-03
7.327953969259892730e-03
7.126470927048739190e-03
7.030544271320771088e-03
7.006045130630078610e-03
6.963701076451889183e-03
6.943384014072323529e-03
6.916611141107198435e-03
6.842942435555637859e-03
6.788732841837341603e-03
6.697616281472834610e-03
6.681316195491060483e-03
6.679604914144460226e-03
6.710830640741044517e-03
6.709485180012714212e-03
6.667484689221819805e-03
6.568903681114013349e-03
6.447495416095017085e-03
6.299123295726266614e-03
6.159280009252726673e-03
5.992505894507477171e-03
6.234222494948871152e-03
6.437960008704723958e-03
6.593821606459437934e-03
6.683814872605747803e-03
6.630631724317215259e-03
6.642143098166436443e-03
6.575637869174449923e-03
6.510311511473770851e-03
6.453053956539028801e-03
6.261454205010424934e-03
6.291419060845598876e-03
6.515980716409797147e-03
6.727008517819960121e-03
6.902338700493254597e-03
7.027789929097888466e-03
7.115312674900786671e-03
7.130707550403125872e-03
7.093906756798690205e-03
7.021365425682490891e-03
6.904676327941422498e-03
6.759554939840706211e-03
6.754035568894395380e-03
6.944535855697292481e-03
7.109124168793140575e-03
7.246677576000171150e-03
7.359226067674251581e-03
7.440025595801924574e-03
7.495959783632016871e-03
7.519534075589306976e-03
7.493160106004509435e-03
7.448240395993149798e-03
7.382158982419784188e-03
7.295695187541001436e-03
7.208932951499907871e-03
7.108406363100200354e-03
7.003518568946348610e-03
6.890459573812096616e-03
6.774942022531565966e-03
6.627202606582782707e-03
6.465667128931429364e-03
6.317935828267368104e-03
6.130766948129751093e-03
5.992914248086594897e-03
6.027005142033331486e-03
6.064107753173703097e-03
6.121046279432107440e-03
6.211183608245407495e-03
6.271154424133451588e-03
6.322828453887763267e-03
6.346891314612745916e-03
6.407019262706925566e-03
6.466827557642135238e-03
6.519029729458530875e-03
6.539841971653415076e-03
6.390353728239095421e-03
6.366663658506493961e-03
6.302802696925763337e-03
6.195847976269236446e-03
6.090899330100152387e-03
5.946300257878428530e-03
5.810549813388521390e-03
5.825163199684763038e-03
6.002602385435457100e-03
6.163683405216252575e-03
6.275279242535264368e-03
6.312917457316380432e-03
6.318036809576987878e-03
6.293209228849461212e-03
6.208175698369261530e-03
6.094047209758507444e-03
5.909050506877344677e-03
5.764068977175074160e-03
5.616975812258617751e-03
5.645682138287422269e-03
5.785850199314102049e-03
5.912064946109990560e-03
5.957726767969434567e-03
6.028137468853805858e-03
6.050051933993050302e-03
6.065838889180524829e-03
6.028489018122279441e-03
5.975424676072677022e-03
5.888683653622966974e-03
5.744860462513351473e-03
5.586803649241217640e-03
5.594767693900132288e-03
5.742200475879727373e-03
5.868922154364963895e-03
5.989568979226117529e-03
6.079161043330838510e-03
6.167835629818235743e-03
6.243647003359498182e-03
6.296820671872038755e-03
6.325110594260302532e-03
6.307380571081516729e-03
6.273734335785347005e-03
6.242377540233379207e-03
6.184883215913872245e-03
6.131650340230332397e-03
6.068854373899035259e-03
5.998658903049486346e-03
5.923227159383398499e-03
5.847163353516565687e-03
5.762898037553587649e-03
5.676564049382659682e-03
5.628582417946087491e-03
5.571493115539394303e-03
5.513050641192840384e-03
5.603116011161701771e-03
5.686148168923238488e-03
5.719773880099060515e-03
5.716444621473359966e-03
5.746212340166062527e-03
5.762831118135997022e-03
5.780078943569244565e-03
5.723474405100792417e-03
5.735787764204358652e-03
5.737453743325682254e-03
5.695073990300336675e-03
5.638151940784125182e-03
5.525538650950456709e-03
5.331691548168038253e-03
5.213876726950533724e-03
4.994610157388112981e-03
4.834580030789792371e-03
4.713066783116753866e-03
4.626748557683274532e-03
4.496404216474986226e-03
4.557656625438832876e-03
4.675205164338974706e-03
4.774369855946009045e-03
4.876166691277272758e-03
4.949881873213435313e-03
5.057928285614854413e-03
5.142941741803158662e-03
5.190912344834347492e-03
5.250777425146235800e-03
5.337072450333962825e-03
5.404530845313643139e-03
5.454449313009840372e-03
5.457735655464618363e-03
5.510452634660906179e-03
5.595337583923332136e-03
5.686722231598356769e-03
5.758455715725974144e-03
5.816433214937660745e-03
5.940451241331884402e-03
5.956096589043696765e-03
5.970118176274630262e-03
5.958705662375801682e-03
5.944767903648090490e-03
5.939029005906537595e-03
5.907294916110888972e-03
5.944534982236376885e-03
6.025755312251551699e-03
6.061490890055365455e-03
6.102272533703961832e-03
6.140474254620109651e-03
6.140960367358561101e-03
6.102872592804314822e-03
6.060111305942667004e-03
5.999452327745291580e-03
5.987039871095195531e-03
5.956543258516328043e-03
5.926695990160546490e-03
5.860305156877437804e-03
5.789257319395585411e-03
5.732169702574174686e-03
5.640764370061474020e-03
5.566897516852353789e-03
5.411868674550762703e-03
5.330938873224666530e-03
5.263085604526540617e-03
5.147344461991221198e-03
5.064654858081718558e-03
4.945133746192820201e-03
4.948531678784451326e-03
4.906900883555581627e-03
4.817417935058521117e-03
4.824140999007409114e-03
4.925070817179494354e-03
5.026553711949460768e-03
5.124222938805239602e-03
5.222194306404137620e-03
5.323838785580320421e-03
5.422513595897154870e-03
5.533648341993407938e-03
5.675359972032889555e-03
5.816556287054686081e-03
5.957240092766658002e-03
6.097414174545651155e-03
6.237081297620711284e-03
6.376244207255854501e-03
6.514905628928979731e-03
6.653068268510309302e-03
6.790734812438553591e-03
6.927907927894466633e-03
7.064590262973791113e-03
7.200784446856900445e-03
7.336493089978274318e-03
7.471718784192310503e-03
7.606464102939025640e-03
7.740731601407063733e-03
7.874523816695344625e-03
8.007843267972547530e-03
8.140692456635650887e-03
8.273073866465946447e-03
8.404989963784303963e-03
8.536443197603882371e-03
8.667435999781869516e-03
8.797970785169612062e-03
8.928049951760691494e-03
9.057675880838278459e-03
9.186850937119489524e-03
9.315577468900299030e-03
9.443857808197120285e-03
9.571694270887942668e-03
9.699089156851525839e-03
9.826044750105400460e-03
9.952563318942481141e-03
1.007864711606579200e-02
1.020429837872272039e-02
1.032951932883677260e-02
1.045431217313899652e-02
1.057867910329746142e-02
1.070262229604521109e-02
1.082614391330799508e-02
1.094924610232927975e-02
1.107193099579495410e-02
1.119420071195684208e-02
1.131605735475380015e-02
1.143750301393300917e-02
1.155853976516929560e-02
1.167916967018348129e-02
1.179939477685909566e-02
1.191921711935886585e-02
1.203863871823857012e-02
1.201854082380227062e-02
1.199850992234763325e-02
1.197854567946721183e-02
1.195864776297531074e-02
1.193881584288999931e-02
1.191904959141451559e-02
1.189934868291939174e-02
1.187971279392438517e-02
1.186014160308143661e-02
1.184063479115579631e-02
1.182119204101017562e-02
1.180181303758665035e-02
1.178249746788981311e-02
1.176324502097000901e-02
1.174405538790662673e-02
1.172492826179158398e-02
1.170586333771289622e-02
1.168686031273874493e-02
1.166791888590076876e-02
1.164903875817910328e-02
1.163021963248575541e-02
1.161146121364978190e-02
1.159276320840138541e-02
1.157412532535642691e-02
1.155554727500207601e-02
1.153702876968126789e-02
1.158523619025067508e-02
1.156371218480184426e-02
1.153669456551109640e-02
1.150000275217769041e-02
1.145339527434502402e-02
1.140116153200670945e-02
1.134920254704033238e-02
1.129140967227709735e-02
1.123502258182162983e-02
1.117171317685722309e-02
1.110460105931321273e-02
1.103674647585509150e-02
1.095495346940997261e-02
1.076188159681404355e-02
1.059573756711387760e-02
1.049404620668983878e-02
1.043372681682538938e-02
1.045028114630444649e-02
1.042749423570341061e-02
1.037559790400705007e-02
1.038079109528242117e-02
1.037707477298346892e-02
1.038705390867600276e-02
1.032157227647881315e-02
1.025752520165518211e-02
1.028049270252209824e-02
1.031664109181398836e-02
1.035183758151003719e-02
1.036511069306508825e-02
1.033583095209808511e-02
1.036275760708096905e-02
1.038813324903520297e-02
1.034793122516186603e-02
1.035716540293385446e-02
1.037478396262794811e-02
1.037642225080326330e-02
1.034311034266569007e-02
1.036072157901932189e-02
1.038748096563876788e-02
1.038678113561855576e-02
1.036432221821606547e-02
1.040550648234409015e-02
1.043647497636934762e-02
1.046841856546104621e-02
1.056151356107820627e-02
1.058485921387278261e-02
1.060793501573248365e-02
1.068869564026952990e-02
1.070240049930615278e-02
1.071255245321803273e-02
1.069894592760570196e-02
1.068459328983273338e-02
1.056077505941260819e-02
1.055420431821282867e-02
1.054349480836697106e-02
1.051116377880026431e-02
1.046828618081860340e-02
1.041555735105412217e-02
1.033124064261459196e-02
1.030515850099397723e-02
1.028677768714614249e-02
1.019109507148216465e-02
1.015735663192138261e-02
1.014584086871136992e-02
1.012072164497640481e-02
1.007424733200934508e-02
9.975351345213601117e-03
9.882958471963632086e-03
9.802191870381171679e-03
9.827744065130344930e-03
9.822275857920864661e-03
9.796815638778877400e-03
9.789822528295355486e-03
9.796274793479692322e-03
9.961265675773822714e-03
1.013331908330472597e-02
1.012398932229477411e-02
1.010347093851654554e-02
1.005724016939152365e-02
9.999013699494463392e-03
9.912276811983117275e-03
9.815177291384757918e-03
9.792498380216174692e-03
9.736981061617189237e-03
9.736905926149619361e-03
9.728014850639982170e-03
9.714659797805558217e-03
9.694669673891015416e-03
9.667650862680815527e-03
9.631407432053651352e-03
9.592335236767085549e-03
9.545566875250460770e-03
9.553439317563278133e-03
9.498264157142832786e-03
9.435830178617155006e-03
9.364880497005734217e-03
9.289703939506122055e-03
9.206224363225851137e-03
9.173709054955653253e-03
9.019161939042730225e-03
8.903389485970941708e-03
8.731382559108935570e-03
8.542472812880924637e-03
8.401104300613609910e-03
8.271979884785535253e-03
8.135651751717015712e-03
7.957688508243937475e-03
7.758374410635288099e-03
7.620638102333404662e-03
7.514127281556925997e-03
7.554418834020998341e-03
7.576932018586168827e-03
7.599066358469519500e-03
7.696814571270388372e-03
7.727712563692867853e-03
7.750167418142134279e-03
7.770213550077370579e-03
7.866572687709350031e-03
7.955097925411852566e-03
8.093300438730355317e-03
8.211014626861135035e-03
8.343758772884540820e-03
8.445326223278315503e-03
8.515721369213663516e-03
8.587138705015151530e-03
8.667358518480300367e-03
8.897401148208056165e-03
8.876651057724005423e-03
8.847949536867183440e-03
8.950295460012691606e-03
8.971427779982804607e-03
8.983227906828289422e-03
9.015726144366298378e-03
9.110678547962686169e-03
9.201366126635524001e-03
9.283853895192484273e-03
9.359676381363174480e-03
9.429461762431978755e-03
9.494113864073228104e-03
9.551725942724742513e-03
9.547070913637434320e-03
9.591708647748026229e-03
9.624759933025361924e-03
9.652121530383583892e-03
9.617737969174755541e-03
9.630896950118372768e-03
9.636679528154140639e-03
9.640351228821147922e-03
9.636862978383009537e-03
9.620455368490543613e-03
9.493999631641936165e-03
9.423204192205547614e-03
9.293727369066417943e-03
9.180624259864572645e-03
9.044827232647989490e-03
8.877519462797550664e-03
8.783632967914539735e-03
8.704811258274269825e-03
8.780681581318311446e-03
8.880341192628204983e-03
8.936343948686115146e-03
8.993110156199246585e-03
8.962831560593409463e-03
8.954195703126249795e-03
8.843705876047408543e-03
8.923431075884086239e-03
9.049578152973358769e-03
9.146737795980047769e-03
9.266681487056671607e-03
9.344507832501208755e-03
9.391150899364653082e-03
9.398178404551371656e-03
9.384152201359602374e-03
9.352035060556318502e-03
9.316695345307407505e-03
9.276615597713228079e-03
9.231803017478529272e-03
9.182999065270203154e-03
9.131200079037837813e-03
9.076155318094580871e-03
9.019156976361020206e-03
9.009935312624617332e-03
8.947070116814503926e-03
8.880532847469840840e-03
8.812285989416357435e-03
8.741009936633403754e-03
8.667235446818327693e-03
8.590929442900296920e-03
8.511771369924425734e-03
8.430426627196813127e-03
8.347882354520774761e-03
8.262340203586487908e-03
8.175103560609492392e-03
8.085285024074295723e-03
7.993712537571917576e-03
7.899925433214910475e-03
7.804052202776440295e-03
7.706354458523662077e-03
7.606736148043885537e-03
7.505286762589991056e-03
7.401860461297371518e-03
7.296522581400871621e-03
7.189265346590117955e-03
7.256485959346886672e-03
7.348255377102291819e-03
7.439803663730842898e-03
7.531131617539710277e-03
7.622240032998189863e-03
7.713129700760712470e-03
7.803801407689409109e-03
7.894255936903904480e-03
7.968658629336877741e-03
8.039966897414346780e-03
8.102457885580227614e-03
8.291492603127642580e-03
8.346751585683404029e-03
8.401493981288365998e-03
8.437839825191861820e-03
8.473441265713255177e-03
8.499707835447900539e-03
8.527342061621034919e-03
8.547670521144745681e-03
8.569336491336010386e-03
8.578463233227945350e-03
8.572421415014574997e-03
8.575852213052542750e-03
8.578050099510847737e-03
8.564350271810738935e-03
8.548016725083568135e-03
8.538399921864281428e-03
8.517934539475052746e-03
8.507985380518945373e-03
8.517215483421908262e-03
8.513053297880629477e-03
8.506029351351279688e-03
8.494815303217662095e-03
8.479464399483271908e-03
8.573975790054061408e-03
8.548324037230187189e-03
8.553633051519848873e-03
8.599685315190508383e-03
8.646468225590758783e-03
8.685155326454863101e-03
8.723775149285101227e-03
8.761612207535546260e-03
8.793001210290835035e-03
8.821690760759531846e-03
8.847291514865879281e-03
8.914546298264491853e-03
8.934348712606593468e-03
8.949335174853828567e-03
8.962943614046203766e-03
8.972888155474395555e-03
8.978204965180064390e-03
8.981924690067366601e-03
8.979208233286073426e-03
8.973405479411028507e-03
8.966793576955400802e-03
8.956638657790894076e-03
8.946506713556734436e-03
8.936397666371775905e-03
8.926311438706535650e-03
8.916247953381084557e-03
8.859285211649081671e-03
8.849319761417034913e-03
8.839376705455176397e-03
8.829455968362043272e-03
8.819557475074152331e-03
8.809681150864306920e-03
8.799826921339626296e-03
8.789994712439658242e-03
8.780184450434685983e-03
8.770396061923729780e-03
8.760629473832742820e-03
8.750884613412696078e-03
8.741161408238218300e-03
8.731459786205181262e-03
8.721779675529423015e-03
8.712121004744360908e-03
8.702483702700158918e-03
8.692867698561118628e-03
8.729262620111977178e-03
8.719638295235393466e-03
8.710035169312402292e-03
8.696302971080843713e-03
8.686746594162852997e-03
8.668231649234525715e-03
8.650003142979506565e-03
8.625720760286142985e-03
8.598812392802079874e-03
8.566954646808067064e-03
8.534959542487841055e-03
8.502180027886524494e-03
8.465085455680282367e-03
8.425465879646515388e-03
8.401471309275265753e-03
8.358658232910015640e-03
8.312607087575002440e-03
8.263853185017461245e-03
8.214240836423747361e-03
8.163603426750404291e-03
8.108880266910950541e-03
8.126572085776356813e-03
8.159028820492741918e-03
8.189138957517716477e-03
8.219440267667188493e-03
8.246897367632566311e-03
8.271552962703793144e-03
8.294081582879392345e-03
8.314658850574779825e-03
8.332219746919250492e-03
8.348576198467128062e-03
8.359813117928716064e-03
8.370058694638415897e-03
8.377776968629208065e-03
8.380960768721801291e-03
8.381462156456048751e-03
8.378167549857928886e-03
8.369665069582588046e-03
8.360798898974758364e-03
8.351951492749143391e-03
8.343122791399343319e-03
8.334312735670007521e-03
8.318066044859767638e-03
8.288190649175269931e-03
8.270044886218963498e-03
8.173721670457573252e-03
8.149239769459859506e-03
8.127040648006456092e-03
8.112478578193665912e-03
8.053707912657165346e-03
7.975701135356644267e-03
7.923020496560156944e-03
7.815526930377902914e-03
7.737163171937011530e-03
7.665059003975266405e-03
7.545171268522360419e-03
7.419750413442005588e-03
7.306613975207709721e-03
7.178307695211355588e-03
7.045182390773091496e-03
6.962795077764288854e-03
6.849895815339707150e-03
6.710332476077773833e-03
6.568612353625019606e-03
6.519681268989524492e-03
6.375322308627390244e-03
6.229141137565452624e-03
6.081618428052770753e-03
5.932185924570593238e-03
5.862679240234119904e-03
5.795677516423625164e-03
5.769926852410151019e-03
5.701141292509426250e-03
5.631078160145408518e-03
5.559482910373586551e-03
5.496054746676137803e-03
5.456076536414999900e-03
5.415390484887927514e-03
5.374133096130301324e-03
5.332411158144284569e-03
5.290151407083248936e-03
5.247231745960201366e-03
5.245906466267130641e-03
5.201951245968755577e-03
5.153580406563190719e-03
5.065986201401251332e-03
4.958002569048464148e-03
4.826425655505395262e-03
4.679225839727185754e-03
4.608829647725992684e-03
4.771022371686500785e-03
4.915725605014825694e-03
5.048773866211941908e-03
5.168824203072158729e-03
5.268599285980446467e-03
