# game: kuhn_poker 
# eval_every: 1 
# num_iterations: 1000 
# num_players: 2 
# bootstrap: False 
# truncate_negative: False 
# buffer_size: -1 
# num_hidden_layers: 4 
# num_hidden_units: 6 
# num_hidden_factors: 0 
# use_skip_connections: True 
# num_epochs: 200 
# batch_size: 1000 
# step_size: 0.01 
# 
4.123926995815895280e-01
2.749393822940731091e-01
2.295512743414736823e-01
1.929967887436886409e-01
1.710640974987910068e-01
1.430407451761384896e-01
1.320396381576655342e-01
1.348719869738945476e-01
1.307474875754577048e-01
1.176727387897512911e-01
1.069752170606500519e-01
9.806061562293408307e-02
9.004963701972307222e-02
7.935190473704950564e-02
7.073462010557546309e-02
6.531661011092734781e-02
6.256412815646728021e-02
5.739957611408824656e-02
5.246974843736629257e-02
5.088510337257420857e-02
5.280320630768634005e-02
5.480077033508737316e-02
5.529187364590634757e-02
5.601190166662944891e-02
5.581685105191014351e-02
5.523851661755813103e-02
5.626751711369651354e-02
5.835649986329061178e-02
5.973306815101189771e-02
5.886669845369227327e-02
5.570743210896228481e-02
5.282628553882015576e-02
5.055524697612340246e-02
4.832831129988601759e-02
4.611716618322056482e-02
4.387539282323421608e-02
4.152724864345588851e-02
3.894876797607060848e-02
3.586210744177301124e-02
3.244006210219863018e-02
2.886725827647060316e-02
2.605696127381537663e-02
2.835677010844817048e-02
3.032320456890805205e-02
2.923149123764320900e-02
2.780825946696738327e-02
2.624879396753893035e-02
2.494927281968756239e-02
2.444010398528170813e-02
2.366436777308769668e-02
2.342772990603750327e-02
2.338136714474917111e-02
2.294020927137516153e-02
2.251539057859711090e-02
2.189221606278685117e-02
2.064417673394822184e-02
1.982317589041540651e-02
2.030901286189734645e-02
2.034605778080136873e-02
1.912104972519698687e-02
1.782886227409871682e-02
1.743688823633821050e-02
1.923418833018164520e-02
1.931792871610926721e-02
2.103226391050916355e-02
2.180031978119950642e-02
2.151141605501580290e-02
2.062799078297486433e-02
1.946230146174413034e-02
1.876401460868232229e-02
1.771297026469689784e-02
1.644465045950785353e-02
1.661484273466551365e-02
1.727439579275674708e-02
1.764288998615085036e-02
1.741088156855796765e-02
1.684075480644495193e-02
1.666983921443171424e-02
1.689309377582778882e-02
1.675163993964712272e-02
1.619471367710198506e-02
1.592347684251921303e-02
1.603013350944515469e-02
1.623963538784803373e-02
1.596347505219841700e-02
1.562494959193247435e-02
1.610837327778960604e-02
1.631761141926232894e-02
1.626764441277356310e-02
1.587794120639324236e-02
1.504210565188879301e-02
1.406632362809895342e-02
1.341428011873757598e-02
1.238344633958082808e-02
1.170158326887471567e-02
1.225924339028322541e-02
1.293572471548237734e-02
1.335407307949873501e-02
1.345000341747945583e-02
1.380281738919100776e-02
1.369994812854560817e-02
1.306644534025741544e-02
1.267984633020968754e-02
1.303498788975721023e-02
1.291181916437136867e-02
1.257143090073947755e-02
1.251396717026906358e-02
1.211296438401940345e-02
1.250179094393313872e-02
1.275094097753953770e-02
1.285483636576079114e-02
1.283865904124989465e-02
1.264282144218145665e-02
1.232237648111803030e-02
1.232525076545354370e-02
1.289777173264325394e-02
1.336435644325031924e-02
1.360531028246367291e-02
1.366292459934190240e-02
1.353559033110154908e-02
1.318826919260659980e-02
1.282347929970065192e-02
1.238222366965119337e-02
1.187183140621278499e-02
1.131347193551299202e-02
1.072694355810271949e-02
1.012611045388203679e-02
9.523505998979914233e-03
9.701669540462726227e-03
9.777813306453775333e-03
1.005723664268534656e-02
1.020337097143078631e-02
1.043101299646340130e-02
1.065338309995939037e-02
1.083992681560191906e-02
1.095371910497958123e-02
1.081116239050325389e-02
1.048847990577411737e-02
9.988864524391516397e-03
1.020989468771779651e-02
1.048901571350985273e-02
1.053912549961663614e-02
1.025209207335742168e-02
9.778215994275113454e-03
9.484346170650026497e-03
9.057023381192880196e-03
8.879262779644514492e-03
9.033565643148722124e-03
9.051960024167166052e-03
8.919381332203157875e-03
8.995270440638358789e-03
8.984074607816361357e-03
8.823856381437983343e-03
9.071124559932142173e-03
9.547654388841392281e-03
9.843238329013875854e-03
9.960927966327748351e-03
9.961368440370654831e-03
9.880586407796432269e-03
9.673191591844487736e-03
9.300363027729074972e-03
8.897218304817794410e-03
8.753222420188638830e-03
8.779042836690453822e-03
8.758422555857264813e-03
8.692742744139031474e-03
8.580263852499575572e-03
8.597199137980543471e-03
8.876979996884110102e-03
9.106803005632158055e-03
9.275726219164004416e-03
9.357163012654656775e-03
9.344307533156792633e-03
9.217020361720257293e-03
8.985560569755829396e-03
8.659163054609259058e-03
8.251694382210988943e-03
7.779930640012477916e-03
7.268511295919904969e-03
6.711288793428665800e-03
6.584873034299693062e-03
6.509917067355930342e-03
6.340073650464517208e-03
6.199973438917177893e-03
6.083816750192899692e-03
5.807575980807860860e-03
5.372174312281596809e-03
5.080894331036922562e-03
5.475343441575769576e-03
5.930223632484799001e-03
6.309512474336170795e-03
6.597123780220232048e-03
6.777973298500078458e-03
7.075468116780919692e-03
7.329423406281426745e-03
7.458648562967740148e-03
7.461026612066684605e-03
7.426892099488852095e-03
7.375985703083454137e-03
7.336267748385888465e-03
7.362730880539264389e-03
7.343844331803378589e-03
7.279202000796070049e-03
7.170637798975060262e-03
7.021519745711551908e-03
6.939795884424643235e-03
7.063495963413407575e-03
7.154878335058401095e-03
7.215129712066586931e-03
7.241252793201424787e-03
7.253562259281504110e-03
7.240672281533605537e-03
7.207622250003514752e-03
7.149131920178519728e-03
7.054049527737027425e-03
6.946053720330663817e-03
6.841294872191927556e-03
6.736061134620302537e-03
6.632466194177955021e-03
6.533929551867823093e-03
6.438391694899153750e-03
6.348171412361186539e-03
6.258279587207482564e-03
6.140398814590025678e-03
6.016272801731864517e-03
5.979686016813673399e-03
5.913777988245078054e-03
5.835994918177239699e-03
5.746333995757496593e-03
5.633339284387778312e-03
5.510944792826155680e-03
5.371585783544741144e-03
5.210736626161144303e-03
5.286648233978868960e-03
5.396142736563802611e-03
5.345626358898375452e-03
5.173476959875272785e-03
4.907181813700645101e-03
4.610923186492144055e-03
4.787942821344676192e-03
4.886977216663396240e-03
4.989719887291882428e-03
5.244893689346136201e-03
5.447192599055183937e-03
5.595881334436253463e-03
5.681683364497980282e-03
5.691173317998843295e-03
5.805479108869304739e-03
5.818350091264995472e-03
5.748222750935921832e-03
5.637859905916420278e-03
5.497404797584953817e-03
5.302636295105966902e-03
5.077047608816387392e-03
4.826550377148658422e-03
4.543248243489450555e-03
4.282072292730143559e-03
4.361780676696652703e-03
4.505309798774143060e-03
4.735095868570349253e-03
4.933267194796309152e-03
5.109419511679008652e-03
5.230574844361318698e-03
5.313681433734090964e-03
5.360854246966778591e-03
5.428814937846887512e-03
5.529924409607062108e-03
5.609570438761674049e-03
5.681638833397839594e-03
5.741441765674176745e-03
5.797394532842364834e-03
5.937802886998494456e-03
6.077875309387276159e-03
6.190439262471647552e-03
6.279723397818626207e-03
6.289268190523250590e-03
6.243862758655127632e-03
6.128623372900571242e-03
5.965420295183432309e-03
5.759941968857179573e-03
5.504680554117874491e-03
5.224468483213284831e-03
4.924072742972546157e-03
4.860693837208523993e-03
4.810558619115917756e-03
4.737801914144662563e-03
4.654907868612084831e-03
4.541193640456159253e-03
4.394790396834463708e-03
4.231769339890861792e-03
4.050579566948458998e-03
3.881097169007502456e-03
3.947816642757118188e-03
4.038607445108560734e-03
4.112392532167635784e-03
4.155222863366697661e-03
4.165980915712907962e-03
4.224606365847954903e-03
4.428215342175745306e-03
4.577756815598854612e-03
4.661180827290639650e-03
4.683449664261152279e-03
4.636538329851613849e-03
4.512696879660993421e-03
4.335657937560577491e-03
4.247224416921935308e-03
4.260337618044063301e-03
4.253068851679614459e-03
4.210280784025133283e-03
4.288647087226399313e-03
4.364105930663497723e-03
4.406982880911514133e-03
4.406585775323657028e-03
4.360808170957464203e-03
4.277188106483670316e-03
4.463544753509879337e-03
4.662105166670538203e-03
4.868228549683051298e-03
5.049152617317725911e-03
5.203460422444433631e-03
5.334000851378667418e-03
5.430080752704125047e-03
5.477215902803644898e-03
5.474170548690759919e-03
5.412635106554347653e-03
5.330220012180170164e-03
5.234878537200837734e-03
5.126779846325951739e-03
4.992568581921708049e-03
4.827410242329105428e-03
4.637817764585328018e-03
4.538039974510188479e-03
4.555681083470541903e-03
4.553332188452635654e-03
4.531110508660646241e-03
4.496465675020655528e-03
4.454332227256441179e-03
4.381447960425277621e-03
4.277741906700049945e-03
4.147888944636413111e-03
4.001901035128818673e-03
3.841305040819364969e-03
3.667796124795286161e-03
3.483191889207343239e-03
3.295361382326666977e-03
3.103448051336610281e-03
2.915997678739928878e-03
3.021549714574162104e-03
3.214227603732050520e-03
3.379920360534000023e-03
3.512016308682835986e-03
3.601502646220278159e-03
3.657333217811475912e-03
3.681358949661595048e-03
3.663612186403431004e-03
3.608887767174134842e-03
3.693791582874111912e-03
3.776867423852192651e-03
3.807662950731954821e-03
3.789030169502299872e-03
3.743295638000881942e-03
3.675616313612711794e-03
3.592566156667642563e-03
3.496106705606877307e-03
3.499925205604076384e-03
3.471298333392880409e-03
3.636325058164274759e-03
3.826437930802256693e-03
4.008468501796702554e-03
4.176023446488180690e-03
4.324587724865935900e-03
4.451285823644762774e-03
4.550699537250652016e-03
4.621366485982020267e-03
4.665633083703907280e-03
4.703594516508230461e-03
4.716599567635343382e-03
4.694534602536631906e-03
4.652863389752487366e-03
4.594280125621463817e-03
4.522132748613266751e-03
4.429657700172756618e-03
4.316535772621393763e-03
4.186608198414515369e-03
4.226847699049879337e-03
4.267534849088178150e-03
4.290436735081587516e-03
4.288366560593337429e-03
4.260722207892281288e-03
4.192963953398742838e-03
4.090213192822128585e-03
3.955538014794091062e-03
3.803012582785342266e-03
3.647287100929486048e-03
3.478576091651142121e-03
3.308416814110620718e-03
3.149277491780955174e-03
2.995715310336433124e-03
2.835854319198166662e-03
2.676224955443617937e-03
2.516569113272693059e-03
2.384544899251883621e-03
2.396146392942555270e-03
2.554217466827657379e-03
2.690271392583321042e-03
2.803794010685783933e-03
2.893724193026941949e-03
2.956512489742824101e-03
2.994979476925119233e-03
3.010087096059349543e-03
3.057073355590189667e-03
3.167838780119530684e-03
3.250802524157575535e-03
3.307497740066139835e-03
3.327368223640575495e-03
3.305350170129423004e-03
3.266784182084231380e-03
3.212189547936672440e-03
3.141208065529699223e-03
3.055106920106798185e-03
2.976151493375628343e-03
3.005454518464206748e-03
3.134626003352736223e-03
3.281480541890841041e-03
3.423223936384056643e-03
3.559351880658423450e-03
3.685858093480681719e-03
3.801968561360030696e-03
3.905513727233855814e-03
3.994214764977577214e-03
4.072465559034538218e-03
4.132029661676916987e-03
4.173164225831332841e-03
4.198067582107251061e-03
4.203654867555778329e-03
4.194213549592401558e-03
4.158891923405350077e-03
4.110508394893769291e-03
4.043161087433660983e-03
3.960995294868652206e-03
3.869376732540119601e-03
3.776732885438088827e-03
3.762264865736331121e-03
3.792799689532805330e-03
3.796390284438622142e-03
3.782709708283288341e-03
3.746100261416585031e-03
3.685620394812738621e-03
3.608202485316597263e-03
3.512161115416218005e-03
3.400006604747624062e-03
3.269677825613798161e-03
3.163599642716202753e-03
3.064970680755840782e-03
2.957251907731245355e-03
2.844308245249144163e-03
2.751570047748147507e-03
2.670647297421335775e-03
2.562063150383209198e-03
2.433529063299327833e-03
2.284782274946745018e-03
2.123454244814443337e-03
2.007278400441320221e-03
2.068579721793473158e-03
2.144088638450114548e-03
2.213534680648054920e-03
2.272482051082075349e-03
2.320827344136799919e-03
2.356742372349784898e-03
2.384752969471881645e-03
2.400951152805502753e-03
2.464151789256463498e-03
2.543212211011280921e-03
2.629071608757971301e-03
2.694653864954321687e-03
2.735367343236289051e-03
2.755079977767638244e-03
2.769715113406401308e-03
2.778398702169310175e-03
2.782384977407875715e-03
2.781564206671693906e-03
2.777409478417591782e-03
2.770212808097194390e-03
2.758359615429584188e-03
2.752300183101297204e-03
2.861600035226313787e-03
2.967763674019713305e-03
3.068943654233213802e-03
3.166059833718065653e-03
3.256590287199323530e-03
3.340583702137439603e-03
3.418146097124319382e-03
3.487831556177156678e-03
3.549700557700846693e-03
3.604264098675452610e-03
3.647129591148601246e-03
3.678524400000243721e-03
3.703062343171165116e-03
3.711965116357740513e-03
3.712606651592426088e-03
3.696990726159976592e-03
3.671085778579163961e-03
3.633900070503515156e-03
3.593398929074370640e-03
3.546499164752248134e-03
3.495445529508478533e-03
3.427537188453289030e-03
3.342524862958412557e-03
3.250000382463036352e-03
3.143564560263129026e-03
3.076935223593396662e-03
3.054622005022905595e-03
3.022726609852449675e-03
2.996137657041875180e-03
2.961719356596836938e-03
2.917160922922823474e-03
2.866265423017599900e-03
2.805363257422893719e-03
2.733816591070553637e-03
2.657312376304343804e-03
2.591162105479771771e-03
2.547380070652027761e-03
2.478865240477468035e-03
2.388237302461543310e-03
2.281003539575304773e-03
2.156410996189295215e-03
2.032214413384636487e-03
1.939578284120363483e-03
2.008796389978778629e-03
2.078632827879928202e-03
2.138204696307904884e-03
2.186783630429123271e-03
2.227696115316951664e-03
2.254613335863742130e-03
2.276995119433383730e-03
2.315988287251879996e-03
2.344386916385610142e-03
2.354692293620480603e-03
2.352084774363910613e-03
2.333563326508192315e-03
2.314661043778420968e-03
2.350759982765682210e-03
2.367526099696648512e-03
2.372464168799937045e-03
2.369180309587548550e-03
2.356732500550795528e-03
2.336570352521216698e-03
2.307946640773828051e-03
2.270420716644128145e-03
2.236432959952239230e-03
2.304163738709091858e-03
2.401528382624723568e-03
2.497187008755091808e-03
2.590389741473686502e-03
2.681803202345983683e-03
2.770496111572262610e-03
2.853608708310390041e-03
2.933174514907432862e-03
3.010979523034557070e-03
3.084455588496126666e-03
3.148169056140598387e-03
3.207934062256806440e-03
3.259093854026368087e-03
3.301271744930361907e-03
3.335068770068339017e-03
3.359732130599868416e-03
3.368383786560125159e-03
3.366556538122705833e-03
3.348651821357628844e-03
3.322395828150748187e-03
3.285790954621087279e-03
3.239361247998034932e-03
3.179415378761513145e-03
3.104213999579302774e-03
3.015970738057122125e-03
2.920915030657667000e-03
2.815657053027609269e-03
2.715428257075547247e-03
2.719451847232989827e-03
2.713060872370220977e-03
2.696169140299603528e-03
2.670340084360373067e-03
2.635342512624039291e-03
2.591377866228039561e-03
2.540090616169748960e-03
2.479848023683894898e-03
2.414567143461221477e-03
2.344223282936902519e-03
2.265387432373200394e-03
2.185309825398024097e-03
2.100198016136672896e-03
2.015394787792917919e-03
1.929958627844896579e-03
1.843014179550961362e-03
1.764874302595226263e-03
1.781755378801264111e-03
1.813593476022501427e-03
1.842076069165060614e-03
1.864820026060143299e-03
1.883247407982707733e-03
1.944077403591953912e-03
2.012582417418973257e-03
2.069164406887341601e-03
2.109871518973460702e-03
2.133485964830261761e-03
2.138888339502487135e-03
2.127477154399287640e-03
2.145639725705222878e-03
2.191537267792365018e-03
2.217848404580891053e-03
2.222893939632097915e-03
2.214129348861948454e-03
2.196292532509136475e-03
2.168876453774420954e-03
2.131587173248072897e-03
2.110922613272420145e-03
2.147367003135003394e-03
2.172552064223648438e-03
2.187967201689011709e-03
2.276033321017334465e-03
2.367936024636418946e-03
2.458137337799981559e-03
2.544686645761073951e-03
2.628694078041227122e-03
2.706466308845356661e-03
2.780469676579133687e-03
2.846806159234077649e-03
2.908564925619777641e-03
2.963063056499765091e-03
3.006902704492275813e-03
3.039739311039263425e-03
3.062327283237159525e-03
3.073074611707193871e-03
3.072902249217079884e-03
3.061006596202148211e-03
3.036396495250087701e-03
2.998285083322921318e-03
2.950457298866254741e-03
2.883733993561232722e-03
2.804480639744033610e-03
2.715142251658059225e-03
2.616574369887492146e-03
2.591056203833902449e-03
2.605462366391197992e-03
2.605514448163315233e-03
2.591369733592308044e-03
2.563121065435575163e-03
2.526120451682184465e-03
2.482200865702555159e-03
2.430715687690154780e-03
2.372060867840558585e-03
2.307217477365508529e-03
2.239257650394926857e-03
2.166461419795595589e-03
2.089147612821917743e-03
2.012666902802523472e-03
1.931727866674753935e-03
1.850608580052870433e-03
1.768760734759816655e-03
1.686281454154586745e-03
1.605398665423501958e-03
1.525279684871844177e-03
1.444572594517995467e-03
1.461929731977951175e-03
1.545544235811296963e-03
1.617242265998852790e-03
1.679865917130068942e-03
1.732339308904179420e-03
1.772359877113827142e-03
1.803867804607811598e-03
1.821506792196975200e-03
1.824472223265705129e-03
1.873533632537643934e-03
1.942130138580605569e-03
1.996000017254750958e-03
2.033943577888885912e-03
2.054551600728843352e-03
2.055530481132300524e-03
2.037345407050972224e-03
2.009628557308962282e-03
1.973211266999758129e-03
1.928237893642908984e-03
1.875848593462070557e-03
1.870194722867840609e-03
1.960297479276534860e-03
2.049155362008198145e-03
2.135056289504111415e-03
2.218584499003500854e-03
2.299005412342958188e-03
2.376129732961418384e-03
2.450561817697982647e-03
2.518733115965565705e-03
2.581577237664917090e-03
2.638127163262643515e-03
2.687270421837723022e-03
2.729916094474871269e-03
2.763562162324678662e-03
2.791338229016310235e-03
2.808563647200112978e-03
2.819092431375208596e-03
2.818999287709927914e-03
2.807800710421443080e-03
2.791304591614751640e-03
2.758777419043872969e-03
2.722887785045591258e-03
2.675619470915296949e-03
2.615611820604601956e-03
2.546444597490454820e-03
2.469720077855591667e-03
2.439092941350945454e-03
2.442649870812635404e-03
2.439265588084077452e-03
2.424162939047680432e-03
2.398617630031019132e-03
2.368586251232485118e-03
2.323278939977607704e-03
2.271767807694835550e-03
2.215350148844913436e-03
2.156483087402349952e-03
2.093380343368089758e-03
2.029389322398322815e-03
1.968618301963431794e-03
1.905679786443514878e-03
1.839909357737951057e-03
1.772664688575537051e-03
1.702630741625354993e-03
1.631895343529560227e-03
1.560388593945971625e-03
1.490624100538101571e-03
1.421967262799334053e-03
1.353263813348770661e-03
1.305248240706768925e-03
1.331893510153808746e-03
1.354289479048698119e-03
1.373524632758582609e-03
1.414728340179416399e-03
1.470299487502602087e-03
1.519892959705809732e-03
1.562276251020872087e-03
1.596571064511026483e-03
1.621458291087757297e-03
1.639460059030539707e-03
1.702897339294157097e-03
1.752098030279536367e-03
1.792705845499370509e-03
1.819295173079493733e-03
1.834517234249877227e-03
1.832776696677779205e-03
1.818703898572582300e-03
1.799035462198450563e-03
1.772452181163675089e-03
1.741567019918954795e-03
1.709181644682838952e-03
1.725026486493030919e-03
1.759633338670962832e-03
1.801692828107992472e-03
1.875934653605221270e-03
1.948316386716136828e-03
2.019487035509776041e-03
2.088163028503536855e-03
2.154978924342715318e-03
2.219403354097870817e-03
2.279977029711055536e-03
2.338020073452351522e-03
2.392683472346390783e-03
2.442616149889470512e-03
2.487216152741555941e-03
2.525318438055729198e-03
2.558558214831307964e-03
2.588281607590392497e-03
2.610033980760068095e-03
2.620905694149272547e-03
2.624536666739896162e-03
2.620901761147570452e-03
2.605257636808078203e-03
2.583361745142370713e-03
2.549506231158127356e-03
2.503593452263669361e-03
2.443445212220729523e-03
2.375334282436525335e-03
2.302317626391076066e-03
2.220654409316957789e-03
2.133154623026350949e-03
2.137126685339635346e-03
2.141470965034891760e-03
2.134505097107192162e-03
2.121673023193743068e-03
2.103767918005816639e-03
2.079870458112503817e-03
2.048112749908154173e-03
2.012888167329723865e-03
1.972471253905094812e-03
1.931800296798763528e-03
1.885519796671897286e-03
1.834287584766419732e-03
1.781303810580059377e-03
1.725578733728611036e-03
1.667403919913851285e-03
1.608207336350336858e-03
1.546957043843777413e-03
1.485004560008218455e-03
1.423163737680893659e-03
1.362777597301911836e-03
1.303793633298938603e-03
1.284276455879418410e-03
1.293725997300043673e-03
1.337105311288860898e-03
1.396097324884465474e-03
1.441904925806952731e-03
1.490133819841060747e-03
1.529547618565135769e-03
1.562773888121982147e-03
1.591069516963028452e-03
1.596909726866185819e-03
1.591881535231903788e-03
1.605722208912085947e-03
1.653588325151222893e-03
1.690474244448153529e-03
1.715165947662800061e-03
1.727635109587150053e-03
1.727422218975926960e-03
1.712272234669909299e-03
1.690351286153746191e-03
1.660847327900810688e-03
1.660385388968149689e-03
1.685274680367887523e-03
1.700220580300698670e-03
1.709635139902049294e-03
1.732461172633537050e-03
1.804011863400872828e-03
1.875006634848158660e-03
1.944594964359336320e-03
2.011756455141761046e-03
2.076397913138378071e-03
2.138347930940448505e-03
2.196485012422283445e-03
2.250197870350328921e-03
2.297516389872356068e-03
2.338267931117993248e-03
2.376373093535083525e-03
2.404861614247771895e-03
2.428160841997706321e-03
2.443341161079998214e-03
2.449748421498254558e-03
2.447136541331967896e-03
2.436878599929165334e-03
2.417403325971623218e-03
2.390191013141224063e-03
2.350813230212744909e-03
2.298629243362632080e-03
2.239719121334943219e-03
2.173245092385034383e-03
2.101354332005339609e-03
2.047316368796625596e-03
2.060555734866909017e-03
2.065775796922436625e-03
2.064226920695244605e-03
2.057374026388947286e-03
2.042487985342039680e-03
2.023353212251111088e-03
1.996990546494353813e-03
1.965679324166774711e-03
1.930400090544959202e-03
1.888907808984735537e-03
1.844151165507124102e-03
1.795587855105279518e-03
1.743593130518306111e-03
1.688567592370182613e-03
1.630963708709243232e-03
1.573195063579002628e-03
1.513565047524145779e-03
1.453104823977424687e-03
1.391597126758542524e-03
1.332477055429576174e-03
1.271687879337429772e-03
1.211862436820088096e-03
1.152710363928888260e-03
1.157434217602504312e-03
1.213431779002849265e-03
1.262191756909475382e-03
1.303707773394752190e-03
1.338473402784257082e-03
1.366097776402619424e-03
1.396183407337187043e-03
1.421383486153809939e-03
1.440889977861348203e-03
1.453658401249169341e-03
1.461166115692275058e-03
1.506257382921816212e-03
1.543826542494020071e-03
1.572941441386643824e-03
1.593663659184230141e-03
1.604216719452294937e-03
1.605611839028603383e-03
1.596673944747883933e-03
1.579036792695220903e-03
1.557709967112769212e-03
1.585626128140671387e-03
1.622202447795706437e-03
1.656162911239184021e-03
1.688777126423512964e-03
1.712718152526465643e-03
1.729565085779455336e-03
1.738890239757096001e-03
1.740775548422723862e-03
1.733966776900991436e-03
1.777886181788479458e-03
1.838019295688109178e-03
1.896684685515709345e-03
1.952940521159074461e-03
2.005408106554001924e-03
2.062388282873361955e-03
2.120672347681179515e-03
2.173547813584308930e-03
2.220911232552053027e-03
2.260732195743964112e-03
2.294612914549853944e-03
2.320354770799032407e-03
2.340520986246819035e-03
2.393930175412312122e-03
2.389599207568204875e-03
2.372833526171069796e-03
2.343462338171120596e-03
2.299753415928945666e-03
2.250453241897348855e-03
2.195485082383513697e-03
2.135631080737276921e-03
2.071129455959941357e-03
2.002195607278628442e-03
1.928989272566433710e-03
1.852613915382134158e-03
1.803121956352682353e-03
1.822506493973252706e-03
1.840928973790179057e-03
1.858152623271741577e-03
1.873621793192614682e-03
1.886567903608526997e-03
1.897728997262704276e-03
1.901344217757977573e-03
1.896223218907672203e-03
1.884124848830465160e-03
1.864915093157115678e-03
1.839439358465505547e-03
1.806278129762362017e-03
1.768228044863789927e-03
1.726037000584046410e-03
1.679757473284221314e-03
1.630747046437980297e-03
1.577607921688845005e-03
1.521745453353123834e-03
1.465085752077849302e-03
1.406418165941419884e-03
1.376312169273474773e-03
1.399972250206771296e-03
1.417713453411323377e-03
1.437200357910561888e-03
1.456184134911858719e-03
1.473124580823853558e-03
1.491302134473349028e-03
1.508245307829864101e-03
1.524912300670089316e-03
1.538288588552289005e-03
1.550937909627431166e-03
1.561212864736316597e-03
1.574919314052236619e-03
1.584877529744593838e-03
1.592556847791470886e-03
1.599935611068831198e-03
1.604975381074874585e-03
1.624691369365049987e-03
1.671805412781585121e-03
1.716489265241982753e-03
1.758288570259836092e-03
1.799296941837197350e-03
1.838561426113910491e-03
1.874721499342896225e-03
1.907104697662059811e-03
1.938297347928219505e-03
1.962771192949658294e-03
1.984600589113594271e-03
2.000554934550230479e-03
2.013806997262168608e-03
2.020278187408269810e-03
2.023522401666533188e-03
2.020260383788358149e-03
2.011426722954512414e-03
2.002370473386916316e-03
1.998948478237588811e-03
1.990074810221953427e-03
1.976111306005556845e-03
1.953935693511515970e-03
1.924795909104132230e-03
1.891160779768447098e-03
1.850444159533226607e-03
1.842350665396813580e-03
1.903141987338041741e-03
1.956448617429634718e-03
2.007569084525262504e-03
2.052939133545844674e-03
2.091984735752505653e-03
