# game: kuhn_poker 
# eval_every: 1 
# num_iterations: 1000 
# num_players: 2 
# bootstrap: False 
# truncate_negative: False 
# buffer_size: -1 
# num_hidden_layers: 0 
# num_hidden_units: 6 
# num_hidden_factors: 0 
# use_skip_connections: True 
# num_epochs: 200 
# batch_size: 1000 
# step_size: 0.01 
# 
3.747617278120691786e-01
3.939801826947730290e-01
4.018966268381596318e-01
4.058545981422352344e-01
4.082293316670476679e-01
4.088276933915208078e-01
3.999582016959506992e-01
3.936943762210957098e-01
3.888237157132877764e-01
3.860490241729415128e-01
3.882695118850770233e-01
3.901204758321801802e-01
3.916866344328874261e-01
3.930334280734674723e-01
3.941925679032484142e-01
3.952141909256559060e-01
3.961093318170756938e-01
3.968998990850581277e-01
3.976032339049057063e-01
3.982387363100708400e-01
3.988191771562488719e-01
3.993444851053040701e-01
3.998297371191590344e-01
4.002713461835847308e-01
4.006842112645088716e-01
4.010682137598515773e-01
4.014190442511751389e-01
4.017483291983869886e-01
4.020568608842642888e-01
4.023404158854883561e-01
4.026081521463754087e-01
4.028611109710765747e-01
4.030954509054765489e-01
4.033195805930057665e-01
4.035269596440009821e-01
4.037253542659694494e-01
4.039094840660949481e-01
4.040866345670435233e-01
4.042559018002097604e-01
4.044176426865331297e-01
4.045701031917995349e-01
4.047197284888401914e-01
4.048632687545977715e-01
4.050016158047715087e-01
4.051353811753264367e-01
4.052639956181648406e-01
4.053868624831070133e-01
4.055063979857546630e-01
4.056193789577093312e-01
4.057286666079753523e-01
4.058309593568548701e-01
4.059315370445946702e-01
4.060269907347195950e-01
4.061191625027261720e-01
4.062076736068178096e-01
4.062933369747214196e-01
4.063757844656650242e-01
4.064556936732975911e-01
4.065326039836394956e-01
4.066071227429721713e-01
4.066789658550521991e-01
4.067483502714006605e-01
4.068146584436896918e-01
4.068795784260313408e-01
4.069437542078756520e-01
4.070045637475865341e-01
4.070628775955411061e-01
4.071196232161778950e-01
4.071750953317329058e-01
4.072287516335433843e-01
4.072807984390251490e-01
4.073310271099613855e-01
4.073804765940055028e-01
4.074267676550290540e-01
4.074709595644633309e-01
4.075148079321067041e-01
4.075572889498965679e-01
4.075981189144244343e-01
4.076367877329119538e-01
4.076756286978307497e-01
4.077147716581958070e-01
4.077532353073412552e-01
4.077901669249893724e-01
4.078267870387325966e-01
4.078629414043629109e-01
4.078973954537303270e-01
4.079295915669897132e-01
4.079621746022185635e-01
4.079933014868428742e-01
4.080263516831790227e-01
4.080595594174378227e-01
4.080922339441124258e-01
4.081236561243511973e-01
4.081537559359547651e-01
4.081837342061792606e-01
4.082121031182023851e-01
4.082407881068872424e-01
4.082702407318751781e-01
4.082980267784971362e-01
4.083261439582956953e-01
4.083525884891746616e-01
4.083797539085921580e-01
4.084058082933472722e-01
4.084320302590208618e-01
4.084573659404273638e-01
4.084826452934833263e-01
4.085082343778188019e-01
4.085344440518160480e-01
4.085591639168609790e-01
4.085846527434860986e-01
4.086092903431793322e-01
4.086343369563583683e-01
4.086578803417711958e-01
4.086817156028647036e-01
4.087040707790393634e-01
4.087272150104273027e-01
4.087490770305272081e-01
4.087698424532166253e-01
4.087910995796295577e-01
4.088112143221615535e-01
4.088303333503464643e-01
4.088500697049818333e-01
4.088686065132498548e-01
4.088872535742607006e-01
4.089052203617710157e-01
4.089239858011469719e-01
4.089416589584162764e-01
4.089579606964877101e-01
4.089748922427138833e-01
4.089912624400412477e-01
4.090082667523302629e-01
4.090241972168855433e-01
4.090406406114965865e-01
4.090568098133258168e-01
4.090724842254232496e-01
4.090883386042523107e-01
4.091046877086536027e-01
4.091206179924938846e-01
4.091364052056372658e-01
4.091517041081930151e-01
4.091669830358298787e-01
4.091820843942972075e-01
4.091972331830135978e-01
4.092119118032223613e-01
4.092273041071118334e-01
4.092432179540826942e-01
4.092589099307636369e-01
4.092743377013540185e-01
4.092895707617330570e-01
4.093046349547828089e-01
4.093198530315056427e-01
4.093339995434897016e-01
4.093487799715395115e-01
4.093628287688867440e-01
4.093766068029075500e-01
4.093903890137162715e-01
4.094040805709211472e-01
4.094176619249066396e-01
4.094313165576415892e-01
4.094451086269023654e-01
4.094590162193054161e-01
4.094719089271060541e-01
4.094852114220768335e-01
4.094986272651057191e-01
4.095125293705801361e-01
4.095257020552758864e-01
4.095380375572947318e-01
4.095500507452670136e-01
4.095621436481992617e-01
4.095738381906469661e-01
4.095860891767404977e-01
4.095976908377312320e-01
4.096088256498079394e-01
4.096204649752964722e-01
4.096314479447576429e-01
4.096426202873925115e-01
4.096527272629690852e-01
4.096627366016578620e-01
4.096728156842927016e-01
4.096824450536878381e-01
4.096926723107804369e-01
4.097022705115122010e-01
4.097120263902130910e-01
4.097222081780903524e-01
4.097328352682280128e-01
4.097423419114224474e-01
4.097523364011301239e-01
4.097620002575134146e-01
4.097717786409381668e-01
4.097808378874018276e-01
4.097903328538239354e-01
4.098003797013431981e-01
4.098098349803032669e-01
4.098186756058438407e-01
4.098273751570262191e-01
4.098360458062360046e-01
4.098446873183493877e-01
4.098532442054680369e-01
4.098616522970612852e-01
4.098698037847886555e-01
4.098782438597858846e-01
4.098860026850780214e-01
4.098943100702107101e-01
4.099021392258567209e-01
4.099092365721726527e-01
4.099166224206923781e-01
4.099242002800283502e-01
4.099311348480287887e-01
4.099385031289183856e-01
4.099452227206038524e-01
4.099522125155203311e-01
4.099586399085548005e-01
4.099647544518536524e-01
4.099704916038440783e-01
4.099767514275798330e-01
4.099825493091336370e-01
4.099888796618766929e-01
4.099947487365017684e-01
4.100004553107279848e-01
4.100059248674082224e-01
4.100118097681323404e-01
4.100180584472866707e-01
4.100247676352195558e-01
4.100310009312182480e-01
4.100366492606953850e-01
4.100426454404487719e-01
4.100486429201988803e-01
4.100545856311660353e-01
4.100604811033993768e-01
4.100661824478569750e-01
4.100719670060727351e-01
4.100776242425024920e-01
4.100831361816065779e-01
4.100883849437476636e-01
4.100933916004245727e-01
4.100987160316356128e-01
4.101043355607185692e-01
4.101103847201560404e-01
4.101159175793355760e-01
4.101217150387143073e-01
4.101274252182904867e-01
4.101329518335108393e-01
4.101387589015201285e-01
4.101438645613921796e-01
4.101490853716596718e-01
4.101540664021682270e-01
4.101595351748708040e-01
4.101645959817278309e-01
4.101694783476741990e-01
4.101741745814123652e-01
4.101791125884652334e-01
4.101837003708545537e-01
4.101877677359886398e-01
4.101923065680406766e-01
4.101963972731275110e-01
4.102007820207009825e-01
4.102043094393312828e-01
4.102073419984807456e-01
4.102102859999919304e-01
4.102130439453866018e-01
4.102162979332922843e-01
4.102191478115742029e-01
4.102219556897624964e-01
4.102247589705844133e-01
4.102274856300469619e-01
4.102301090531582650e-01
4.102325532075021819e-01
4.102352097763419803e-01
4.102373017539108213e-01
4.102393332859217701e-01
4.102412283325608255e-01
4.102432675652450955e-01
4.102454933286859284e-01
4.102473386252047938e-01
4.102491568564787805e-01
4.102510419844430656e-01
4.102528757786244040e-01
4.102546356526368121e-01
4.102561939979421646e-01
4.102582130385899473e-01
4.102601197281000589e-01
4.102621108122989635e-01
4.102639276680277169e-01
4.102660868251247761e-01
4.102678321605502387e-01
4.102699606150262968e-01
4.102716856347058405e-01
4.102724454232373752e-01
4.102728657726820716e-01
4.102730918845010066e-01
4.102732471221225419e-01
4.102735079049576461e-01
4.102736456630232675e-01
4.102739510949485191e-01
4.102745424085856296e-01
4.102747041071011513e-01
4.102752057166144106e-01
4.102759084998598427e-01
4.102761626851574306e-01
4.102767780545886200e-01
4.102773115135766036e-01
4.102780975225808757e-01
4.102785572198552888e-01
4.102794171245907617e-01
4.102800517250335677e-01
4.102804086044350429e-01
4.102808167741227585e-01
4.102810189435027177e-01
4.102807727920537717e-01
4.102807564597757972e-01
4.102811695273039794e-01
4.102811278201836109e-01
4.102814564719436952e-01
4.102814299379695107e-01
4.102817326982233226e-01
4.102823875640608242e-01
4.102833301276587186e-01
4.102838227122201364e-01
4.102846630474826783e-01
4.102856895051622543e-01
4.102862283662270793e-01
4.102869838339857078e-01
4.102873785771486981e-01
4.102880414301936507e-01
4.102883062110695978e-01
4.102888801528477014e-01
4.102893232724895700e-01
4.102900227591361748e-01
4.102904879051646470e-01
4.102914162053972191e-01
4.102920412924266902e-01
4.102929088731679386e-01
4.102937843532658557e-01
4.102948442168206089e-01
4.102957039180864518e-01
4.102961571583706446e-01
4.102963349139807647e-01
4.102961837871886841e-01
4.102962171278284886e-01
4.102964427289169658e-01
4.102969630054942307e-01
4.102974361372196399e-01
4.102978541694309311e-01
4.102981345386448320e-01
4.102986035858455782e-01
4.102990202256337482e-01
4.102994078993346116e-01
4.102997100655966789e-01
4.103002087146507826e-01
4.103002881288625447e-01
4.103005716654636315e-01
4.103011512983554265e-01
4.103019802804650507e-01
4.103027672925150249e-01
4.103034313275218947e-01
4.103043126425349740e-01
4.103047694783636956e-01
4.103055177503449058e-01
4.103065107075647422e-01
4.103072060979499613e-01
4.103077840988528791e-01
4.103086622171525644e-01
4.103092145963218584e-01
4.103100126883008070e-01
4.103109537038266419e-01
4.103120565356064287e-01
4.103128496604917519e-01
4.103139321883542134e-01
4.103146929741421367e-01
4.103153177259731832e-01
4.103159979171581151e-01
4.103167591130435499e-01
4.103175828196770070e-01
4.103184368925967829e-01
4.103192636160987172e-01
4.103199923755462830e-01
4.103209461597961960e-01
4.103216601812860187e-01
4.103224976237760946e-01
4.103236248315826895e-01
4.103245903101061520e-01
4.103257682715005794e-01
4.103266465516375305e-01
4.103278163676606916e-01
4.103286541996705727e-01
4.103294016090680008e-01
4.103300463638842599e-01
4.103305363581337128e-01
4.103308648061149144e-01
4.103308159866170812e-01
4.103306362085485381e-01
4.103303485749192347e-01
4.103297605187598007e-01
4.103293545840318579e-01
4.103286998457852386e-01
4.103282551519388255e-01
4.103276565465337478e-01
4.103270976059940622e-01
4.103266836266382667e-01
4.103261269621761853e-01
4.103252657089949684e-01
4.103246662430595770e-01
4.103237889546044737e-01
4.103229521551700065e-01
4.103223634817400045e-01
4.103214816607315685e-01
4.103208177050391425e-01
4.103203017418217136e-01
4.103196217080736785e-01
4.103186705486727703e-01
4.103179824461701264e-01
4.103169982436082885e-01
4.103162079198796053e-01
4.103155654942630126e-01
4.103148655327542027e-01
4.103140517011821808e-01
4.103134723295275288e-01
4.103126519438375919e-01
4.103120567547319242e-01
4.103117791704420370e-01
4.103111951655529221e-01
4.103107374519341377e-01
4.103103480382093160e-01
4.103098941024541091e-01
4.103096099310960532e-01
4.103089966680092404e-01
4.103086128546319378e-01
4.103085059453849270e-01
4.103081807161436667e-01
4.103075545069766461e-01
4.103071849502814006e-01
4.103068233272564314e-01
4.103065385771945683e-01
4.103061006956376655e-01
4.103059024412520905e-01
4.103058729782515512e-01
4.103060813631452808e-01
4.103063983685392158e-01
4.103065490261766923e-01
4.103069984113205670e-01
4.103072019882674226e-01
4.103073041647132824e-01
4.103075585534786685e-01
4.103076659075823862e-01
4.103080534773616561e-01
4.103081871411032866e-01
4.103084779004528282e-01
4.103087144276617027e-01
4.103091070855238165e-01
4.103092306683554513e-01
4.103091397748480640e-01
4.103091563917274920e-01
4.103090529247062079e-01
4.103087491100827489e-01
4.103082192093184810e-01
4.103074992446786307e-01
4.103064200966243802e-01
4.103051195248760274e-01
4.103039693708737667e-01
4.103032291657471298e-01
4.103027195052654230e-01
4.103020252115001654e-01
4.103013789750506457e-01
4.103007557149167539e-01
4.103002560191862935e-01
4.102994723543176292e-01
4.102986381791180470e-01
4.102979176371269743e-01
4.102970633533590261e-01
4.102964995559441608e-01
4.102958117250296577e-01
4.102951510768377830e-01
4.102945243952806909e-01
4.102939901914893772e-01
4.102933515424179722e-01
4.102930216770370175e-01
4.102924821133741573e-01
4.102920312902492705e-01
4.102912717070192894e-01
4.102907009115491777e-01
4.102903165257392737e-01
4.102896732878525965e-01
4.102892302444884898e-01
4.102887313713172723e-01
4.102882928446984767e-01
4.102878749713397832e-01
4.102875381182403691e-01
4.102870611942858181e-01
4.102867508305537703e-01
4.102862019089082990e-01
4.102856563924285327e-01
4.102850769573779255e-01
4.102844429036089924e-01
4.102838997551979672e-01
4.102831175184945556e-01
4.102825890128743991e-01
4.102819349489266187e-01
4.102812596268126111e-01
4.102805927663087937e-01
4.102799178774785283e-01
4.102792027936708608e-01
4.102784182015585812e-01
4.102777714711296486e-01
4.102769654208027195e-01
4.102764046971375533e-01
4.102756782045660078e-01
4.102748631427431958e-01
4.102741918560449674e-01
4.102734931555360731e-01
4.102727879355027030e-01
4.102720477013617750e-01
4.102713606877008701e-01
4.102706720422980569e-01
4.102700481749761430e-01
4.102695417237114395e-01
4.102692318820479467e-01
4.102687999819064624e-01
4.102683573443482445e-01
4.102679545123117943e-01
4.102675008253400257e-01
4.102671204585736642e-01
4.102665405826424472e-01
4.102658459204614472e-01
4.102650986421578772e-01
4.102644263935412150e-01
4.102635304879613809e-01
4.102628048267834004e-01
4.102618715848187492e-01
4.102611478342915730e-01
4.102606819072973088e-01
4.102600488808356705e-01
4.102592411269352368e-01
4.102582487923782661e-01
4.102572029752211691e-01
4.102562458885927188e-01
4.102551814678740971e-01
4.102541438802249640e-01
4.102531205660983615e-01
4.102520954548836141e-01
4.102510232788242339e-01
4.102499087839839298e-01
4.102486940424607820e-01
4.102477274245294736e-01
4.102466045517968452e-01
4.102452761614909793e-01
4.102438071528999863e-01
4.102421036384998887e-01
4.102405534481918803e-01
4.102387498311904079e-01
4.102371850326453906e-01
4.102355926436232481e-01
4.102341035353908039e-01
4.102325149690632111e-01
4.102309148478637257e-01
4.102292618028368087e-01
4.102277802235531068e-01
4.102260998483882037e-01
4.102243340783998105e-01
4.102226700246892621e-01
4.102207292142054929e-01
4.102188932071167971e-01
4.102169064431936962e-01
4.102151377199662052e-01
4.102131736131451878e-01
4.102111440194512459e-01
4.102092456957661115e-01
4.102072653990899709e-01
4.102055049228092165e-01
4.102035189448772767e-01
4.102017281038413676e-01
4.101997422020051132e-01
4.101978039444379442e-01
4.101959097045438929e-01
4.101939076370794135e-01
4.101920007268951007e-01
4.101903498380183866e-01
4.101885450610757156e-01
4.101867591042953620e-01
4.101850589932415359e-01
4.101832145178451183e-01
4.101811971183252914e-01
4.101789199058587521e-01
4.101768231021638567e-01
4.101749267089212503e-01
4.101729612727240681e-01
4.101711042621787873e-01
4.101694696560441167e-01
4.101676797568160060e-01
4.101660840759069337e-01
4.101642551215370913e-01
4.101625551954373172e-01
4.101606595569813329e-01
4.101588699318896025e-01
4.101568342757428987e-01
4.101550027930158104e-01
4.101532536545757779e-01
4.101513999393062715e-01
4.101497824025545080e-01
4.101479716622136173e-01
4.101463059069281880e-01
4.101444513798249147e-01
4.101427296240077736e-01
4.101408478187443807e-01
4.101392090891982645e-01
4.101374468819906638e-01
4.101356903410647847e-01
4.101339758880677699e-01
4.101322937359248577e-01
4.101306620172305295e-01
4.101289393039139197e-01
4.101272516010166513e-01
4.101256061008812792e-01
4.101240188501341088e-01
4.101223284731941865e-01
4.101207310756107560e-01
4.101190935529454018e-01
4.101175624997752678e-01
4.101158604092741689e-01
4.101139837669185439e-01
4.101123083051531615e-01
4.101104849272317332e-01
4.101088046300537249e-01
4.101072356445979450e-01
4.101055318394292715e-01
4.101038302002901204e-01
4.101020923026303944e-01
4.101003257133739588e-01
4.100985796967873132e-01
4.100968452136234399e-01
4.100951905252472329e-01
4.100934380496881193e-01
4.100915033052240921e-01
4.100896026590445387e-01
4.100877697356692941e-01
4.100857734693568180e-01
4.100836773588305006e-01
4.100818137893217918e-01
4.100800033261107203e-01
4.100779835356411773e-01
4.100760693768531473e-01
4.100743054337668281e-01
4.100727567535492613e-01
4.100710387740674756e-01
4.100694976546939707e-01
4.100680874439088242e-01
4.100664762932057505e-01
4.100650256409786309e-01
4.100633548229976610e-01
4.100618487407877710e-01
4.100601877936397299e-01
4.100586773531715856e-01
4.100571257300831274e-01
4.100557101946129546e-01
4.100541353798577981e-01
4.100525932451952738e-01
4.100510975334983321e-01
4.100495185972069523e-01
4.100477194711140139e-01
4.100460242876196038e-01
4.100443574471953623e-01
4.100426627866510243e-01
4.100409839156685665e-01
4.100393230084156126e-01
4.100377359009811373e-01
4.100360333504270427e-01
4.100344232146185819e-01
4.100326539486702226e-01
4.100307963166006098e-01
4.100291183655245808e-01
4.100272616589499819e-01
4.100254769412471356e-01
4.100235743414255563e-01
4.100214962906432170e-01
4.100193609966867325e-01
4.100174809482294846e-01
4.100154793703186806e-01
4.100134300993150127e-01
4.100113564608206529e-01
4.100092567290197776e-01
4.100072114601678308e-01
4.100050832645949495e-01
4.100027547990067189e-01
4.100005901992481716e-01
4.099983586789930357e-01
4.099962644725124172e-01
4.099940026806786486e-01
4.099919299962589414e-01
4.099899108785671209e-01
4.099878312342452036e-01
4.099858490369069353e-01
4.099835294791758233e-01
4.099816997002881935e-01
4.099799634468145326e-01
4.099781334342609274e-01
4.099765059942596657e-01
4.099747121219796675e-01
4.099729487048019427e-01
4.099712715860419632e-01
4.099694711923314583e-01
4.099678045479824284e-01
4.099660346018469959e-01
4.099644464594450199e-01
4.099627135836426128e-01
4.099608045607289197e-01
4.099590860058061614e-01
4.099573312974437167e-01
4.099556154389353280e-01
4.099538637954911469e-01
4.099521707567513329e-01
4.099504964647084360e-01
4.099488669834971954e-01
4.099473327500534614e-01
4.099457967472773245e-01
4.099442208990611292e-01
4.099425228198684823e-01
4.099410271644290948e-01
4.099393587823095819e-01
4.099378185925540707e-01
4.099363523915602325e-01
4.099350851436453502e-01
4.099339794278109572e-01
4.099327729434831813e-01
4.099317235044616092e-01
4.099307048159369637e-01
4.099296661702892530e-01
4.099286160173248872e-01
4.099275305918739787e-01
4.099265299363347159e-01
4.099254462909284191e-01
4.099243034267681662e-01
4.099233424888989452e-01
4.099222159650268704e-01
4.099212165042018796e-01
4.099201284264527567e-01
4.099192041941623343e-01
4.099181481956585271e-01
4.099170825903260540e-01
4.099159884743829307e-01
4.099148422396970970e-01
4.099138057324568929e-01
4.099126625022877501e-01
4.099115272958760992e-01
4.099104273823598321e-01
4.099092703233769286e-01
4.099082053551831306e-01
4.099069499253560345e-01
4.099057538207181439e-01
4.099044708015260885e-01
4.099032431998748116e-01
4.099020136793144475e-01
4.099007189620089697e-01
4.098995413132674459e-01
4.098984060952761133e-01
4.098971941415314180e-01
4.098960844400889592e-01
4.098949005644513255e-01
4.098938606330679857e-01
4.098929887357049551e-01
4.098920036658355581e-01
4.098911215465628199e-01
4.098902772858244448e-01
4.098893456180109363e-01
4.098882273376934227e-01
4.098872413824699024e-01
4.098861917105457442e-01
4.098851845955568951e-01
4.098841062072313690e-01
4.098831768565348588e-01
4.098821957407556282e-01
4.098813375169197970e-01
4.098806527449737058e-01
4.098798223683430830e-01
4.098788751222748328e-01
4.098779444889471546e-01
4.098770809146168315e-01
4.098761835600255310e-01
4.098753475468516760e-01
4.098745557822577323e-01
4.098736857539354017e-01
4.098728293144984214e-01
4.098720129489591413e-01
4.098711332267013230e-01
4.098704283135384263e-01
4.098696687439530861e-01
4.098690212123279331e-01
4.098685879782250074e-01
4.098681853605055103e-01
4.098677874681120881e-01
4.098674287339580946e-01
4.098671025424874270e-01
4.098668534584897216e-01
4.098666399692072471e-01
4.098663441420641873e-01
4.098661980244626690e-01
4.098661147731805787e-01
4.098660073243223234e-01
4.098659289802470962e-01
4.098659194629272751e-01
4.098654813790220675e-01
4.098649797008477313e-01
4.098646894238290317e-01
4.098643003419472075e-01
4.098640798721187584e-01
4.098638095463621456e-01
4.098634940332319676e-01
4.098632441903332646e-01
4.098628398133594142e-01
4.098625065287387903e-01
4.098620060358032502e-01
4.098616180746342819e-01
4.098611070139219770e-01
4.098604625634539866e-01
4.098596767077058445e-01
4.098589924003876450e-01
4.098583886537757737e-01
4.098579442937421158e-01
4.098574227426282079e-01
4.098570481532473053e-01
4.098565684841424805e-01
4.098560357085642147e-01
4.098555992458489117e-01
4.098553112233543905e-01
4.098551715723034450e-01
4.098549018119915788e-01
4.098544949580202879e-01
4.098541876254182537e-01
4.098540793559605211e-01
4.098538300694665182e-01
4.098536168889699294e-01
4.098533692386983063e-01
4.098532939402290687e-01
4.098530686635410980e-01
4.098529476014564077e-01
4.098526922066602074e-01
4.098525650891265970e-01
4.098525492697749906e-01
4.098523784408204529e-01
4.098523592134870053e-01
4.098522205797801021e-01
4.098520823786078737e-01
4.098519599080245879e-01
4.098518704331083895e-01
4.098517628595444995e-01
4.098516760475428011e-01
4.098515697697285298e-01
4.098514582245618154e-01
4.098513099606694299e-01
4.098512254828162171e-01
4.098509850293533541e-01
4.098506351929807057e-01
4.098501337791534138e-01
4.098496994715454811e-01
4.098494009101295577e-01
4.098492162697535690e-01
4.098489251158278779e-01
4.098487832850025159e-01
4.098484930250640978e-01
4.098483396839197601e-01
4.098481606310420688e-01
4.098479701650046270e-01
4.098477565426623670e-01
4.098475508515719845e-01
4.098473239996004436e-01
4.098470832083099813e-01
4.098468021029303410e-01
4.098465841194574022e-01
4.098463192458481896e-01
4.098462337579623638e-01
4.098462050588261296e-01
4.098461295032510554e-01
4.098461506818734112e-01
4.098460847036538013e-01
4.098459346866551445e-01
4.098456345020497493e-01
4.098454446680169783e-01
4.098453256158758329e-01
4.098452770731042527e-01
4.098450817084408060e-01
4.098449810336321497e-01
4.098448197927266889e-01
4.098445429553702613e-01
4.098444108404800668e-01
4.098441613697519359e-01
4.098440677716848057e-01
4.098439083794821469e-01
4.098438615718092981e-01
4.098438234430931137e-01
4.098437812422415227e-01
4.098436897659487599e-01
4.098437466808846352e-01
4.098436903208695359e-01
4.098434880362729626e-01
4.098433702911935539e-01
4.098431957278291238e-01
4.098429576348103787e-01
4.098425646573830017e-01
4.098422806626189074e-01
4.098420840533186782e-01
4.098418232098688385e-01
4.098415162588602279e-01
4.098412925592420653e-01
4.098409933045420450e-01
4.098408180626905706e-01
4.098405262605019916e-01
4.098401184581874634e-01
4.098395985338164627e-01
4.098391920481478934e-01
4.098386527251182132e-01
4.098381917643353356e-01
4.098378534990474442e-01
4.098374632639575355e-01
4.098370252943829284e-01
4.098364370022743453e-01
4.098359892566756923e-01
4.098356014213364040e-01
4.098351768395249728e-01
4.098348165912090169e-01
4.098343460531592708e-01
4.098339851059530359e-01
4.098337745659490494e-01
4.098334549705864860e-01
4.098330789555754139e-01
4.098327790480650878e-01
4.098323220405585832e-01
4.098319267028495694e-01
4.098314225707911929e-01
4.098309948956825877e-01
4.098305367243494923e-01
4.098301013142430227e-01
4.098296560224731766e-01
4.098292608372369195e-01
4.098288242883552090e-01
4.098285517371235698e-01
4.098281680931574744e-01
4.098276737128219716e-01
4.098270301532233040e-01
4.098264552428585450e-01
4.098258147988437239e-01
4.098250506638526081e-01
4.098243900032156883e-01
4.098237573656760002e-01
4.098232757890057920e-01
4.098227130865945700e-01
4.098221586421585405e-01
4.098215731329905021e-01
4.098210227165987596e-01
4.098204755678166444e-01
4.098199261137073224e-01
4.098193550729419821e-01
4.098187770549752695e-01
4.098181726873755260e-01
4.098176437653405779e-01
4.098171085645061495e-01
4.098165290051143939e-01
4.098160346405005927e-01
4.098155363173910937e-01
4.098150503360359354e-01
4.098145787270164320e-01
4.098141652491573139e-01
4.098136018919220080e-01
4.098131285286231718e-01
4.098125867208902706e-01
4.098121466778061883e-01
4.098115898596921824e-01
4.098109694405784875e-01
4.098103724359865030e-01
4.098097515255026968e-01
4.098091492055873086e-01
4.098085335011090180e-01
4.098079589000199197e-01
4.098072676777585466e-01
4.098064299158025170e-01
4.098054769692468513e-01
4.098043980135899211e-01
4.098033260837740110e-01
4.098022460737845707e-01
4.098011733280778612e-01
4.098001142484725134e-01
4.097990771251115438e-01
4.097979866261882709e-01
4.097969902899388783e-01
4.097960521637030729e-01
4.097949801359037081e-01
4.097940102773013349e-01
4.097930406944442216e-01
4.097920490883264488e-01
4.097910347082207583e-01
4.097900447445268490e-01
4.097890039665204043e-01
4.097879009895377678e-01
4.097866389304096191e-01
4.097852805987887148e-01
4.097840704989054172e-01
4.097827883200593213e-01
4.097813682561740611e-01
4.097798389841370015e-01
4.097783755354727497e-01
4.097770694007569769e-01
4.097756472518214177e-01
4.097743223098941900e-01
