# game: kuhn_poker 
# eval_every: 1 
# num_iterations: 1000 
# num_players: 2 
# bootstrap: False 
# truncate_negative: False 
# buffer_size: -1 
# num_hidden_layers: 1 
# num_hidden_units: 6 
# num_hidden_factors: 0 
# use_skip_connections: True 
# num_epochs: 200 
# batch_size: 1000 
# step_size: 0.01 
# 
5.146187040417439240e-01
2.991733298950339237e-01
2.257155832346562918e-01
1.852562247434375586e-01
1.482049797952409431e-01
1.235041498296401141e-01
1.018539427583228241e-01
9.886734821688356045e-02
9.078040547176524644e-02
8.693463658450370501e-02
9.035567490728838025e-02
8.443215241210894062e-02
7.628890482814384977e-02
6.865813813292881429e-02
6.597059447854125569e-02
6.215016020593042145e-02
5.809000529611310637e-02
5.633212922345950946e-02
4.970509857333241244e-02
4.696041126626163131e-02
4.686551896806309681e-02
4.812559750874148556e-02
4.563041576194865057e-02
4.287709786343851803e-02
4.243041099452862785e-02
3.952274742714492750e-02
3.558906361504590721e-02
3.364865204025332956e-02
3.130364209319949631e-02
3.012995479907898400e-02
3.142889619285790803e-02
3.150971881700062593e-02
3.186742236041609222e-02
3.286948401293446342e-02
3.272888774235299669e-02
3.116341567579758443e-02
3.055206100789700785e-02
2.867399338231654826e-02
2.923557907521709409e-02
2.918524611280315373e-02
2.970627378777687677e-02
2.874445349293150431e-02
2.797528007943222983e-02
2.846214657913304080e-02
2.926951068224803443e-02
3.115388887530365358e-02
3.141669366279525866e-02
3.149633095442777586e-02
3.142911126972458558e-02
3.148263467978335006e-02
3.108303077161672645e-02
3.028317494915022667e-02
3.050178789319327177e-02
3.035538523881586848e-02
2.975978967223860683e-02
2.883724340887047766e-02
2.692715001678239184e-02
2.551258572412395953e-02
2.500511009815598040e-02
2.344712445894800434e-02
2.189207579645119361e-02
2.243377836713911222e-02
2.228914089414943400e-02
2.183460651678825748e-02
2.127852677141517379e-02
2.146344172770872638e-02
2.238077738969571073e-02
2.254311932735003632e-02
2.195985306399286796e-02
2.150301098077223028e-02
2.230011645125459796e-02
2.278583361367839122e-02
2.292454760337100939e-02
2.259624661463435769e-02
2.211666060204123263e-02
2.154475673712510919e-02
2.090367469403719980e-02
2.020446923775676140e-02
1.945938353242546159e-02
1.909200376740946559e-02
1.928689110037004606e-02
1.940975613800061117e-02
2.040248900423952128e-02
2.174843482165206288e-02
2.301523003186858873e-02
2.420109945028678378e-02
2.535970750275978736e-02
2.591519476766110386e-02
2.653353021181478755e-02
2.714304968709777000e-02
2.776052533094774954e-02
2.836457759124935696e-02
2.895563948037471746e-02
2.928935479248157003e-02
2.954880751843463882e-02
2.974682042306056595e-02
3.034164427746696702e-02
3.128104972099712833e-02
3.174814041734594361e-02
3.219483323434191302e-02
3.263841700605299434e-02
3.306424991970258187e-02
3.348408142799716436e-02
3.389685915673243399e-02
3.429947442268627134e-02
3.468482908100270490e-02
3.497893797587131592e-02
3.522688974743840018e-02
3.541652789678181867e-02
3.554700325259049776e-02
3.625122036113570534e-02
3.676305165154519772e-02
3.727778593188055267e-02
3.779995336201064093e-02
3.811472906176649467e-02
3.863591710492678133e-02
3.899521675365694162e-02
3.933526873110967936e-02
3.969935686089401394e-02
4.006241078986952364e-02
4.041735423389336557e-02
4.055512703779937111e-02
4.060473104742431949e-02
4.061719365482535649e-02
4.074098038727000382e-02
4.057044607522039548e-02
4.040245963064251211e-02
4.026164580447014196e-02
4.019853602280437643e-02
4.007361713190746300e-02
3.989400950635299536e-02
3.965453362407361793e-02
3.940791656268552434e-02
3.913159030487992074e-02
3.882243204819343929e-02
3.855663487005012158e-02
3.830277173728646734e-02
3.809324140512720946e-02
3.798613833012493002e-02
3.774982457813397252e-02
3.758994059770362495e-02
3.732476482840416110e-02
3.710827929826374105e-02
3.687751864789767797e-02
3.667218493659932244e-02
3.646196328667170028e-02
3.641929402848601005e-02
3.625792883376152687e-02
3.614083500168990826e-02
3.597123768086107898e-02
3.575701906164904798e-02
3.555320262909625328e-02
3.536981647320738831e-02
3.522530108393276405e-02
3.507951969795397584e-02
3.487231525301814905e-02
3.472181613937377898e-02
3.449259227561796148e-02
3.437793713889011893e-02
3.416473151945587095e-02
3.390436950109304570e-02
3.357169346288590983e-02
3.325932617041554851e-02
3.300868353723396265e-02
3.272527064829988674e-02
3.247692989510009287e-02
3.216222121573508730e-02
3.196189827628884150e-02
3.161544743271293978e-02
3.133800688381710442e-02
3.103834770466493143e-02
3.067454464984634144e-02
3.040139141650191612e-02
3.017414915368374362e-02
2.988564745194452477e-02
2.971021531333029042e-02
2.941053459839496065e-02
2.918407553076274308e-02
2.898100535138348199e-02
2.876578488365941211e-02
2.855789207570444410e-02
2.841766628458408661e-02
2.835286641193460189e-02
2.826905708759291924e-02
2.813546203000252821e-02
2.808192004509632578e-02
2.807015727026018759e-02
2.807266876021033419e-02
2.796955453637678390e-02
2.789339164870166532e-02
2.779854514162341528e-02
2.763141068495467145e-02
2.746284428399031752e-02
2.733416189689211184e-02
2.718483915670444340e-02
2.697506540844987755e-02
2.673496533466818148e-02
2.669364511361455028e-02
2.648364564879279737e-02
2.625810910361492390e-02
2.601087650692232578e-02
2.581001744063998737e-02
2.572490029654359023e-02
2.566748857923467630e-02
2.542164769940979951e-02
2.531058557333032422e-02
2.525223991435196491e-02
2.522450863474473559e-02
2.520369017780998977e-02
2.516588914570361268e-02
2.514879962607249886e-02
2.512264453776533180e-02
2.511465709975765903e-02
2.508344861219405364e-02
2.505208441370698758e-02
2.507085281554050082e-02
2.510229536186350807e-02
2.504663748187155314e-02
2.514266717960769726e-02
2.508510396795296526e-02
2.501085711598394212e-02
2.502642028126200735e-02
2.507388281667738417e-02
2.505568700309060426e-02
2.501218866143495312e-02
2.493190081603702257e-02
2.490803150165898927e-02
2.484800369492862204e-02
2.491845998953554076e-02
2.492519961816147545e-02
2.493106772480191413e-02
2.486854006419211838e-02
2.478986296710883330e-02
2.481460200346621847e-02
2.480690957679076991e-02
2.478521793088137026e-02
2.473556909833501960e-02
2.474390141807591981e-02
2.471593336375399463e-02
2.470998952036146390e-02
2.465007636429591975e-02
2.460519517992676430e-02
2.457949097816611306e-02
2.462576086025813904e-02
2.463978545793654717e-02
2.460771009511275587e-02
2.445441813787244123e-02
2.427749665919715083e-02
2.400451080395749059e-02
2.381822754618762028e-02
2.348502824989615045e-02
2.341014857132353577e-02
2.341936704510994005e-02
2.343028869187532837e-02
2.340286465490823420e-02
2.339218703945072919e-02
2.338694383111686315e-02
2.332861656500978542e-02
2.318567443970107056e-02
2.299554846380949535e-02
2.282619490471296531e-02
2.252412134400766375e-02
2.208691049320360422e-02
2.158207367256151366e-02
2.131102648318383697e-02
2.140920909428051244e-02
2.137448448665502099e-02
2.119824605931275308e-02
2.077517497713285421e-02
2.027655843673023539e-02
1.972574448627237298e-02
1.958993783956106127e-02
1.930731094788681879e-02
1.895713863568965207e-02
1.869399817532971242e-02
1.817330700078628736e-02
1.765006937943941479e-02
1.708929127755423605e-02
1.652053585554724702e-02
1.582507208700170698e-02
1.512859898634655309e-02
1.442638222096637168e-02
1.372405210375257645e-02
1.301838026046817087e-02
1.238976910822731092e-02
1.197477516823217125e-02
1.180695365329859081e-02
1.185893629532999705e-02
1.186052452074456975e-02
1.180846875564048326e-02
1.186841478345337930e-02
1.198784228982141542e-02
1.209295792092110466e-02
1.219354876655542874e-02
1.228719256716392927e-02
1.235229515635524744e-02
1.237119406820177958e-02
1.235948825007010532e-02
1.230780242918538825e-02
1.238775394830426979e-02
1.245633391091377495e-02
1.248283415177933731e-02
1.238229068205251582e-02
1.217386601212150365e-02
1.191502901595470343e-02
1.204048607531049697e-02
1.223838682779099241e-02
1.239757050328518795e-02
1.250038107464407355e-02
1.255003649865035764e-02
1.252415639320725305e-02
1.248401486699127205e-02
1.232402439213445278e-02
1.206966232725970034e-02
1.186185053188815175e-02
1.170094885371647520e-02
1.180104917949365007e-02
1.202602345352954405e-02
1.216471270672539462e-02
1.222217251514842729e-02
1.221203139477561317e-02
1.217410583074482466e-02
1.210552417711743822e-02
1.196087155659972256e-02
1.195585507549098980e-02
1.197396865166322488e-02
1.218547437343525663e-02
1.264319261418059281e-02
1.306219480427761592e-02
1.344672566308793837e-02
1.378853799044535422e-02
1.406914316277607657e-02
1.441224165916565880e-02
1.461859223285663645e-02
1.482371086282521788e-02
1.502760854856866057e-02
1.523029615902674050e-02
1.543178443451254100e-02
1.563208398861007375e-02
1.581435368908726269e-02
1.597882571401060270e-02
1.613526875394696858e-02
1.627071285455949923e-02
1.639258178209929140e-02
1.650535812312473039e-02
1.660393890088174285e-02
1.669477298055796477e-02
1.677716552912730807e-02
1.685373638029066812e-02
1.708106282519786245e-02
1.737594395319327911e-02
1.766157889902100764e-02
1.793095672271605157e-02
1.819051727922363360e-02
1.844668103985699914e-02
1.868486626084206459e-02
1.891135088145243226e-02
1.912135343374457563e-02
1.931602525866696340e-02
1.949385111393134307e-02
1.967069178440475352e-02
1.984655543460214777e-02
2.002145013907122295e-02
2.019538388362823733e-02
2.036836456657395433e-02
2.054039999988874210e-02
2.071149791040882704e-02
2.088166594098300743e-02
2.105091165161082634e-02
2.121924252056214821e-02
2.138666594547844468e-02
2.155318924445687179e-02
2.171881965711613960e-02
2.188356434564600606e-02
2.204743039583942354e-02
2.221042481810864277e-02
2.237255454848491310e-02
2.253382644960225112e-02
2.269424731166583276e-02
2.285382385340503641e-02
2.301256272301147043e-02
2.317047049906187373e-02
2.332755369142758273e-02
2.348381874216856624e-02
2.374749713464177625e-02
2.390186458553028581e-02
2.405543427181686122e-02
2.420821236178449798e-02
2.436020496028903914e-02
2.451141810957255252e-02
2.466185779006380141e-02
2.481152992116683609e-02
2.496044036203715066e-02
2.516654326521056140e-02
2.552477142555725775e-02
2.588119035277164359e-02
2.623581371864058820e-02
2.658865505754623437e-02
2.693972776818728820e-02
2.728904511527591170e-02
2.763662023120777578e-02
2.798246611770782710e-02
2.832659564745176883e-02
2.866902156566303317e-02
2.900975649168627268e-02
2.934881292053764801e-02
2.968620322443230042e-02
3.002193965428884281e-02
3.035603434121281197e-02
3.058687328162884578e-02
3.081658891819977208e-02
3.104518943032236189e-02
3.127268291817425494e-02
3.149907740367041686e-02
3.172438083140635690e-02
3.194860106958666290e-02
3.217174591094243419e-02
3.239382307363236624e-02
3.254739467351105975e-02
3.265228512743972855e-02
3.273559541608409007e-02
3.281540642370617267e-02
3.289482053652290072e-02
3.297433097732241358e-02
3.305418539382545817e-02
3.313199474099051689e-02
3.321105972369611803e-02
3.328917379683191125e-02
3.336662761212194628e-02
3.344354787147257868e-02
3.352060692466202196e-02
3.359661499177957200e-02
3.367249618805748246e-02
3.374841107033307863e-02
3.382361504477521263e-02
3.389966687860043737e-02
3.397406315462458970e-02
3.404831323092849527e-02
3.412199652133657279e-02
3.419597285875450310e-02
3.427006093056078617e-02
3.434262696850293173e-02
3.441593064253770096e-02
3.448863128034262981e-02
3.456181034204394709e-02
3.463256877102233178e-02
3.470386963774654832e-02
3.477447163148103537e-02
3.484515341591484794e-02
3.491580712826614086e-02
3.498597857110982701e-02
3.505547403746608892e-02
3.512398346780432057e-02
3.519230679182708266e-02
3.525895546813234693e-02
3.532655132681175592e-02
3.539313028723323207e-02
3.546064261744494295e-02
3.552843117922904748e-02
3.559671979242592932e-02
3.566330990015462166e-02
3.573089892796116329e-02
3.579709420466742342e-02
3.586266803847137918e-02
3.592862982209488187e-02
3.599392738613149678e-02
3.605921047879492858e-02
3.612464142827229163e-02
3.618918672453769192e-02
3.625283663847650439e-02
3.631609051516976328e-02
3.637883421596632694e-02
3.642291341493766876e-02
3.645856907439964933e-02
3.648476686030008298e-02
3.650130405227830499e-02
3.650585905923933727e-02
3.650841133492621626e-02
3.650544163271887688e-02
3.649774046445455888e-02
3.648903220823884741e-02
3.647746192358861106e-02
3.660070120177649766e-02
3.672673586838626214e-02
3.684676859914604030e-02
3.695832513704921940e-02
3.706009569741280929e-02
3.715052943053143153e-02
3.723220858806419731e-02
3.730230242688969966e-02
3.736686001031899740e-02
3.742373890608224896e-02
3.757882713361357374e-02
3.782239342758400569e-02
3.806276415331008578e-02
3.829576395379027942e-02
3.852852883633095527e-02
3.875201100339012439e-02
3.897105397568415008e-02
3.918241574553718576e-02
3.938827034653680226e-02
3.959201261468422994e-02
3.978508870475000458e-02
3.997037103255673962e-02
4.014776403276579253e-02
4.031811888376615749e-02
4.048102025248206948e-02
4.063230394039629712e-02
4.076861789513230860e-02
4.089537544377769285e-02
4.101380133451201782e-02
4.112188834893110156e-02
4.121611501084040952e-02
4.129936033278647223e-02
4.136815275087099564e-02
4.141952849276533954e-02
4.146697612441979652e-02
4.151091007434501434e-02
4.155443219690257983e-02
4.159568401463320519e-02
4.178198796846621654e-02
4.197629945843717181e-02
4.216611025353755871e-02
4.235449459809698114e-02
4.253645182370116573e-02
4.271665485792286443e-02
4.289441598838275582e-02
4.306660877329032688e-02
4.323266051011159794e-02
4.339565467576250724e-02
4.354992708730809348e-02
4.370302872798526028e-02
4.385555587845410552e-02
4.400751176618750149e-02
4.415889959452809488e-02
4.430972254291259960e-02
4.445998376709506261e-02
4.460968639936649383e-02
4.475883354877288611e-02
4.490742830133007124e-02
4.505547372023685493e-02
4.520297284608551514e-02
4.534992869706952479e-02
4.549634426919008101e-02
4.564222253645933147e-02
4.578756645110163004e-02
4.593237894375293284e-02
4.607666292365791838e-02
4.622042127886416552e-02
4.636365687641555433e-02
4.650637256254244734e-02
4.664857116285053840e-02
4.679025548250703714e-02
4.693142830642499375e-02
4.707209239944645796e-02
4.721225050652222421e-02
4.735190535289063307e-02
4.749105964425470727e-02
4.762971606695590165e-02
4.776787728814796408e-02
4.790554595596710485e-02
4.804272469970191639e-02
4.817941612996021195e-02
4.831562283883505948e-02
4.845134740006828977e-02
4.858659236921272773e-02
4.872136028379267514e-02
4.885565366346245053e-02
4.898947501016370776e-02
4.912282680828045089e-02
4.925571152479291115e-02
4.938813160942986946e-02
4.952008949481892519e-02
4.965158759663551580e-02
4.978262831375049324e-02
4.991321402837586851e-02
5.004334710620914062e-02
5.017302989657626555e-02
5.030226473257284892e-02
5.043105393120425606e-02
5.055939979352400138e-02
5.068730460477091637e-02
5.081477063450445808e-02
5.094180013673924035e-02
5.106839535007784425e-02
5.119455849784224077e-02
5.132029178820399218e-02
5.144559741431320443e-02
5.157047755442573100e-02
5.169493437202984931e-02
5.181897001597052244e-02
5.194258662057393838e-02
5.206578630576919053e-02
5.218857117720995809e-02
5.231094332639410482e-02
5.243290483078266728e-02
5.255445775391723306e-02
5.267560414553668080e-02
5.279634604169197720e-02
5.291668546486039126e-02
5.303662442405837618e-02
5.315616491495381291e-02
5.327530891997583895e-02
5.339405840842531559e-02
5.351241533658268601e-02
5.363038164781577799e-02
5.374795927268588569e-02
5.386515012905343514e-02
5.398195612218198436e-02
5.409837914484161292e-02
5.421442107741092364e-02
5.433008378797868354e-02
5.444536913244371612e-02
5.456027895461443289e-02
5.467481508630675502e-02
5.478897934744186848e-02
5.490277354614259142e-02
5.501619947882827044e-02
5.512925893031006552e-02
5.524195367388418099e-02
5.542138155301340463e-02
5.553324428354972087e-02
5.564474790419687844e-02
5.575589414144482836e-02
5.586668471073386044e-02
5.597712131654303258e-02
5.608720565247743428e-02
5.619693940135503385e-02
5.630632423529199904e-02
5.641536181578823972e-02
5.652405379381089667e-02
5.663240180987799688e-02
5.674040749414099860e-02
5.684807246646653156e-02
5.695539833651738770e-02
5.706238670383229072e-02
5.716903915790638724e-02
5.727535727826887912e-02
5.738134263456159956e-02
5.748699678661617352e-02
5.759232128453040112e-02
5.769731766874422463e-02
5.780198747011466853e-02
5.790633220999039099e-02
5.801035340028529164e-02
5.811405254355178629e-02
5.821743113305247186e-02
5.832049065283287370e-02
5.842323257779119539e-02
5.852565837374992808e-02
5.862776949752476763e-02
5.872956739699364270e-02
5.883105351116588166e-02
5.893222927024899249e-02
5.903309609571688599e-02
5.913365540037565649e-02
5.923390858842988993e-02
5.933385705554794498e-02
5.943350218892690107e-02
5.953284536735645172e-02
5.963188796128265912e-02
5.973063133287090376e-02
5.982907683606841776e-02
5.992722581666617976e-02
6.002507961236006051e-02
6.012263955281180183e-02
6.021990695970924623e-02
6.031688314682573382e-02
6.041356942007963804e-02
6.050996707759259685e-02
6.060607740974807700e-02
6.070190169924857826e-02
6.079744122117272664e-02
6.089269724303200682e-02
6.098767102482666180e-02
6.108236381910148172e-02
6.117677687100050998e-02
6.127091141832174959e-02
6.136476869157161951e-02
6.145834991401802339e-02
6.155165630174372349e-02
6.164468906369918733e-02
6.173744940175460161e-02
6.182993851075144209e-02
6.192215757855429326e-02
6.201410778610144670e-02
6.210579030745499995e-02
6.219720630985128840e-02
6.228835695375023462e-02
6.237924339288447584e-02
6.246986677430793611e-02
6.256022823844423209e-02
6.265032891913441260e-02
6.274016994368439293e-02
6.282975243291222256e-02
6.291907750119407616e-02
6.294836624692812244e-02
6.297757107075488414e-02
6.300669233285413617e-02
6.303573039134760525e-02
6.306468560231370812e-02
6.309355831980134610e-02
6.312234889584544817e-02
6.315105768048059898e-02
6.317968502175536072e-02
6.320587268458574548e-02
6.322854743169101233e-02
6.324841662760335992e-02
6.326194116139627344e-02
6.327472716467860692e-02
6.328554482654047408e-02
6.329395205714255512e-02
6.329982037349057844e-02
6.330271637763285053e-02
6.330379691957097044e-02
6.330365546033950297e-02
6.330066124937011596e-02
6.329617092618955443e-02
6.328978047121075479e-02
6.328200519831037041e-02
6.327287835285594353e-02
6.326113520867682194e-02
6.324846531419545115e-02
6.323435906956081931e-02
6.321871336568227195e-02
6.320128853411136061e-02
6.318240719118400905e-02
6.316215730903732006e-02
6.314074375522876759e-02
6.311793722765871029e-02
6.309381850436818207e-02
6.306843863869485145e-02
6.304162033771465445e-02
6.303030502419326719e-02
6.311442738150371823e-02
6.319655100491192168e-02
6.322222898026250149e-02
6.324795082154918702e-02
6.327340413960091947e-02
6.329894142948591651e-02
6.332455456048266540e-02
6.335004535546162607e-02
6.337515113225342112e-02
6.340055624215323871e-02
6.342589631066203326e-02
6.345132214234955326e-02
6.347659533327043579e-02
6.350129167888335369e-02
6.352618739591514574e-02
6.355110446323725126e-02
6.357598291230195930e-02
6.360111310569888099e-02
6.362588904442878501e-02
6.365053867912473518e-02
6.367510401614043247e-02
6.369958503029563013e-02
6.372381338423910302e-02
6.374821962324384028e-02
6.377271914912824302e-02
6.379665469996739779e-02
6.382070158378649882e-02
6.384484300832704573e-02
6.386908969874913189e-02
6.389313434742932563e-02
6.391697619805170039e-02
6.394087076124829738e-02
6.396433372119536553e-02
6.398787091249794057e-02
6.401157012674840718e-02
6.408888398795106744e-02
6.416550398247058973e-02
6.424019642540865216e-02
6.431338261553909419e-02
6.438485328765217175e-02
6.445519000451174763e-02
6.452392664324049787e-02
6.464495841325498815e-02
6.471040252368640000e-02
6.477428507181681727e-02
6.483674709110437417e-02
6.489779937070749849e-02
6.495686408716555560e-02
6.501424368254618558e-02
6.507031534575960507e-02
6.512438842199738676e-02
6.517710089859929390e-02
6.522707447373468637e-02
6.527530707120721143e-02
6.532177094254545957e-02
6.536676159983575984e-02
6.540977063317426898e-02
6.545039568645807937e-02
6.548930194660435022e-02
6.552584143776515879e-02
6.555787264852522278e-02
6.558924634489909922e-02
6.561678574909998729e-02
6.564113011930924890e-02
6.566346393396854664e-02
6.568555127072059352e-02
6.570758345806748668e-02
6.572956070230376313e-02
6.575148320869636520e-02
6.577335118149091331e-02
6.579516482391828402e-02
6.581692433820066079e-02
6.583862992555786220e-02
6.586028178621375351e-02
6.588188011940188105e-02
6.590342512337230008e-02
6.592491699539704264e-02
6.594635593177625155e-02
6.596774212784475844e-02
6.598907577797691326e-02
6.601035707559332888e-02
6.603158621316654320e-02
6.605276338222665355e-02
6.607388877336739519e-02
6.609496257625130378e-02
6.611598497961604370e-02
6.613695617127948734e-02
6.615787633814568247e-02
6.617874566621015364e-02
6.619956434056578631e-02
6.622033254540782288e-02
6.624105046403952479e-02
6.626171827887761268e-02
6.628233617145778966e-02
6.630290432243929333e-02
6.632342291161130721e-02
6.634389211789715191e-02
6.636431211936011376e-02
6.638468309320863514e-02
6.640500521580081084e-02
6.642527866265027225e-02
6.644550360843068382e-02
6.646568022698101652e-02
6.648580869131051618e-02
6.650588917360336638e-02
6.652592184522412855e-02
6.654590687672212734e-02
6.656584443783644667e-02
6.658573469750092566e-02
6.660557782384873837e-02
6.662537398421691792e-02
6.664512334515154679e-02
6.666482607241228098e-02
6.668448233097651334e-02
6.670409228504486920e-02
6.672365609804467579e-02
6.674317393263559661e-02
6.676264595071337848e-02
6.678207231341456995e-02
6.680145318112129527e-02
6.682078871346475157e-02
6.684007906933084331e-02
6.685932440686362388e-02
6.687852488346965329e-02
6.689273491589603493e-02
6.688036418471843270e-02
6.685170340898580199e-02
6.680006263151552770e-02
6.673527131809306456e-02
6.666680203032146479e-02
6.666305553111592785e-02
6.676494222770232301e-02
6.684958472877819413e-02
6.692116740479736592e-02
6.697795630349143159e-02
6.705967170313806291e-02
6.707835558550392929e-02
6.709699661492893319e-02
6.711559493867397252e-02
6.713415070332587331e-02
6.715266405480196932e-02
6.717113513835232252e-02
6.718956409856541301e-02
6.720795107937055368e-02
6.722629622404210914e-02
6.724459967520335368e-02
6.726286157482991301e-02
6.728108206425337245e-02
6.729926128416538478e-02
6.731739937462077883e-02
6.733480579121736698e-02
6.735126063393373497e-02
6.736681612774225725e-02
6.738129900226252911e-02
6.739507601796754233e-02
6.740774188397558042e-02
6.741996144682338432e-02
6.743143897107919948e-02
6.744194158886226975e-02
6.745170599268335287e-02
6.746099387957177340e-02
6.746950549708649603e-02
6.747719748991248823e-02
6.748442343317462289e-02
6.748245772249203411e-02
6.746971331689857743e-02
6.744908068291571857e-02
6.742116752939053548e-02
6.738330273405365722e-02
6.734001024281446868e-02
6.729148212024324560e-02
6.723634751800858234e-02
6.717725226669238325e-02
6.711165579394837155e-02
6.704137453301833860e-02
6.696696778108124359e-02
6.688837000321706805e-02
6.680489404417699895e-02
6.685343562526965822e-02
6.694376761653875185e-02
6.703013609316971211e-02
6.711088486416960652e-02
6.718743993602385722e-02
6.725879898060765916e-02
6.732531124038970693e-02
6.738739959582870642e-02
6.737561201787961584e-02
6.736731907738011116e-02
6.731759879880336306e-02
6.727757988954133350e-02
6.718420087404777807e-02
6.709485137203674565e-02
6.703177493545212084e-02
6.695601172737047913e-02
6.684832197840009926e-02
6.673143169763989802e-02
6.663370155329731426e-02
6.652178962929078399e-02
6.638362011872955826e-02
6.624093694125116061e-02
6.603890809359846958e-02
6.588402866406667391e-02
6.566631899919783688e-02
6.544957601643958123e-02
6.523267651233577435e-02
6.501614992987583830e-02
6.481169259234023650e-02
6.459595308424190274e-02
6.438030362650401517e-02
6.416520663229641208e-02
6.395025507540125220e-02
6.373548214573804271e-02
6.352085568924478731e-02
6.330666990158467788e-02
6.309266061752083488e-02
6.287881932193084555e-02
6.266518212930810572e-02
6.245144121922541203e-02
6.223820701087837137e-02
6.202532052711157151e-02
6.181282101282356556e-02
6.160042496291853742e-02
6.138827084776504739e-02
6.117656430941562085e-02
6.096500788765071843e-02
6.075378080658541680e-02
6.054247656687658519e-02
6.033179409111461000e-02
6.012148709439721350e-02
5.991150299111583366e-02
5.970154254584433828e-02
5.949157136542840285e-02
5.928238376503525142e-02
5.907358361563080917e-02
5.886525079759868939e-02
5.865713333894845283e-02
5.844950043491606295e-02
5.824202044689485991e-02
5.803500809173345321e-02
5.782844958299501736e-02
5.762219051365444211e-02
5.741609145548773330e-02
5.721017214618567825e-02
5.700468505215022796e-02
5.679957802191004657e-02
5.659463830534894324e-02
5.639022458551970485e-02
5.618594649794858564e-02
5.598250431906925950e-02
5.577963020996865029e-02
5.557678805090474072e-02
5.537469209608042453e-02
5.517275392998524652e-02
5.497107408854093324e-02
5.477005075197541317e-02
5.456915744528231804e-02
5.436863811778522293e-02
5.416871932183275895e-02
5.396883620791070868e-02
5.376705693778813244e-02
5.356577123097230886e-02
5.336463978495045724e-02
5.316416075386776185e-02
5.296077971150472963e-02
5.275086702955716911e-02
5.253733084739986570e-02
