# game: kuhn_poker 
# eval_every: 1 
# num_iterations: 1000 
# num_players: 2 
# bootstrap: False 
# truncate_negative: False 
# buffer_size: -1 
# num_hidden_layers: 2 
# num_hidden_units: 4 
# num_hidden_factors: 0 
# use_skip_connections: True 
# num_epochs: 200 
# batch_size: 1000 
# step_size: 0.01 
# 
4.583333333333332593e-01
3.124999999999999445e-01
2.916666666666666852e-01
2.812500000000000000e-01
2.749999999999999667e-01
2.708333333333333703e-01
2.738095238095237249e-01
2.760416666666666297e-01
2.685185185185184897e-01
2.708333333333332593e-01
2.727272727272725961e-01
2.743055555555554692e-01
2.756410256410256610e-01
2.767857142857141906e-01
2.777777777777776791e-01
2.786458333333332593e-01
2.794117647058822484e-01
2.807262916427341604e-01
2.856880657742012497e-01
2.901536624918186758e-01
2.941939642833747981e-01
2.978669659115891211e-01
3.012205760934781873e-01
3.042947187598798453e-01
3.071229300126905315e-01
3.097335865535094657e-01
3.121508611281388346e-01
3.143954732329771184e-01
3.164852845028476303e-01
3.184357750212618576e-01
3.202604274415988272e-01
3.219710390855636817e-01
3.235779772964720857e-01
3.250903897301893331e-01
3.265163785961956444e-01
3.278631458584725933e-01
3.291371148903004529e-01
3.303440329204031523e-01
3.314890577181478504e-01
3.325768312759648238e-01
3.315790223837703499e-01
3.326128551848216430e-01
3.335986027392823239e-01
3.345395435866944656e-01
3.354386648408631544e-01
3.362986938665667447e-01
3.371221259124322356e-01
3.361751371785896003e-01
3.369674813182192419e-01
3.377281316922474685e-01
3.384589526398280590e-01
3.391616650894107576e-01
3.398378600880530565e-01
3.404890108274742921e-01
3.411164833581782352e-01
3.417215461556325495e-01
3.423053786794821862e-01
3.428690790473281069e-01
3.434136709281200295e-01
3.439401097462111423e-01
3.444492882751771790e-01
3.449420416902987396e-01
3.454191521398544684e-01
3.458813528878555976e-01
3.463293320743742187e-01
3.467637361340231705e-01
3.471851729083045290e-01
3.475942144833376601e-01
3.479913997808291026e-01
3.483772369269595437e-01
3.487522054210823175e-01
3.491167581236978568e-01
3.494713230810327920e-01
3.498163052016797225e-01
3.501520877991062264e-01
3.504790340123868919e-01
3.507974881162288505e-01
3.511077767302259733e-01
3.514102099362712006e-01
3.517050823121629644e-01
3.525070771808286874e-01
3.527813811177361591e-01
3.530490753212220945e-01
3.533103958531944033e-01
3.535655676667655012e-01
3.538148052521121190e-01
3.540583132377939646e-01
3.542962869510721813e-01
3.545289129404549100e-01
3.547563694634055520e-01
3.549788269418941433e-01
3.551964483882402712e-01
3.554093898034810239e-01
3.556178005503110029e-01
3.558218237024696751e-01
3.560215963722904720e-01
3.562172500179902612e-01
3.564089107321439798e-01
3.565966995126774175e-01
3.567807325175992861e-01
3.569611213046008369e-01
3.571379730565622523e-01
3.573113907939217126e-01
3.574814735747924299e-01
3.564578404931697531e-01
3.566327665262938873e-01
3.568044229139381573e-01
3.569729004795884064e-01
3.575205497107000197e-01
3.576794538042754601e-01
3.578354947610292158e-01
3.579887492721259834e-01
3.570330966237337256e-01
3.571907010393478576e-01
3.573455645086027754e-01
3.574977579180425025e-01
3.576473497307389726e-01
3.577944060889825528e-01
3.579389909117930424e-01
3.580811659875561270e-01
3.582209910620665627e-01
3.583585239222402130e-01
3.584938204757440183e-01
3.586269348267714929e-01
3.587579193481820750e-01
3.588868247502048914e-01
3.590137001458962862e-01
3.591385931135295806e-01
3.592615497560829319e-01
3.593826147579812780e-01
3.595018314392395831e-01
3.596192418071452734e-01
3.597348866056082617e-01
3.598488053623030147e-01
3.599610364337130775e-01
3.600716170481902956e-01
3.601805833471274920e-01
3.605899027914903909e-01
3.606935725555984740e-01
3.607957613230761140e-01
3.608965006044899670e-01
3.609958210227851017e-01
3.610937523443207287e-01
3.611903235086125208e-01
3.612855626568448053e-01
3.613794971592107497e-01
3.614721536411360514e-01
3.615635580084406442e-01
3.616537354714859376e-01
3.617427105683570510e-01
3.618305071871236733e-01
3.619171485872221816e-01
3.620026574199989300e-01
3.620870557484538454e-01
3.621703650662186358e-01
3.622526063158069687e-01
3.623337999061645998e-01
3.624139657295555872e-01
3.624931231778094620e-01
3.625712911579599407e-01
3.626484881073009370e-01
3.627247320078845760e-01
3.628000404004853574e-01
3.628744303980543928e-01
3.629479186986829808e-01
3.630205215980991662e-01
3.630922550017136041e-01
3.631631344362374891e-01
3.634797233843565234e-01
3.630572936389682703e-01
3.631271340270540993e-01
3.631961623176039877e-01
3.632643925932341755e-01
3.633318386128223665e-01
3.633985138207582177e-01
3.634644313558764162e-01
3.637650089565110934e-01
3.638281268837302851e-01
3.638905395827122247e-01
3.639522588072609532e-01
3.640132960514279592e-01
3.640736625566478590e-01
3.641333693186412646e-01
3.641924270940912756e-01
3.642508464071037566e-01
3.643086375554602796e-01
3.643658106166684507e-01
3.644223754538210014e-01
3.644783417212683063e-01
3.645337188701107678e-01
3.645885161535202812e-01
3.646427426318942233e-01
3.646964071778496241e-01
3.647495184810632396e-01
3.648020850529617443e-01
3.648541152312693159e-01
3.649056171844163865e-01
3.649565989158145562e-01
3.650070682680024436e-01
3.650570329266684677e-01
3.651065004245517831e-01
3.651554781452280851e-01
3.652039733267844479e-01
3.652519930653843616e-01
3.652995443187295743e-01
3.653466339094209592e-01
3.653932685282214599e-01
3.650388137115846421e-01
3.648871128485362547e-01
3.649352694540245468e-01
3.649829695987973355e-01
3.650302197422042871e-01
3.650770262222928220e-01
3.651233952586421805e-01
3.651693329551184974e-01
3.652148453025533259e-01
3.652599381813480539e-01
3.653046173640071559e-01
3.653488885176007783e-01
3.653927572061616558e-01
3.654362288930159686e-01
3.654793089430519726e-01
3.655220026249259568e-01
3.655643151132118573e-01
3.656062514904906968e-01
3.656478167493865672e-01
3.656890157945475450e-01
3.657298534445754812e-01
3.657703344339045537e-01
3.658104634146306933e-01
3.658502449582942129e-01
3.658896835576158080e-01
3.659287836281877593e-01
3.659675495101223919e-01
3.660059854696574577e-01
3.660440957007219387e-01
3.660818843264609379e-01
3.661193554007230455e-01
3.661565129095101234e-01
3.661933607723907302e-01
3.662299028438779636e-01
3.659217902976946712e-01
3.659591491853617096e-01
3.659962018526382588e-01
3.660329520491613642e-01
3.660694034635988414e-01
3.661055597248830673e-01
3.661414244034149057e-01
3.661770010122397112e-01
3.662122930081938010e-01
3.662473037930247810e-01
3.662820367144839495e-01
3.663164950673942211e-01
3.663506820946909603e-01
3.663846009884400567e-01
3.664182548908318515e-01
3.664516468951505290e-01
3.664847800467225247e-01
3.665176573438422847e-01
3.665502817386763201e-01
3.665826561381477222e-01
3.666147834047986942e-01
3.666466663576348206e-01
3.666783077729494078e-01
3.667097103851295614e-01
3.672108016994738433e-01
3.672399747268190739e-01
3.672689300450051597e-01
3.672976700820149709e-01
3.673261972298618172e-01
3.673545138452522507e-01
3.673826222502353245e-01
3.674105247328375290e-01
3.674382235476836289e-01
3.674657209166034555e-01
3.674930190292267085e-01
3.675201200435638804e-01
3.675470260865748573e-01
3.675737392547256399e-01
3.676002616145322976e-01
3.676265952030949302e-01
3.676527420286179737e-01
3.676787040709218468e-01
3.677044832819418296e-01
3.677300815862177830e-01
3.677555008813729320e-01
3.677807430385827692e-01
3.678058099030341865e-01
3.678307032943751720e-01
3.678554250071550680e-01
3.678799768112562263e-01
3.679043604523154487e-01
3.679285776521388218e-01
3.679526301091062823e-01
3.679765194985687993e-01
3.680002474732376183e-01
3.680238156635652902e-01
3.680472256781188722e-01
3.680704791039464130e-01
3.680935775069349991e-01
3.681165224321629181e-01
3.681393154042436056e-01
3.681619579276637078e-01
3.681844514871138729e-01
3.682067975478135469e-01
3.682289975558288853e-01
3.682510529383848930e-01
3.682729651041710128e-01
3.682947354436413856e-01
3.683163653293086148e-01
3.683378561160327580e-01
3.683592091413033787e-01
3.683804257255181014e-01
3.684015071722537282e-01
3.684224547685338580e-01
3.684432697850906213e-01
3.684639534766217528e-01
3.684845070820427226e-01
3.685049318247337613e-01
3.685252289127828873e-01
3.685453995392242721e-01
3.685654448822716089e-01
3.685853661055477626e-01
3.686051643583098669e-01
3.686248407756702594e-01
3.686443964788138072e-01
3.686638325752102374e-01
3.686831501588236915e-01
3.687023503103180611e-01
3.687214340972578275e-01
3.687404025743066804e-01
3.687592567834215851e-01
3.687779977540431853e-01
3.687966265032839863e-01
3.688151440361112643e-01
3.688335513455288650e-01
3.688518494127540626e-01
3.688700392073920309e-01
3.688881216876074842e-01
3.689060978002923208e-01
3.689239684812310460e-01
3.689417346552636978e-01
3.689593972364449415e-01
3.689769571282006111e-01
3.689944152234823638e-01
3.690117724049185588e-01
3.690290295449632496e-01
3.690461875060420116e-01
3.690632471406963822e-01
3.684849711964555130e-01
3.685035325320793476e-01
3.685219884055690454e-01
3.685403397132029912e-01
3.685585873411330038e-01
3.685767321655253892e-01
3.685947750527021061e-01
3.686127168592782666e-01
3.686305584322981388e-01
3.686483006093681514e-01
3.686659442187877334e-01
3.686834900796785441e-01
3.687009390021113719e-01
3.687182917872306454e-01
3.687355492273767799e-01
3.687527121062069146e-01
3.687697811988138730e-01
3.687867572718427356e-01
3.688036410836050827e-01
3.688204333841925697e-01
3.688371349155876167e-01
3.688537464117730424e-01
3.688702685988392016e-01
3.688867021950900105e-01
3.689030479111469196e-01
3.689193064500514985e-01
3.688246629045292546e-01
3.688410431090275443e-01
3.688573366457770786e-01
3.688735442008023169e-01
3.688896664529063840e-01
3.689057040737658832e-01
3.689216577280239884e-01
3.689375280733825924e-01
3.689533157606923464e-01
3.689690214340420882e-01
3.686608115339547465e-01
3.686771918659093594e-01
3.686934877631630192e-01
3.687096998768832901e-01
3.687258288515588567e-01
3.687418753250851777e-01
3.687578399288485853e-01
3.687737232878091076e-01
3.687895260205819592e-01
3.688052487395180323e-01
3.688208920507827226e-01
3.687315027341149798e-01
3.687472527272460665e-01
3.687629237730432608e-01
3.687785164636114832e-01
3.687940313851494345e-01
3.688094691180230367e-01
3.686180477719905868e-01
3.686338446834469540e-01
3.686495635854638575e-01
3.686652050544659831e-01
3.686807696612125484e-01
3.686962579708671361e-01
3.687116705430664165e-01
3.687270079319863725e-01
3.687422706864105781e-01
3.687574593497938147e-01
3.687725744603277400e-01
3.687876165510040605e-01
3.688025861496769253e-01
3.688174837791255434e-01
3.688323099571140240e-01
3.688470651964518288e-01
3.688617500050528908e-01
3.688763648859939015e-01
3.688909103375718201e-01
3.689053868533602731e-01
3.689197949222655093e-01
3.689341350285815224e-01
3.689484076520443967e-01
3.689626132678852644e-01
3.689767523468839849e-01
3.689908253554199935e-01
3.690048327555245367e-01
3.690187750049309101e-01
3.690326525571243632e-01
3.690464658613908933e-01
3.690602153628663729e-01
3.690739015025839009e-01
3.690875247175211538e-01
3.691010854406466812e-01
3.691145841009662032e-01
3.691280211235673514e-01
3.691413969296646336e-01
3.691547119366432317e-01
3.691679665581026892e-01
3.691811612038995438e-01
3.691942962801892936e-01
3.692073721894687521e-01
3.692203893306165163e-01
3.692333480989340999e-01
3.692462488861854020e-01
3.692590920806365085e-01
3.692718780670944390e-01
3.692846072269458935e-01
3.692972799381948890e-01
3.693098965755003404e-01
3.693224575102128648e-01
3.693349631104111963e-01
3.694389888325134153e-01
3.694511840324425922e-01
3.694633258616938365e-01
3.694754146698566166e-01
3.693966737519126520e-01
3.694088548959308382e-01
3.694209831933371047e-01
3.694330589872913961e-01
3.694450826179889180e-01
3.694570544226920550e-01
3.694689747357620124e-01
3.694808438886901802e-01
3.694926622101281644e-01
3.695044300259189840e-01
3.695161476591264926e-01
3.695278154300650209e-01
3.695394336563286863e-01
3.695510026528199821e-01
3.695625227317785866e-01
3.695739942028090641e-01
3.695854173729088976e-01
3.695967925464956894e-01
3.696081200254343058e-01
3.696194001090636339e-01
3.696306330942225604e-01
3.696418192752767284e-01
3.696529589441436281e-01
3.696640523903180764e-01
3.696750999008975302e-01
3.696861017606069000e-01
3.696970582518226411e-01
3.695365018905367727e-01
3.695477205724867487e-01
3.695588932762322032e-01
3.695700202838476112e-01
3.695811018751055110e-01
3.695921383274988758e-01
3.696031299162644834e-01
3.696140769144065086e-01
3.696249795927177284e-01
3.696358382198036141e-01
3.696466530621028701e-01
3.696574243839099161e-01
3.695008164366869186e-01
3.695118368446298485e-01
3.695228131709409336e-01
3.695337456795822484e-01
3.695446346324122167e-01
3.695554802892069834e-01
3.695662829076811762e-01
3.695770427435079442e-01
3.695877600503394422e-01
3.695984350798263152e-01
3.696090680816380702e-01
3.696196593034820621e-01
3.696302089911226441e-01
3.696407173884006525e-01
3.696511847372517812e-01
3.696616112777253993e-01
3.696719972480026484e-01
3.696823428844146497e-01
3.696926484214606567e-01
3.697029140918257073e-01
3.697131401263979988e-01
3.697233267542857083e-01
3.697334742028355326e-01
3.697435826976481765e-01
3.697536524625955612e-01
3.697636837198376436e-01
3.697736766898382932e-01
3.697836315913817784e-01
3.697935486415886985e-01
3.698034280559312492e-01
3.698132700482500423e-01
3.698230748307678173e-01
3.698328426141063718e-01
3.698425736073004400e-01
3.698522680178133459e-01
3.698619260515514928e-01
3.698715479128785177e-01
3.698811338046304464e-01
3.698906839281295711e-01
3.699001984831985501e-01
3.699096776681744525e-01
3.698418180311898174e-01
3.698513702200213471e-01
3.698608870957702521e-01
3.698703688538965140e-01
3.698798156884199884e-01
3.698892277919341720e-01
3.698986053556190812e-01
3.699079485692538527e-01
3.699172576212299002e-01
3.699265326985636815e-01
3.699357739869090222e-01
3.699449816705696059e-01
3.699541559325106865e-01
3.699632969543724670e-01
3.699724049164805351e-01
3.699814799978590751e-01
3.699905223762416373e-01
3.699995322280832388e-01
3.700085097285717439e-01
3.700174550516390770e-01
3.700263683699726580e-01
3.700352498550266711e-01
3.700440996770323343e-01
3.700529180050094458e-01
3.700617050067769864e-01
3.700704608489638892e-01
3.700791856970190863e-01
3.700878797152225563e-01
3.700965430666951494e-01
3.701051759134089125e-01
3.701137784161976363e-01
3.701223507347659036e-01
3.701308930277000253e-01
3.701394054524770882e-01
3.701478881654747255e-01
3.701563413219812193e-01
3.701647650762041053e-01
3.701731595812803310e-01
3.701815249892853599e-01
3.701898614512419416e-01
3.701981691171295497e-01
3.702064481358933179e-01
3.702146986554532004e-01
3.702229208227121315e-01
3.702311147835653515e-01
3.702392806829087890e-01
3.702474186646477206e-01
3.702555288717048199e-01
3.702636114460293171e-01
3.702716665286043263e-01
3.702796942594558383e-01
3.702876947776604366e-01
3.702956682213533468e-01
3.703036147277363188e-01
3.703115344330861758e-01
3.703194274727612534e-01
3.703272939812107811e-01
3.703351340919807666e-01
3.703429479377230993e-01
3.703507356502019898e-01
3.703584973603021302e-01
3.703662331980351885e-01
3.703739432925478581e-01
3.703816277721286299e-01
3.703892867642148423e-01
3.703969203954001754e-01
3.704045287914410900e-01
3.704121120772639886e-01
3.704196703769720989e-01
3.704957345156066895e-01
3.705031306822479942e-01
3.705105025991626833e-01
3.705178503854162919e-01
3.705251741592965331e-01
3.705324740383191262e-01
3.705397501392340143e-01
3.705470025780323584e-01
3.705542314699513118e-01
3.705614369294816246e-01
3.705686190703726401e-01
3.705757780056388451e-01
3.705829138475654205e-01
3.705900267077144594e-01
3.705971166969305175e-01
3.706041839253467196e-01
3.704776814938425811e-01
3.704849172034525018e-01
3.704921297957795567e-01
3.704993193814324348e-01
3.705064860703156659e-01
3.705136299716350057e-01
3.705207511939024867e-01
3.705278498449424696e-01
3.705349260318968607e-01
3.705419798612304971e-01
3.705490114387366418e-01
3.705560208695420910e-01
3.705630082581121143e-01
3.705699737082565615e-01
3.705769173231342473e-01
3.705838392052577257e-01
3.705907394564997848e-01
3.705976181780966661e-01
3.706044754706544486e-01
3.706113114341527681e-01
3.706181261679508121e-01
3.706249197707913723e-01
3.706316923408058406e-01
3.706384439755188165e-01
3.706451747718531031e-01
3.706518848261340926e-01
3.706585742340939293e-01
3.706652430908774498e-01
3.706718914910450136e-01
3.706785195285779988e-01
3.706851272968831879e-01
3.706917148887964863e-01
3.706982823965881413e-01
3.707048299119664048e-01
3.707113575260820859e-01
3.707178653295328807e-01
3.707243534123672024e-01
3.707308218640883446e-01
3.707372707736593664e-01
3.707437002295062567e-01
3.707501103195222081e-01
3.707565011310719472e-01
3.707628727509954536e-01
3.707692252656119014e-01
3.707755587607234338e-01
3.707818733216193818e-01
3.707881690330797619e-01
3.707944459793794389e-01
3.708007042442912349e-01
3.708069439110903698e-01
3.708131650625577924e-01
3.708193677809836775e-01
3.708255521481718664e-01
3.708317182454420324e-01
3.708378661536346765e-01
3.708439959531141805e-01
3.708501077237714161e-01
3.708562015450290184e-01
3.708622774958428847e-01
3.708683356547071153e-01
3.707525437409819880e-01
3.707587444070536975e-01
3.707649269953817717e-01
3.707710915849083411e-01
3.707772382541165146e-01
3.707833670810337101e-01
3.707894781432353182e-01
3.707955715178472555e-01
3.708016472815500730e-01
3.708077055105810649e-01
3.708137462807388762e-01
3.708197696673855015e-01
3.708257757454498371e-01
3.708317645894305681e-01
3.708377362734000537e-01
3.708436908710062152e-01
3.708496284554763656e-01
3.708555490996199300e-01
3.708614528758313877e-01
3.708673398560934920e-01
3.708732101119798230e-01
3.708790637146580638e-01
3.708849007348924420e-01
3.708907212430468392e-01
3.708965253090880654e-01
3.709023130025872472e-01
3.709080843927246574e-01
3.709138395482906025e-01
3.709195725300786783e-01
3.709252559937998850e-01
3.709308966771810989e-01
3.709364205933473047e-01
3.709418438057179301e-01
3.709470575479090759e-01
3.709519258998201785e-01
3.709563841224289837e-01
3.709604112054641356e-01
3.709650901781552657e-01
3.709700128303213273e-01
3.709751496242797986e-01
3.709804559227189991e-01
3.709860001214464464e-01
3.709901183978023820e-01
3.709946670872347751e-01
3.709993293986479368e-01
3.710039748498474843e-01
3.710084205504659560e-01
3.710127367321306990e-01
3.710170140422106022e-01
3.710212329258825714e-01
3.710254207911398705e-01
3.710295580624519696e-01
3.710336745623570853e-01
3.710377491931220462e-01
3.710418049977970423e-01
3.710458055394977306e-01
3.710498035778958537e-01
3.710537044406947982e-01
3.710576933624808449e-01
3.710613686244623177e-01
3.710657229556197367e-01
3.710679256288389460e-01
3.710731965060123372e-01
3.710722556237443515e-01
3.710775066188999882e-01
3.710827435927066542e-01
3.710708754840047474e-01
3.710206257607585600e-01
3.709705096803932456e-01
3.709205267104671577e-01
3.708706763213631685e-01
3.708209579862701832e-01
3.707713711811642110e-01
3.707219153847903792e-01
3.706725900786444483e-01
3.706233947469548262e-01
3.705743288766643051e-01
3.705253919574127974e-01
3.704765834815187953e-01
3.704279029439628834e-01
3.703793498423690322e-01
3.703309236769886104e-01
3.702826239506821770e-01
3.702344501689033285e-01
3.701864018396813227e-01
3.701384784736042044e-01
3.700906795838025953e-01
3.700430046859330968e-01
3.699954532981617472e-01
3.699480249411478683e-01
3.699007191380281889e-01
3.698535354144003584e-01
3.698064732983077363e-01
3.697595323202230166e-01
3.697127120130332956e-01
3.696660119120235843e-01
3.696194315548628206e-01
3.695729704815872152e-01
3.695266282345858189e-01
3.694804043585859232e-01
3.694342984006370734e-01
3.693883099100969680e-01
3.693424384386167492e-01
3.692966835401264025e-01
3.692510447708200472e-01
3.692055216891418357e-01
3.691601138557716877e-01
3.691148208336111347e-01
3.690696421877691646e-01
3.690245774855484551e-01
3.689796262964317175e-01
3.689347881920674865e-01
3.688900627462569082e-01
3.688454495349401396e-01
3.688009481361832487e-01
3.687565581301640583e-01
3.687122790991599897e-01
3.686681106275341291e-01
3.686240523017230153e-01
3.685801037102226507e-01
3.685362644435768442e-01
3.684925340943637773e-01
3.684489122571832920e-01
3.684053985286452337e-01
3.683619925073562396e-01
3.683701977082046164e-01
3.683269423200797865e-01
3.682837936036889026e-01
3.682407511649246068e-01
3.681978146116185457e-01
3.681549835535294912e-01
3.681122576023314608e-01
3.680696363716020603e-01
3.680271194768108822e-01
3.679847065353076818e-01
3.679423971663112747e-01
3.679001909908976575e-01
3.678580876319894610e-01
3.678160867143437929e-01
3.677741878645417462e-01
3.676818243679350617e-01
3.676401898333402918e-01
3.675986561087566939e-01
3.673556911880159204e-01
3.673146013838364254e-01
3.672736107106681080e-01
3.672327188102063600e-01
3.670415041465633910e-01
3.668507491335541992e-01
3.666604521157744712e-01
3.664706114457589869e-01
3.662812254839352688e-01
3.660922925985754528e-01
3.659038111657491599e-01
3.657157795692782543e-01
3.655281962006893259e-01
3.653410594591682825e-01
3.651543677515155517e-01
3.649681194920993965e-01
3.647823131028125054e-01
3.645969470130261958e-01
3.644120196595472261e-01
3.642275294865728319e-01
3.640434749456480934e-01
3.638598544956217484e-01
3.636766666026037820e-01
3.634939097399222940e-01
3.633115823880815332e-01
3.631296830347192639e-01
3.629482101745652445e-01
3.627671623094000375e-01
3.626352708914828415e-01
3.624550116186230353e-01
3.622751730208457754e-01
3.620957536272590982e-01
3.619167519738206162e-01
3.617381666032972176e-01
3.615599960652253753e-01
3.613822389158732884e-01
3.612048937181998043e-01
3.610279590418172813e-01
3.608032639061122815e-01
3.606272016306130146e-01
3.604515454964644094e-01
3.602762940999520991e-01
3.601014460438229925e-01
3.599269999372483042e-01
3.597529543957862508e-01
3.595793080413460241e-01
3.594060595021507654e-01
3.592332074127019270e-01
3.590607504137434125e-01
3.588886871522253275e-01
3.587170162812695073e-01
3.585457364601336017e-01
3.583748463541767126e-01
3.582043446348242566e-01
3.580342299795339911e-01
3.578645010717613761e-01
3.576951566009259342e-01
3.575261952623775552e-01
3.573576157573625789e-01
3.571894167929910435e-01
3.570215970822031570e-01
3.568541553437369895e-01
3.566870903020952221e-01
3.565204006875133391e-01
3.563540852359271538e-01
3.561881426889410562e-01
3.560225717937958723e-01
3.558573713033378327e-01
3.556925399759870432e-01
3.555280765757061201e-01
3.553639798719700482e-01
3.552002486397344283e-01
3.550368816594059451e-01
3.548738777168115588e-01
3.547112356031685843e-01
3.545489541150546597e-01
3.543870320543785479e-01
3.542254682283498823e-01
3.540642614494507456e-01
3.539034105354055271e-01
3.537429143091532779e-01
3.535827715988177911e-01
3.534229812376801227e-01
3.531719669725741917e-01
3.530129783516654518e-01
3.528543383900130115e-01
3.526960459419676841e-01
3.525380998668942167e-01
3.523804990291431460e-01
3.522232422980248190e-01
3.520663285477813043e-01
3.519097566575602465e-01
3.517535255113874437e-01
3.515976339981412013e-01
3.514420810115252425e-01
3.512868654500429511e-01
3.511319862169712258e-01
3.509774422203347788e-01
3.508232323728803781e-01
3.506693555920509797e-01
3.505158107999613581e-01
3.503625969233719606e-01
3.502097128936643711e-01
3.500571576468162749e-01
3.499049301233772558e-01
3.497530292684433717e-01
3.496014540316337293e-01
3.494502033670657259e-01
3.492992762333310131e-01
3.491486715934717378e-01
3.489983884149570059e-01
3.488484256696586794e-01
3.486987823338285608e-01
3.485494573880746905e-01
3.484004498173383091e-01
3.482517586108712093e-01
3.481033827622119214e-01
3.479553212691642861e-01
3.478075731337739729e-01
3.476601373623062763e-01
3.475130129652237998e-01
3.473661989571648068e-01
3.472196943569205718e-01
3.470734981874136760e-01
3.469276094756764683e-01
3.467820272528295278e-01
3.466367505540599581e-01
3.464917784186002381e-01
3.463471098897067391e-01
3.462027440146395740e-01
3.460586798446404488e-01
3.459149164349126782e-01
3.457714528446005353e-01
3.456282881367681581e-01
3.454854213783797867e-01
3.453428516402791693e-01
3.452005779971694110e-01
3.451018222108571676e-01
3.449600932068309644e-01
3.448186576375957824e-01
3.447206031829470607e-01
3.445797072430117902e-01
3.444391021099702521e-01
3.442987868844193944e-01
3.441587606706617009e-01
3.440190225766854848e-01
3.438795717141459596e-01
3.437404071983466980e-01
3.436015281482209804e-01
3.434629336863126436e-01
3.433246229387584836e-01
3.431865950352687156e-01
3.430488491091099323e-01
3.429113842970862303e-01
3.427741997395212792e-01
3.426372945802406145e-01
3.425006679665534848e-01
3.423643190492356991e-01
3.422282469825115858e-01
3.420924509240362843e-01
3.418724990993844415e-01
3.417373380004234407e-01
3.416081171206601930e-01
3.414852825126969971e-01
3.413643054324435600e-01
3.412443600863924731e-01
3.411249131620527342e-01
3.410057739348696937e-01
3.408052460917495585e-01
3.406881479572085869e-01
3.405708573129007100e-01
3.404535859666980024e-01
3.403364175286567317e-01
3.402193483372914495e-01
