# game: kuhn_poker 
# eval_every: 1 
# num_iterations: 1000 
# num_players: 2 
# bootstrap: False 
# truncate_negative: False 
# buffer_size: -1 
# num_hidden_layers: 2 
# num_hidden_units: 8 
# num_hidden_factors: 0 
# use_skip_connections: True 
# num_epochs: 200 
# batch_size: 1000 
# step_size: 0.01 
# 
4.118773948735446333e-01
1.931587371745815129e-01
1.541665319774074283e-01
1.233100644757109121e-01
1.054697787107698181e-01
1.098463733653843311e-01
1.024548908922652546e-01
8.743304315006944494e-02
8.067347388556272980e-02
7.201091094554451510e-02
6.547232981334583091e-02
6.684157514336647177e-02
5.751576267663061071e-02
5.431028919210798001e-02
5.239640697616343434e-02
5.173058802682145574e-02
4.903448809479624138e-02
4.452519099222765342e-02
4.058851016558612246e-02
4.015602322697633952e-02
3.935799649572219172e-02
3.726982178192336792e-02
3.475054363990623396e-02
3.230455108590965518e-02
2.881166776472074420e-02
2.690458358559694174e-02
2.856168611499065868e-02
2.948973715590358369e-02
2.831148196207539103e-02
2.663293839382127604e-02
2.445645270932825244e-02
2.240994580683960957e-02
2.176840276557570619e-02
2.168818170600153583e-02
2.148464940739805429e-02
2.108768239264791067e-02
2.066375560336572437e-02
2.053894019738741750e-02
2.087347876252351742e-02
2.067912363532395381e-02
1.991268379225208385e-02
1.874012549188194821e-02
1.715167535601738735e-02
1.679785589096896570e-02
1.767407917729510447e-02
1.810805994962433330e-02
1.734572155830904627e-02
1.638329466289017988e-02
1.553389183149123109e-02
1.458326720646596630e-02
1.457407627084297830e-02
1.522820959315718259e-02
1.551632173778477730e-02
1.619971218652563327e-02
1.682025516577334567e-02
1.698775317862477596e-02
1.670971362302275942e-02
1.662983090346276116e-02
1.548060581742349839e-02
1.449872079250669188e-02
1.429825466637607567e-02
1.392925864781605072e-02
1.344873447814307066e-02
1.265208284690402807e-02
1.190117968502923951e-02
1.236979936689841519e-02
1.239620293361970438e-02
1.202696853184803683e-02
1.106236526888415561e-02
1.159096601574965968e-02
1.201006207596266862e-02
1.205828817232845740e-02
1.267406056481121257e-02
1.325017736211500652e-02
1.350281011414955490e-02
1.345147202090254956e-02
1.289797624138913634e-02
1.224094319745538950e-02
1.140400051637358025e-02
1.130974990913446998e-02
1.118549667649423873e-02
1.097019038216787146e-02
1.060991917938278184e-02
1.010042370297711822e-02
9.472738048604073535e-03
9.215419715489281405e-03
9.377490323740078626e-03
9.336943268313496747e-03
9.054602569849273808e-03
8.773898677468694451e-03
9.255691937285898119e-03
9.621778516152867944e-03
9.778815337457474888e-03
9.891611494338259369e-03
1.041576821706857725e-02
1.081323663234212695e-02
1.097617753978202826e-02
1.080692165374419478e-02
1.027432477436787672e-02
9.659496629674663160e-03
8.963324277810574836e-03
8.766109310498787499e-03
8.805517353528136137e-03
8.760939627546981967e-03
8.680547324230042383e-03
8.450264812829733074e-03
8.235989152537648295e-03
7.851351034817488639e-03
7.779920056269318263e-03
7.902984635444643136e-03
7.935359329167446241e-03
7.837634876197069334e-03
7.592293068085897989e-03
7.539713240801576566e-03
7.805265786240883630e-03
7.932298193914111284e-03
7.907882743858507535e-03
7.901019458622177138e-03
8.297764147584901773e-03
8.585780072167065180e-03
8.725455060163422871e-03
8.730240465142147244e-03
8.574938953720911972e-03
8.231720914404910827e-03
7.821475287931256570e-03
7.374819524086168032e-03
7.258766076523703870e-03
7.348885336210086994e-03
7.395396697465250746e-03
7.379669904361757515e-03
7.276209761676144527e-03
7.086154632405194942e-03
6.756047692258737580e-03
6.403089501371694858e-03
6.173930282314166185e-03
6.220733425591901122e-03
6.226114184515740835e-03
6.161905420446145420e-03
6.034107781842407148e-03
5.830299960262630421e-03
5.907823722192950822e-03
6.146320378189767952e-03
6.310777889419472153e-03
6.351033873183253853e-03
6.415022926425817396e-03
6.757645019511621109e-03
7.048109603611046881e-03
7.274816453129606675e-03
7.395287508594278192e-03
7.374379185302093465e-03
7.232582148432281643e-03
6.956670435342454661e-03
6.579277142747447238e-03
6.174503902841854686e-03
5.878539584000752605e-03
5.965161389625800448e-03
6.046182343510758672e-03
6.084254259788618446e-03
6.198187451585124297e-03
6.190037332005265958e-03
6.076684508222240932e-03
5.874071582857964824e-03
5.624599614276359905e-03
5.357207682177123065e-03
5.350344433499437669e-03
5.380675240972465634e-03
5.344041307351832248e-03
5.212156105306953169e-03
5.041025394821430083e-03
4.881602317511474221e-03
5.026650881992084097e-03
5.114372364751429423e-03
5.178843924966591850e-03
5.198193655930355428e-03
5.294488253793111499e-03
5.585630473757263736e-03
5.866405184857176325e-03
6.097285556118631211e-03
6.241349779156663002e-03
6.315195616742902418e-03
6.332275090555533614e-03
6.182451129964960934e-03
5.983275314396518940e-03
5.688143137791090709e-03
5.360295879469095803e-03
5.124912062648562250e-03
5.179397007334801684e-03
5.205453430937506676e-03
5.214205599275878456e-03
5.186341916150360998e-03
5.198723102300850663e-03
5.140499188861974433e-03
5.027807284595786630e-03
4.857996709396544821e-03
4.676839452001479991e-03
4.443975881152500973e-03
4.527022087182530630e-03
4.495958954948087172e-03
4.525550314793042039e-03
4.489427454448025046e-03
4.397218616783465928e-03
4.237965132458054729e-03
4.330829057917456870e-03
4.446331476917059211e-03
4.503087296297836328e-03
4.536734179044238369e-03
4.504911437152342435e-03
4.589940678840304100e-03
4.822998601061112556e-03
5.042853739242708633e-03
5.215546092568440484e-03
5.339431494499002895e-03
5.429785267287101647e-03
5.429047054190394572e-03
5.352837459712378454e-03
5.222547444257263916e-03
4.988161520395884008e-03
4.728959970960594505e-03
4.450190281952065563e-03
4.396161864650638407e-03
4.467713603500372832e-03
4.513484756924313057e-03
4.533968404180882539e-03
4.567067087630799493e-03
4.574480175826567407e-03
4.540028064993761880e-03
4.440167176898823787e-03
4.312071822204222027e-03
4.142909593612742469e-03
3.935326527459231949e-03
3.769945532431706603e-03
3.756298074482050664e-03
3.773249318463650637e-03
3.749849439546926178e-03
3.697739287288143162e-03
3.606472966941498548e-03
3.490639468009509860e-03
3.595886840330270173e-03
3.708101248451445286e-03
3.796170794579695196e-03
3.855602941169405939e-03
3.866566353669165235e-03
3.950153970450398511e-03
4.147618535297714626e-03
4.322762805237717609e-03
4.470801730685397546e-03
4.592631717717926554e-03
4.668306403229044443e-03
4.674344277634523426e-03
4.667682657879285157e-03
4.578861166447706355e-03
4.583897479670667741e-03
4.383848936556050679e-03
4.166981409086722987e-03
3.942490601418546792e-03
3.793380543490432188e-03
3.868944149020836498e-03
3.933941427981646477e-03
4.060318238513827005e-03
4.152285329422050753e-03
4.179556909135240250e-03
4.149859389127513731e-03
4.075669698827111276e-03
3.951435084580123824e-03
3.784307120964336413e-03
3.602251245733018026e-03
3.413591949279592974e-03
3.211499440241238901e-03
3.198201113510906746e-03
3.212168734144704718e-03
3.197872269644269627e-03
3.169779830627189599e-03
3.103121471350306360e-03
3.026082687291792306e-03
3.006484104231488264e-03
3.158767108503046650e-03
3.287511970636813885e-03
3.373055122861429167e-03
3.442719372827363067e-03
3.476634235399012063e-03
3.602461611987572976e-03
3.778715518744896196e-03
3.938056404571815827e-03
4.038200016943910287e-03
4.117784049450762263e-03
4.162588844591558201e-03
4.151802247311237037e-03
4.112127150693645206e-03
4.043874160978844223e-03
3.946038213988645182e-03
3.856280132302991603e-03
3.709775371238455133e-03
3.544859742096562183e-03
3.371238063260534323e-03
3.417848511661492061e-03
3.509667363601115531e-03
3.611481384096809633e-03
3.697419720955996691e-03
3.702763351262794433e-03
3.674717154194484525e-03
3.605516183060736290e-03
3.507628391276856883e-03
3.390479633086529443e-03
3.250130183514249316e-03
3.092053980093101284e-03
2.931158652482557248e-03
2.774378170753322159e-03
2.680383846101808132e-03
2.677994811172423884e-03
2.687128796375254369e-03
2.681773492965722205e-03
2.664860280601505371e-03
2.651359833716060432e-03
2.646251110817926522e-03
2.794998977173251964e-03
2.928016855765130932e-03
3.035538131416909424e-03
3.085305794346182573e-03
3.084192138669228367e-03
3.103316029014646649e-03
3.210540038260129014e-03
3.288872283116528461e-03
3.368234106530032523e-03
3.433820263264941719e-03
3.479152028464049806e-03
3.506914744546951734e-03
3.535258149988257381e-03
3.539891546271600742e-03
3.511890725628796783e-03
3.477689662138933047e-03
3.387732378138164080e-03
3.310761467739120611e-03
3.186249526243079000e-03
3.083793406701285100e-03
3.053515180125782047e-03
3.110249766165751328e-03
3.138096015901897795e-03
3.143898428276753476e-03
3.126751853145204318e-03
3.093912121936243098e-03
3.046128612898768573e-03
2.980800963161223116e-03
2.910541668141808369e-03
2.826086791838766654e-03
2.749908074653362178e-03
2.660546029363664022e-03
2.578391696512472020e-03
2.485370313742102377e-03
2.418862156271545105e-03
2.433462162957145125e-03
2.456305494016652879e-03
2.484546744271953767e-03
2.492756301505444361e-03
2.495619965143108798e-03
2.476706880173290548e-03
2.558487541304638180e-03
2.649919417561125146e-03
2.706420567144263156e-03
2.720935062676343996e-03
2.711516984312989376e-03
2.798706205944717640e-03
2.882743880883720244e-03
2.951291136297939932e-03
3.003755124934642806e-03
3.049757936096103572e-03
3.088844698773240971e-03
3.127417583505071041e-03
3.149209167008920618e-03
3.147428434805338293e-03
3.156762443493610348e-03
3.139594775542264848e-03
3.100977783351749340e-03
3.037552173348834206e-03
2.959696304188047522e-03
2.880430448437915070e-03
2.832682750526283044e-03
2.895897211286579953e-03
2.928873031039974650e-03
2.935963342463487891e-03
2.928709317745553653e-03
2.904346707937210947e-03
2.859796018991167532e-03
2.801226608395518403e-03
2.731324341721186322e-03
2.660076223354512770e-03
2.584634062165691581e-03
2.509190298167568445e-03
2.433059316283375795e-03
2.359713900337512271e-03
2.305481738277159742e-03
2.247697939817910884e-03
2.191616679861813077e-03
2.169351296408328356e-03
2.201593907463300637e-03
2.244389157245230138e-03
2.274834386536361830e-03
2.281070031658199992e-03
2.260320074937816059e-03
2.323793700620246927e-03
2.378234517537713977e-03
2.408008643376480240e-03
2.416309788354609189e-03
2.416678898747415261e-03
2.480407025193726023e-03
2.531534269787305558e-03
2.580635863235147820e-03
2.633013785713511634e-03
2.671816947887262206e-03
2.717564716032017103e-03
2.739986170811142818e-03
2.770698937352794600e-03
2.811179453396595029e-03
2.829499757563441742e-03
2.841275707745505308e-03
2.827603302782977224e-03
2.804667330536497749e-03
2.758446035640599314e-03
2.709629699557264404e-03
2.647106261699755381e-03
2.572817596404181062e-03
2.627158326539452693e-03
2.655857866694810721e-03
2.662204107227755800e-03
2.653263032875247118e-03
2.622368651169826315e-03
2.581601065351685209e-03
2.528807312194403245e-03
2.473682339704880162e-03
2.413110129088097411e-03
2.351712346243983731e-03
2.286023852204138729e-03
2.220529761327055818e-03
2.160120823539668500e-03
2.117538815590402912e-03
2.083954430122436641e-03
2.050158919121081169e-03
2.022082233196914602e-03
1.994185984070279138e-03
1.954469653882795477e-03
1.970032103519370192e-03
1.998107146466088224e-03
2.009514560779607217e-03
2.002989608081984230e-03
2.022016947848259694e-03
2.071425935314757938e-03
2.104038680241004933e-03
2.112364354818707657e-03
2.152634377006495958e-03
2.205013362980179359e-03
2.256006173337293808e-03
2.300502327917119949e-03
2.344077161721497271e-03
2.377316079250429981e-03
2.411163488117790132e-03
2.440555602573946103e-03
2.467840035003887600e-03
2.494681976816182090e-03
2.519191756707978014e-03
2.532527740107787251e-03
2.534640196510229426e-03
2.537017291244142436e-03
2.516598126268171365e-03
2.484551436387372192e-03
2.447677696604422248e-03
2.395666292628079175e-03
2.329101005225875376e-03
2.372472912066020401e-03
2.399556958398357809e-03
2.411836456341687196e-03
2.404481867824326269e-03
2.385902013971347158e-03
2.358804430989153156e-03
2.322592300031872670e-03
2.272884581293821427e-03
2.217445523567312948e-03
2.159966531571549941e-03
2.100901798284565691e-03
2.042821108307307787e-03
1.984257182573084810e-03
1.935941693445769607e-03
1.896949851366125372e-03
1.867022425256076312e-03
1.842786948720837037e-03
1.807923607201611382e-03
1.778426422180151567e-03
1.775354319052513397e-03
1.788295656784261167e-03
1.801339220228709292e-03
1.815951969148410505e-03
1.813393801577523057e-03
1.869684158559814513e-03
1.941361323822277107e-03
1.997012596455183253e-03
2.039060349062149502e-03
2.067478585785376133e-03
2.084509221098707066e-03
2.092115676295497328e-03
2.095486040728899990e-03
2.115751431725709786e-03
2.145278091441965573e-03
2.211738308260963182e-03
2.275505930475041350e-03
2.333092575719925010e-03
2.391853634489848890e-03
2.446016718160387571e-03
2.493622560512859243e-03
2.532765281144405689e-03
2.562568968426187643e-03
2.576172337056842343e-03
2.563800015849576619e-03
2.540672703847085545e-03
2.505514627791360915e-03
2.452525987620107761e-03
2.377807908322426833e-03
2.298006018643022896e-03
2.213022588589907969e-03
2.273222335127639271e-03
2.323807264355576274e-03
2.357853952813432352e-03
2.369834927491903942e-03
2.357762654002143465e-03
2.329617489557955778e-03
2.292672830757624958e-03
2.238107325069571552e-03
2.181327510500152833e-03
2.114423502523110621e-03
2.043492613896691346e-03
1.966966644225243144e-03
1.899787198219621276e-03
1.833008671163594006e-03
1.774463446979818171e-03
1.756737286367132667e-03
1.728085478258201135e-03
1.721415396328501712e-03
1.735667009795549554e-03
1.721340976987173477e-03
1.706690496785207012e-03
1.720058322332573830e-03
1.716882065820907188e-03
1.705858601511567318e-03
1.727315321011863025e-03
1.832228518018091945e-03
1.917363262627674869e-03
1.995119154880570234e-03
2.054732330631164894e-03
2.099683851719519323e-03
2.110302750194886778e-03
2.103361830409378186e-03
2.150954410859162724e-03
2.211657121564486461e-03
2.264652177664389088e-03
2.301627031924213806e-03
2.332517958937296854e-03
2.344865587103728277e-03
2.350424404497009068e-03
2.347656603778280893e-03
2.335574927855244010e-03
2.310918720483473576e-03
2.277270011339871392e-03
2.242195586942968832e-03
2.193318101134572595e-03
2.136334362390496233e-03
2.066609439016875438e-03
1.994451982569228621e-03
1.925316763862622294e-03
2.018705134286119529e-03
2.125450336673273544e-03
2.199733514945484414e-03
2.260612200829820173e-03
2.288732169823476381e-03
2.292769851497344913e-03
2.264881473268781642e-03
2.226150531975307212e-03
2.168624484032571909e-03
2.100406194672388427e-03
2.023259735935700743e-03
1.943238331061081237e-03
1.873620094554356852e-03
1.803985610181468857e-03
1.733935734311548016e-03
1.663832619802851909e-03
1.594044520495857542e-03
1.524824249240275265e-03
1.467384383860570463e-03
1.463247067840400817e-03
1.472630488848547525e-03
1.482597057759882375e-03
1.474087741790530703e-03
1.440787054074965656e-03
1.389750166848585655e-03
1.374491675787375966e-03
1.454583781238305562e-03
1.528623651104232817e-03
1.599264363207286710e-03
1.663464334459102689e-03
1.716211055778321670e-03
1.758151328517143508e-03
1.816718473207634688e-03
1.898164034947774637e-03
1.979731005440826808e-03
2.056163710899366892e-03
2.126670759813709122e-03
2.176351507724216816e-03
2.218881927905896889e-03
2.246626361855130760e-03
2.260258190535491263e-03
2.263740062563024402e-03
2.256806820956941406e-03
2.238097841027519852e-03
2.210213515706965781e-03
2.168454854778151253e-03
2.123101716938663452e-03
2.063351459700740742e-03
1.995198445543439059e-03
1.903031119334680499e-03
1.828467947836087681e-03
1.748577722012922830e-03
1.746906770160400191e-03
1.815554350912212955e-03
1.912179218083703836e-03
1.991475033557371654e-03
2.061939588463207462e-03
2.116480799291248216e-03
2.146120092285264125e-03
2.157093753679922843e-03
2.148758136764378213e-03
2.117278217828338915e-03
2.072480761352968326e-03
2.015001778786190689e-03
1.941757318432740798e-03
1.860153232095762554e-03
1.774293220169254059e-03
1.684245695325492509e-03
1.606086039551563038e-03
1.540482520326263982e-03
1.477500927740987846e-03
1.412417052922221306e-03
1.378684199588642301e-03
1.350628549601412542e-03
1.319005906520481775e-03
1.285185074008127204e-03
1.277544959452980855e-03
1.273316075013242177e-03
1.304151874313541626e-03
1.348289419567605396e-03
1.372986103242573863e-03
1.380027630324076604e-03
1.402798058055432229e-03
1.451539014258235172e-03
1.528088184122450288e-03
1.601427132777333284e-03
1.677835377253689142e-03
1.746995593570888072e-03
1.818097626002046496e-03
1.882246684670491055e-03
1.940915376362928324e-03
2.000221973671639786e-03
2.050945976517115632e-03
2.099507926553723092e-03
2.139875377167532733e-03
2.178270174180374497e-03
2.200106520715616742e-03
2.201557170836448973e-03
2.184595051999221882e-03
2.158849584193850424e-03
2.110437793570091314e-03
2.055314893956383671e-03
1.983003483180451054e-03
1.910897746058265456e-03
1.825181278592324929e-03
1.737644469287702442e-03
1.655620327056545049e-03
1.675399651838160864e-03
1.696751982088906541e-03
1.716138355076196609e-03
1.778895467493796234e-03
1.860643496416514164e-03
1.935371593468737661e-03
2.008446897290849797e-03
2.077326403866208704e-03
2.118668728819050884e-03
2.144559649721433647e-03
2.149914598613716921e-03
2.139992442991706101e-03
2.114767398078920557e-03
2.075750024917694114e-03
2.019251509641384335e-03
1.950128426909975010e-03
1.866688891149881346e-03
1.863210381470359334e-03
1.852840563960428399e-03
1.828205956250134046e-03
1.787616915956663499e-03
1.733809686064069489e-03
1.683877622278229236e-03
1.647392883706771949e-03
1.605035711331220805e-03
1.554381469951376937e-03
1.495007945461673815e-03
1.483882016626303368e-03
1.520289705703226080e-03
1.549535163233722868e-03
1.572995833536317001e-03
1.609370342659288688e-03
1.652925839900426519e-03
1.673591277349506523e-03
1.679678317786842401e-03
1.659467020401317328e-03
1.619375944862333494e-03
1.693204506506756912e-03
1.770623601261234192e-03
1.845614740639767160e-03
1.913928050413904458e-03
1.978771797882111771e-03
2.036765875227553035e-03
2.087387334794993388e-03
2.126148679656020279e-03
2.158095516191227414e-03
2.179112976515990008e-03
2.187897481477685258e-03
2.188417117727853300e-03
2.171708856700316215e-03
2.149576129661018298e-03
2.116163566481921166e-03
2.070272709245951637e-03
2.021272253634437410e-03
1.957948203582360325e-03
1.882655907934988049e-03
1.799596450848650608e-03
1.772087325753207709e-03
1.790301553351469899e-03
1.805146249524269830e-03
1.816999669080415769e-03
1.814527634285301172e-03
1.816508607357492089e-03
1.831278865456781313e-03
1.834562744113144017e-03
1.827570010048767957e-03
1.817655260300171660e-03
1.799375194182939453e-03
1.779424607283003335e-03
1.753515347739736940e-03
1.722393242343356334e-03
1.689484151460501904e-03
1.652919133128732954e-03
1.613720527730427845e-03
1.571351317107089196e-03
1.533049904236416516e-03
1.579901793326315973e-03
1.623318804012147121e-03
1.656397629825778761e-03
1.677145104115679297e-03
1.687806487884579987e-03
1.684182382604038075e-03
1.672145266573443756e-03
1.640723221242673668e-03
1.594190229439074180e-03
1.535683203038595845e-03
1.601705083073390323e-03
1.665629234090776345e-03
1.716259576165002354e-03
1.754331246718227044e-03
1.779251795057584795e-03
1.790225339753509504e-03
1.786599971516589225e-03
1.769773570614974201e-03
1.742902200140256097e-03
1.706543593267412229e-03
1.713536360350792487e-03
1.763274235845463389e-03
1.809375049936112756e-03
1.853848589254941670e-03
1.891152945552670994e-03
1.924979083931910306e-03
1.954182600928083824e-03
1.977289641324347924e-03
1.994934769556311327e-03
2.007142980598008997e-03
2.014270693639824694e-03
2.005167052617856660e-03
1.992417179951244677e-03
1.954792238267777371e-03
1.913366276496714091e-03
1.869252804740428875e-03
1.823702971328750033e-03
1.775675194455289541e-03
1.724340817976510731e-03
1.683283570417165587e-03
1.697977292539454286e-03
1.757373862406347298e-03
1.806199315243894876e-03
1.848929820178230043e-03
1.884754230415952581e-03
1.915617718987294715e-03
1.944745838549394312e-03
1.972440379982010050e-03
1.999421885105517882e-03
2.028240249208057566e-03
2.055407444410378703e-03
2.063601536977238693e-03
2.045405029962782395e-03
2.019899719928608395e-03
1.981427988720280142e-03
1.935111523512361709e-03
1.880009610428556854e-03
1.820269710119809536e-03
1.759061555630075935e-03
1.690141566843605947e-03
1.651223732936135669e-03
1.693170109805103296e-03
1.726294830070224107e-03
1.756672300940287368e-03
1.775703910950388043e-03
1.788073569908593674e-03
1.784566164384243647e-03
1.777422600773820305e-03
1.762516045188650127e-03
1.734420523488905408e-03
1.696533707692543524e-03
1.650267530666382765e-03
1.595969228154442421e-03
1.607325829672545670e-03
1.703520695681054464e-03
1.788597480925302463e-03
1.863846870487517737e-03
1.929226516334120456e-03
1.980094327352632799e-03
2.018428684322171041e-03
2.046198455425696228e-03
2.053500464830632088e-03
2.041543169752052522e-03
2.065477077224375790e-03
2.022911169031943457e-03
1.965354939651942079e-03
2.023748509656364547e-03
2.082844891412222177e-03
2.133704369413902402e-03
2.175599081644552513e-03
2.211643231069260196e-03
2.239115673901947989e-03
2.251623271994823705e-03
2.259360158456624745e-03
2.255383302732949513e-03
2.239540386619470747e-03
2.210712536071718359e-03
2.178110720816334167e-03
2.146839215413892665e-03
2.113392892454601935e-03
2.076499859896191458e-03
2.038566132280872356e-03
1.997856247023560572e-03
1.955871538377534913e-03
1.911311414013433518e-03
1.861551039011533071e-03
1.807139728723483607e-03
1.746679362244957234e-03
1.726091477507879501e-03
1.768490925288163096e-03
1.804641378435001275e-03
1.838234669523153286e-03
1.865933351241161331e-03
1.891675383253604847e-03
1.914312884707503049e-03
1.934788492869904397e-03
1.953592376546825493e-03
1.971360394651650028e-03
1.987334056405859473e-03
2.002275090473848440e-03
2.002562884907049812e-03
1.990317548597714259e-03
1.965291341632452449e-03
1.932464466621985899e-03
1.890623880559716419e-03
1.841402541180092722e-03
1.787796758489862414e-03
1.731002331167269537e-03
1.667758637868194116e-03
1.642600875063709998e-03
1.686234818565168769e-03
1.719827784325139719e-03
1.746348620392357276e-03
1.757673932796383065e-03
1.755466033852043362e-03
1.748278963738164604e-03
1.730905102427543474e-03
1.705827905676138290e-03
1.672568602231527812e-03
1.628249291776434626e-03
1.577944510593037863e-03
1.520364853500877356e-03
1.468526966126787459e-03
1.544708903382679965e-03
1.616624596955523741e-03
1.682089375237144635e-03
1.740636843614445928e-03
1.791933147178764729e-03
1.834355717588553869e-03
1.866174515081364671e-03
1.885558804726239490e-03
1.899375491814764283e-03
1.900337964985815420e-03
1.888733002876119560e-03
1.864780520556497123e-03
1.829506842964123692e-03
1.823567276508814006e-03
1.891200729767311683e-03
1.952228202727696038e-03
2.005149237887443592e-03
2.053084474212402144e-03
2.092087304824435945e-03
2.126094519420085316e-03
2.149970659132749429e-03
2.166039609177994318e-03
2.171177168473203967e-03
2.162460108166536221e-03
2.141532851160476980e-03
2.110731817506122932e-03
2.077536296465870569e-03
2.042991169853042299e-03
2.003999135861828096e-03
1.963550707075906177e-03
1.921331436400941506e-03
1.874787973169894650e-03
1.826807965960547397e-03
1.775736142343414814e-03
1.722318503745129403e-03
1.664966266860246069e-03
1.604986478281889006e-03
1.576542612796300036e-03
1.614790745931127258e-03
1.655178072350466101e-03
1.696198924025560384e-03
1.731908637397056028e-03
1.765728358692764122e-03
1.797281746428985860e-03
1.827568562942416541e-03
1.853459523645795137e-03
1.878114779685524649e-03
1.902163505833887047e-03
1.919550848203360749e-03
1.927147857594291303e-03
1.923829743145477611e-03
1.908687911966827633e-03
1.882963225849271227e-03
1.849604731055914941e-03
1.810084062660866078e-03
1.763957471479865591e-03
1.713127353012655618e-03
1.658011448304269608e-03
1.598720776355838646e-03
1.559153247068428838e-03
1.589890102479091238e-03
1.611029390315682486e-03
1.622723860969677023e-03
1.630723803331513011e-03
1.626153147459563630e-03
1.617736373904832270e-03
1.600841374372302672e-03
1.572793940791711309e-03
1.539880830783740828e-03
1.500875158082337624e-03
1.456615074256373266e-03
1.405686575480541434e-03
1.354544154362452568e-03
1.333616169530066342e-03
1.395921155154744575e-03
1.452639897571966765e-03
1.506008343937326188e-03
1.553390981092306333e-03
1.598347529373267406e-03
1.634486189200007322e-03
1.666263539518403336e-03
1.691506880558274473e-03
1.709866758308753454e-03
1.720102426458092193e-03
1.720711474309882805e-03
1.714786729526768250e-03
1.698138560832757049e-03
1.677167321940536970e-03
1.718353561379282191e-03
1.779044428099618713e-03
1.834265379781124805e-03
1.883679940933302710e-03
1.928875567884680287e-03
1.966189899755305115e-03
1.997872224083013792e-03
2.019084419356442783e-03
2.032776309293826689e-03
2.036543465467693936e-03
2.032857527297565747e-03
2.018743222758218048e-03
1.993483254009997818e-03
1.957637475955564810e-03
1.921976957837634448e-03
1.885436590427724823e-03
1.846500980476978304e-03
1.805099986071340146e-03
1.762586028004692329e-03
1.718256452993754957e-03
1.671717791714322221e-03
