# game: kuhn_poker 
# eval_every: 1 
# num_iterations: 1000 
# num_players: 2 
# bootstrap: False 
# truncate_negative: False 
# buffer_size: -1 
# num_hidden_layers: 2 
# num_hidden_units: 5 
# num_hidden_factors: 0 
# use_skip_connections: True 
# num_epochs: 200 
# batch_size: 1000 
# step_size: 0.01 
# 
5.090269054651147540e-01
3.693683139511034774e-01
3.709643315560366972e-01
3.719732487827583922e-01
3.809119323902555587e-01
3.799266103595238531e-01
3.732704279228754585e-01
3.734866244490734344e-01
3.643955179789316046e-01
3.654559661947991422e-01
3.663236056418709419e-01
3.670466385128671183e-01
3.676584355564457285e-01
3.711590234945829625e-01
3.714150885990728512e-01
3.664308122122817979e-01
3.669348820860343086e-01
3.673829441956287800e-01
3.677838418723090586e-01
3.681446497810583196e-01
3.684710950316171241e-01
3.687678634410391787e-01
3.690388259016688099e-01
3.692872081571224596e-01
3.695157198320357939e-01
3.697266536857132246e-01
3.699219628094128076e-01
3.701033212813542583e-01
3.702721722724156006e-01
3.704297665306904297e-01
3.705771934174205695e-01
3.707154061236923592e-01
3.708452423022779998e-01
3.709674410585644955e-01
3.722731332187206865e-01
3.700340646985259552e-01
3.701682791666491834e-01
3.702954297153711050e-01
3.704160597231092034e-01
3.705306582304388474e-01
3.706396665666598644e-01
3.707434840297099687e-01
3.708424727735325499e-01
3.709369620289848513e-01
3.710272517619593868e-01
3.711136158543577590e-01
3.711963048789833630e-01
3.712755485275726075e-01
3.713515577415161806e-01
3.714245265868933998e-01
3.714946339089145178e-01
3.715620447954659511e-01
3.716269118749707667e-01
3.716893764700431868e-01
3.709919938673027495e-01
3.710635654055411958e-01
3.711326256617308306e-01
3.711993045297711236e-01
3.712637230971951863e-01
3.713259943790341300e-01
3.713862239794973319e-01
3.714445106896191451e-01
3.715009470279875270e-01
3.715556197307785524e-01
3.716086101965574429e-01
3.716599948906432749e-01
3.717098457132609335e-01
3.717582303352107709e-01
3.718052125043480594e-01
3.718508523257934018e-01
3.718952065184634170e-01
3.719383286502239150e-01
3.719802693537149763e-01
3.720210765246774187e-01
3.720607955044125115e-01
3.720994692478369892e-01
3.721371384784437630e-01
3.721738418313411678e-01
3.722096159854295649e-01
3.722444957856644310e-01
3.722785143562625798e-01
3.723117032056254549e-01
3.723440923236771560e-01
3.723757102722502488e-01
3.724065842690913453e-01
3.724367402660046511e-01
3.724662030216088771e-01
3.724949961691301770e-01
3.725231422796276837e-01
3.725506629210021403e-01
3.725775787131148098e-01
3.726039093793112045e-01
3.726296737946209192e-01
3.726548900308808143e-01
3.726795753990083115e-01
3.727037464886323037e-01
3.727274192052739687e-01
3.727506088052486843e-01
3.727733299284558544e-01
3.727955966291981449e-01
3.728174224051727936e-01
3.728388202247553407e-01
3.720507410635536250e-01
3.720790993225863152e-01
3.721069174243035738e-01
3.721342106561765783e-01
3.721609937341822105e-01
3.721872808292615575e-01
3.722130855923204695e-01
3.722384211778688723e-01
3.722633002663798263e-01
3.722877350854527645e-01
3.723117374298513527e-01
3.723353186804882475e-01
3.723584898224180373e-01
3.723812614619004258e-01
3.724036438425877282e-01
3.724256468608904136e-01
3.724472800805657124e-01
3.724685527464500767e-01
3.724894737981514492e-01
3.728515819363947825e-01
3.728690487499384254e-01
3.728862338406828680e-01
3.729031439699749817e-01
3.729197856845161696e-01
3.729361653248124409e-01
3.729522890332286900e-01
3.729681627616692197e-01
3.729837922789028815e-01
3.729991831775524291e-01
3.730143408807676808e-01
3.730292706485961451e-01
3.730439775840687089e-01
3.730584666390155402e-01
3.730727426196246421e-01
3.730868101917574897e-01
3.731006738860332961e-01
3.731143381026932881e-01
3.731278071162580368e-01
3.731410850799847800e-01
3.731541760301376742e-01
3.731670838900784659e-01
3.731798124741867451e-01
3.731923654916172728e-01
3.732047465499049865e-01
3.732169591584199031e-01
3.732290067316844095e-01
3.732408925925559950e-01
3.732526199752824736e-01
3.732641920284361925e-01
3.732756118177326110e-01
3.732868823287374127e-01
3.732980064694692568e-01
3.733089870729012771e-01
3.733198268993660474e-01
3.733305286388693967e-01
3.733410949133156853e-01
3.733515282786492029e-01
3.733618312269160189e-01
3.733720061882478403e-01
3.733820555327728163e-01
3.733919815724571212e-01
3.734017865628767030e-01
3.734114727049274718e-01
3.734210421464716489e-01
3.734304969839252752e-01
3.734398392637900965e-01
3.734490709841298273e-01
3.734581940959947888e-01
3.734672105047970314e-01
3.734761220716363850e-01
3.734849306145815451e-01
3.734936379099064729e-01
3.735022456932848289e-01
3.735107556609429391e-01
3.735191694707742927e-01
3.735274887434165136e-01
3.735357150632916401e-01
3.735438499796125966e-01
3.735518950073553057e-01
3.735598516281997128e-01
3.735677212914392253e-01
3.735755054148608423e-01
3.735832053855967505e-01
3.735908225609482769e-01
3.735983582691836946e-01
3.736058138103102166e-01
3.736131904568216755e-01
3.736204894544222777e-01
3.736277120227287085e-01
3.736348593559484232e-01
3.736419326235390082e-01
3.736489329708451157e-01
3.736558615197171918e-01
3.736627193691109405e-01
3.736695075956680823e-01
3.736762272542802910e-01
3.736828793786349800e-01
3.736894649817461556e-01
3.736959850564680052e-01
3.737024405759945545e-01
3.737088324943435014e-01
3.737151617468262854e-01
3.737214292505042779e-01
3.737276359046319274e-01
3.737337825910869160e-01
3.737398701747873808e-01
3.737458995040984222e-01
3.737518714112254559e-01
3.737577867125976283e-01
3.737636462092399636e-01
3.737694506871344080e-01
3.737752009175719370e-01
3.737808976574935604e-01
3.737865416498233895e-01
3.737921336237907122e-01
3.737976742952444642e-01
3.738031643669590398e-01
3.738086045289304993e-01
3.738139954586671143e-01
3.738193378214689777e-01
3.738246322707031721e-01
3.738298794480691134e-01
3.738350799838584537e-01
3.738402344972072688e-01
3.738453435963414173e-01
3.738504078788164597e-01
3.738554279317503060e-01
3.738604043320499226e-01
3.738653376466325451e-01
3.738702284326411718e-01
3.738750772376540077e-01
3.738798845998888565e-01
3.738846510484025165e-01
3.738893771032849034e-01
3.738940632758475102e-01
3.738987100688085929e-01
3.739033179764730264e-01
3.739078874849068868e-01
3.739124190721089258e-01
3.739169132081769931e-01
3.739213703554707946e-01
3.739257909687704329e-01
3.739301754954308388e-01
3.739345243755330395e-01
3.739388380420309854e-01
3.739431169208961014e-01
3.739473614312561756e-01
3.739515719855333042e-01
3.739557489895771747e-01
3.739598928427952940e-01
3.739640039382804426e-01
3.739680826629349641e-01
3.739721293975921679e-01
3.739761445171349008e-01
3.739801283906111218e-01
3.739840813813470888e-01
3.739880038470582146e-01
3.739918961399560926e-01
3.739957586068547446e-01
3.739995915892732059e-01
3.740033954235364444e-01
3.740071704408732822e-01
3.740109169675134293e-01
3.740146353247802979e-01
3.740183258291835955e-01
3.740219887925093634e-01
3.740256245219070186e-01
3.740292333199757291e-01
3.740328154848483466e-01
3.740363713102733412e-01
3.740399010856953477e-01
3.740434050963331591e-01
3.740468836232573313e-01
3.740503369434644565e-01
3.740537653299518261e-01
3.740571690517880965e-01
3.740605483741846760e-01
3.740639035585641148e-01
3.740672348626277177e-01
3.740705425404212692e-01
3.740738268424001478e-01
3.740770880154917766e-01
3.740803263031582393e-01
3.740835419454563437e-01
3.740867351790972961e-01
3.740899062375046547e-01
3.740930553508710621e-01
3.740961827462143674e-01
3.740992886474314716e-01
3.741023732753525621e-01
3.741054368477930159e-01
3.741084795796045803e-01
3.741115016827258888e-01
3.741145033662315322e-01
3.741174848363802430e-01
3.741204462966620792e-01
3.741233879478450541e-01
3.741263099880202114e-01
3.741292126126459783e-01
3.741320960145921859e-01
3.741349603841821470e-01
3.741378059092354547e-01
3.741406327751080063e-01
3.741434411647330260e-01
3.741462312586601446e-01
3.741490032350942574e-01
3.741517572699332717e-01
3.741544935368055769e-01
3.741572122071064044e-01
3.741599134500335766e-01
3.741625974326223680e-01
3.741652643197806993e-01
3.741679142743221664e-01
3.741705474569995138e-01
3.741731640265368863e-01
3.741757641396620260e-01
3.741783479511373578e-01
3.741809156137911874e-01
3.741834672785467886e-01
3.741860030944529347e-01
3.741885232087125979e-01
3.741910277667115370e-01
3.741935169120455540e-01
3.741959907865495261e-01
3.741984495303225522e-01
3.742008932817554312e-01
3.742033221775564744e-01
3.742057363527769853e-01
3.742081359408360175e-01
3.742105210735452436e-01
3.742128918811331584e-01
3.742152484922683930e-01
3.742175910340833633e-01
3.742199196321971399e-01
3.742222344107375420e-01
3.742245354923635636e-01
3.742268229982865790e-01
3.742290970482925472e-01
3.742313577607616626e-01
3.742336052526901158e-01
3.742358396397094111e-01
3.743591850671089682e-01
3.743610425016978827e-01
3.743628891996707564e-01
3.743647252538511161e-01
3.743665507559961192e-01
3.743683657968106537e-01
3.743701704659634366e-01
3.743719648521011134e-01
3.743737490428630243e-01
3.743755231248953042e-01
3.743772871838653704e-01
3.743790413044749132e-01
3.743807855704743837e-01
3.743825200646754281e-01
3.743842448689649327e-01
3.743859600643166807e-01
3.745034064715414557e-01
3.745047820768842017e-01
3.745061500821974532e-01
3.745075105502913004e-01
3.745088635432856083e-01
3.745102091226198415e-01
3.745115473490615576e-01
3.745128782827159553e-01
3.745142019830354219e-01
3.745155185088273608e-01
3.746294405308717712e-01
3.746304393434576885e-01
3.746314327860835180e-01
3.746324209019392670e-01
3.746334037337529788e-01
3.746343813237971165e-01
3.746353537138938927e-01
3.746363209454227627e-01
3.746372830593243108e-01
3.746382400961077996e-01
3.746391920958556110e-01
3.746401390982292412e-01
3.746410811424753518e-01
3.746420182674304877e-01
3.746429505115262959e-01
3.746438779127957419e-01
3.746448005088771627e-01
3.746457183370200950e-01
3.746466314340903825e-01
3.746475398365740062e-01
3.746484435805834678e-01
3.746493427018613431e-01
3.746502372357857769e-01
3.746511272173747020e-01
3.746520126812905582e-01
3.746528936618448435e-01
3.746537701930024444e-01
3.746546423083858546e-01
3.746555100412798933e-01
3.746563734246356470e-01
3.746572324910746321e-01
3.746580872728929590e-01
3.746589378020653838e-01
3.746597841102493609e-01
3.746606262287889288e-01
3.746614641887184849e-01
3.746622980207664488e-01
3.746631277553597039e-01
3.746639534226264834e-01
3.746647750524004783e-01
3.746655926742244458e-01
3.746664063173534842e-01
3.746672160107584193e-01
3.746680217831299120e-01
3.746688236628814561e-01
3.746696216781520983e-01
3.746704158568108234e-01
3.746712062264592191e-01
3.746719928144346401e-01
3.746727756478137050e-01
3.746735547534145727e-01
3.746743301578012719e-01
3.746751018872855887e-01
3.746758699679308413e-01
3.746766344255541004e-01
3.746773952857297418e-01
3.746781525737918894e-01
3.746789063148373011e-01
3.746796565337283669e-01
3.746804032550953845e-01
3.746811465033398347e-01
3.746818863026364355e-01
3.746826226769363055e-01
3.746833556499692408e-01
3.746840852452463233e-01
3.746848114860622525e-01
3.746855343954983431e-01
3.746862539964244121e-01
3.746869703115014993e-01
3.746876833631841430e-01
3.746883931737228224e-01
3.746890997651660116e-01
3.746898031593628442e-01
3.746905033779651673e-01
3.746912004424296505e-01
3.746918943740200625e-01
3.746925851938097685e-01
3.746932729226830627e-01
3.746939575813381662e-01
3.746946391902887807e-01
3.746953177698663096e-01
3.746959933402217446e-01
3.746966659213277762e-01
3.746973355329809019e-01
3.746980021948029260e-01
3.746986659262433461e-01
3.746993267465809074e-01
3.746999846749257124e-01
3.747006397302210523e-01
3.747012919312449064e-01
3.747019412966121621e-01
3.747025878447759473e-01
3.747032315940300728e-01
3.747038725625099209e-01
3.747045107681944986e-01
3.747051462289083812e-01
3.747057789623232105e-01
3.747956309702528133e-01
3.747960676562142046e-01
3.747965024799753131e-01
3.747969354534225195e-01
3.747973665883412298e-01
3.747977958964171519e-01
3.747982233892369619e-01
3.747986490782895252e-01
3.747990729749671734e-01
3.747994950905663147e-01
3.747999154362887664e-01
3.748003340232424208e-01
3.748007508624426887e-01
3.748011659648129434e-01
3.748015793411857421e-01
3.748019910023039358e-01
3.748024009588213357e-01
3.748028092213034346e-01
3.748032158002287950e-01
3.748036207059899372e-01
3.748040239488938941e-01
3.748044255391628221e-01
3.748048254869358331e-01
3.748052238022689941e-01
3.748056204951363268e-01
3.748060155754309175e-01
3.748064090529659165e-01
3.748068009374745380e-01
3.748071912386111704e-01
3.748075799659529306e-01
3.748079671289996639e-01
3.748083527371746104e-01
3.748087367998258479e-01
3.748091193262266252e-01
3.748095003255756952e-01
3.748098798069990911e-01
3.748102577795501267e-01
3.748106342522099510e-01
3.748110092338891031e-01
3.748113827334270676e-01
3.748117547595942178e-01
3.748121253210913162e-01
3.748124944265510683e-01
3.748128620845386783e-01
3.748132283035515711e-01
3.748135930920213355e-01
3.748139564583140571e-01
3.748143184107299852e-01
3.748146789575055871e-01
3.748150381068129366e-01
3.748153958667613805e-01
3.748157522453973156e-01
3.748161072507050218e-01
3.748164608906078277e-01
3.748168131729677777e-01
3.748171641055868530e-01
3.748175136962073606e-01
3.748178619525125987e-01
3.748182088821271352e-01
3.748185544926175838e-01
3.748188987914934378e-01
3.748192417862066250e-01
3.748195834841536733e-01
3.748199238926742671e-01
3.748202630190538009e-01
3.748206008705219361e-01
3.748209374542548211e-01
3.748212727773744257e-01
3.748216068469496509e-01
3.748219396699966066e-01
3.748222712534790557e-01
3.748226016043093578e-01
3.748229307293479140e-01
3.748232586354049434e-01
3.748235853292398723e-01
3.748239108175626111e-01
3.748242351070333322e-01
3.748245582042631918e-01
3.748248801158152177e-01
3.748252008482040321e-01
3.748255204078968505e-01
3.748258388013132603e-01
3.748261560348266075e-01
3.748264721147633871e-01
3.748267870474046859e-01
3.748271008389857939e-01
3.748274134956967041e-01
3.748277250236830560e-01
3.748280354290459693e-01
3.748283447178428762e-01
3.748286528960875774e-01
3.748289599697507413e-01
3.748292659447602926e-01
3.748295708270019677e-01
3.748298746223194255e-01
3.748301773365148026e-01
3.748304789753488242e-01
3.748307795445418034e-01
3.748310790497728640e-01
3.748313774966815504e-01
3.748316748908675500e-01
3.748319712378908042e-01
3.748322665432726186e-01
3.748325608124951636e-01
3.748328540510023066e-01
3.748331462642000567e-01
3.748334374574564531e-01
3.748337276361022319e-01
3.748340168054309918e-01
3.748343049706994723e-01
3.748345921371283307e-01
3.748348783099015868e-01
3.748351634941680111e-01
3.748354476950402914e-01
3.748357309175962548e-01
3.748360131668789230e-01
3.748362944478964565e-01
3.748365747656229319e-01
3.748368541249981201e-01
3.748371325309283186e-01
3.748374099882863519e-01
3.748376865019119597e-01
3.748379620766117970e-01
3.748382367171599894e-01
3.748385104282987434e-01
3.748387832147375143e-01
3.748390550811546706e-01
3.748393260321966070e-01
3.748395960724789089e-01
3.748398652065856318e-01
3.748401334390705775e-01
3.748404007744569055e-01
3.748406672172376886e-01
3.748409327718758011e-01
3.748411974428046411e-01
3.748414612344279639e-01
3.748417241511207143e-01
3.748419861972281941e-01
3.748422473770677277e-01
3.748425076949274404e-01
3.748427671550678131e-01
3.748430257617208494e-01
3.748432835190909085e-01
3.748435404313548713e-01
3.748437965026621410e-01
3.748440517371350866e-01
3.748443061388690989e-01
3.748445597119329786e-01
3.748448124603689369e-01
3.748450643881932054e-01
3.748453154993957037e-01
3.748455657979404831e-01
3.748458152877662819e-01
3.748460639727862476e-01
3.748463118568881036e-01
3.748465589439349266e-01
3.748468052377651460e-01
3.748470507421919895e-01
3.748472954610045926e-01
3.748475393979679993e-01
3.748477825568231059e-01
3.748480249412868837e-01
3.748482665550528226e-01
3.748485074017910423e-01
3.748487474851481815e-01
3.748489868087476751e-01
3.748492253761905868e-01
3.748494631910547215e-01
3.748497002568957903e-01
3.748499365772467451e-01
3.748501721556185551e-01
3.748504069955002072e-01
3.748506411003585947e-01
3.748508744736394060e-01
3.748511071187665133e-01
3.748513390391424727e-01
3.748515702381485237e-01
3.748518007191453671e-01
3.748520304854723317e-01
3.748522595404485402e-01
3.748524878873722987e-01
3.748527155295215962e-01
3.748529424701541046e-01
3.748531687125079559e-01
3.748533942598005764e-01
3.748536191152306296e-01
3.748538432819761290e-01
3.748540667631965473e-01
3.748542895620314841e-01
3.748545116816015543e-01
3.748547331250087211e-01
3.748549538953356297e-01
3.748551739956462736e-01
3.748553934289864387e-01
3.748556121983828149e-01
3.748558303068446618e-01
3.748560477573623650e-01
3.748562645529085469e-01
3.748564806964382878e-01
3.748566961908881279e-01
3.748569110391777315e-01
3.748571252442089996e-01
3.748573388088665692e-01
3.748575517360175358e-01
3.748577640285125634e-01
3.748579756891844417e-01
3.748581867208500840e-01
3.748583971263088066e-01
3.748586069083440497e-01
3.748588160697224336e-01
3.748590246131940917e-01
3.748592325414933368e-01
3.748594398573380504e-01
3.748596465634302932e-01
3.748598526624562499e-01
3.748600581570862289e-01
3.748602630499748845e-01
3.748604673437616053e-01
3.748606710410701259e-01
3.748608741445088599e-01
3.748610766566712327e-01
3.748612785801355152e-01
3.748614799174649903e-01
3.748616806712078420e-01
3.748618808438980432e-01
3.748620804380542459e-01
3.748622794561812244e-01
3.748624779007690977e-01
3.748626757742932192e-01
3.748628730792152863e-01
3.748630698179826748e-01
3.748632659930286604e-01
3.748634616067727521e-01
3.748636566616202481e-01
3.748638511599632350e-01
3.748640451041799770e-01
3.748642384966349717e-01
3.748644313396796157e-01
3.748646236356518724e-01
3.748648153868762156e-01
3.748650065956643518e-01
3.748651972643145536e-01
3.748653873951126592e-01
3.748655769903308510e-01
3.748657660522292101e-01
3.748659545830548279e-01
3.748661425850422502e-01
3.748663300604133664e-01
3.748665170113780198e-01
3.748667034401330644e-01
3.748668893488639187e-01
3.748670747397430114e-01
3.748672596149312808e-01
3.748674439765772304e-01
3.748676278268178175e-01
3.748678111677780089e-01
3.748679940015709477e-01
3.748681763302982306e-01
3.748683581560495748e-01
3.748685394809035953e-01
3.748687203069271945e-01
3.748689006361760612e-01
3.748690804706944490e-01
3.748692598125154540e-01
3.748694386636612919e-01
3.748696170261427429e-01
3.748697949019598186e-01
3.748699722931016498e-01
3.748701492015464876e-01
3.748703256292618136e-01
3.748705015782045624e-01
3.748706770503209551e-01
3.748708520475465544e-01
3.748710265718068202e-01
3.748712006250162765e-01
3.748713742090796774e-01
3.748715473258912301e-01
3.748717199773350384e-01
3.748718921652849367e-01
3.748720638916051007e-01
3.748722351581491585e-01
3.748724059667614128e-01
3.748725763192758409e-01
3.748727462175168168e-01
3.748729156632992776e-01
3.748730846584279464e-01
3.748732532046982757e-01
3.748734213038964480e-01
3.748735889577986535e-01
3.748737561681719233e-01
3.748739229367742398e-01
3.748740892653538159e-01
3.748742551556497604e-01
3.748744206093924669e-01
3.748745856283026701e-01
3.748747502140923893e-01
3.748749143684645957e-01
3.748750780931132676e-01
3.748752413897236124e-01
3.748754042599721226e-01
3.748755667055263530e-01
3.748757287280453099e-01
3.748758903291793398e-01
3.748760515105699076e-01
3.748762122738507618e-01
3.748763726206463809e-01
3.748765325525731384e-01
3.748766920712391926e-01
3.748768511782442081e-01
3.748770098751795787e-01
3.748771681636285935e-01
3.748773260451663258e-01
3.748774835213600776e-01
3.748776405937686018e-01
3.748777972639431022e-01
3.748779535334266777e-01
3.748781094037544337e-01
3.748782648764538150e-01
3.748784199530442729e-01
3.748785746350379866e-01
3.748787289239389198e-01
3.748788828212437640e-01
3.748790363284411620e-01
3.748791894470128172e-01
3.748793421784325508e-01
3.748794945241669674e-01
3.748796464856749555e-01
3.748797980644084094e-01
3.748799492618117846e-01
3.748801000793222649e-01
3.748802505183695954e-01
3.748804005803766382e-01
3.748805502667592604e-01
3.748806995789258911e-01
3.748808485182780759e-01
3.748809970862104768e-01
3.748811452841107617e-01
3.748812931133592707e-01
3.748814405753304602e-01
3.748815876713907924e-01
3.748817344029010123e-01
3.748818807712142598e-01
3.748820267776776793e-01
3.748821724236311992e-01
3.748823177104084747e-01
3.748824626393366111e-01
3.748826072117361075e-01
3.748827514289208018e-01
3.748828952921982038e-01
3.748830388028696614e-01
3.748831819622296391e-01
3.748833247715668282e-01
3.748834672321632588e-01
3.748836093452949658e-01
3.748837511122311561e-01
3.748838925342359851e-01
3.748840336125661699e-01
3.748841743484733202e-01
3.748843147432024958e-01
3.748844547979929276e-01
3.748845945140776292e-01
3.748847338926839523e-01
3.748848729350329201e-01
3.748850116423402268e-01
3.748851500158151828e-01
3.748852880566616586e-01
3.748854257660773071e-01
3.748855631452548964e-01
3.748857001953803114e-01
3.748858369176347738e-01
3.748859733131931771e-01
3.748861093832253077e-01
3.748862451288949016e-01
3.748863805513605318e-01
3.748865156517752206e-01
3.748866504312862169e-01
3.748867848910356071e-01
3.748869190321599820e-01
3.748870528557907145e-01
3.748871863630534040e-01
3.748873195550687654e-01
3.748874524329519620e-01
3.748875849978131614e-01
3.748877172507568689e-01
3.748878491928830381e-01
3.748879808252857382e-01
3.748881121490545976e-01
3.748882431652734715e-01
3.748883738750218853e-01
3.748885042793734801e-01
3.748886343793976783e-01
3.748887641761582401e-01
3.748888936707145403e-01
3.748890228641207356e-01
3.748891517574261534e-01
3.748892803516751249e-01
3.748894086479073184e-01
3.748895366471575175e-01
3.748896643504556758e-01
3.748897917588269735e-01
3.748899188732921495e-01
3.748900456948666138e-01
3.748901722245618906e-01
3.748902984633842861e-01
3.748904244123357765e-01
3.748905500724133422e-01
3.748906754446099665e-01
3.748908005299137480e-01
3.748909253293081223e-01
3.748910498437723615e-01
3.748911740742812970e-01
3.748912980218049862e-01
3.748914216873092675e-01
3.748915450717554831e-01
3.748916681761008673e-01
3.748917910012981025e-01
3.748919135482955411e-01
3.748920358180374279e-01
3.748921578114634001e-01
3.748922795295092092e-01
3.748924009731062768e-01
3.748925221431815835e-01
3.748926430406583354e-01
3.748927636664554086e-01
3.748928840214875158e-01
3.748930041066652619e-01
3.748931239228951995e-01
3.748932434710799955e-01
3.748933627521179313e-01
3.748934817669036246e-01
3.748936005163273633e-01
3.748937190012758824e-01
3.748938372226314764e-01
3.748939551812730531e-01
3.748940728780753018e-01
3.748941903139089149e-01
3.748943074896410321e-01
3.748944244061349629e-01
3.748945410642496867e-01
3.748946574648411301e-01
3.748947736087607785e-01
3.748948894968570089e-01
3.748950051299737574e-01
3.748951205089519068e-01
3.748952356346282322e-01
3.748953505078358450e-01
3.748954651294045259e-01
3.748955795001601699e-01
3.748956936209251189e-01
3.748958074925179407e-01
3.748959211157540938e-01
3.748960344914451515e-01
3.748961476203989118e-01
3.748962605034202311e-01
3.748963731413101907e-01
3.748964855348663194e-01
3.748965976848828152e-01
3.748967095921502679e-01
3.748968212574560477e-01
3.748969326815840830e-01
3.748970438653148607e-01
3.748971548094256478e-01
3.748972655146900479e-01
3.748973759818785556e-01
3.748974862117583351e-01
3.748975962050935529e-01
3.748977059626443786e-01
3.748978154851684286e-01
3.748979247734195996e-01
3.748980338281487912e-01
3.748981426501039049e-01
3.748982512400292344e-01
3.748983595986660755e-01
3.748984677267527266e-01
3.748985756250239332e-01
3.748986832942119429e-01
3.748987907350452287e-01
3.748988979482495987e-01
3.748990049345478082e-01
3.748991116946593927e-01
3.748992182293007236e-01
3.748993245391854523e-01
3.748994306250241215e-01
3.748995364875241654e-01
3.748996421273900204e-01
3.748997475453235140e-01
3.748998527420231985e-01
3.748999577181846288e-01
3.749000624745005839e-01
3.749001670116612894e-01
3.749002713303534184e-01
3.749003754312612013e-01
3.749004793150659820e-01
3.749005829824461067e-01
3.749006864340773681e-01
3.749007896706323395e-01
3.749008926927813734e-01
3.749009955011913808e-01
3.749010980965269413e-01
3.749012004794498587e-01
3.749013026506190505e-01
3.749014046106907139e-01
3.749015063603184927e-01
3.749016079001533663e-01
3.749017092308432053e-01
3.749018103530336599e-01
3.749019112673677712e-01
3.749020119744854163e-01
3.749021124750245293e-01
3.749022127696196582e-01
3.749023128589037412e-01
3.749024127435061082e-01
3.749025124240541462e-01
3.749026119011725777e-01
3.749027111754833497e-01
3.749028102476060775e-01
3.749029091181579343e-01
3.749030077877533174e-01
3.749031062570044037e-01
3.749032045265205948e-01
3.749033025969091826e-01
3.749034004687747390e-01
3.749034981427193935e-01
3.749035956193429442e-01
3.749036928992427464e-01
3.749037899830136578e-01
3.749038868712483152e-01
3.749039835645368024e-01
3.749040800634669823e-01
3.749041763686241646e-01
3.749042724805914939e-01
3.749043683999496168e-01
3.749044641272770706e-01
3.749045596631498389e-01
