# game: kuhn_poker 
# eval_every: 1 
# num_iterations: 1000 
# num_players: 2 
# bootstrap: False 
# truncate_negative: False 
# buffer_size: -1 
# num_hidden_layers: 2 
# num_hidden_units: 9 
# num_hidden_factors: 0 
# use_skip_connections: True 
# num_epochs: 200 
# batch_size: 1000 
# step_size: 0.01 
# 
3.658107706466641185e-01
1.994983410621338771e-01
1.329988930858794216e-01
9.803267512194202560e-02
9.792547893171038575e-02
8.188438090805966185e-02
9.221115039018742965e-02
9.533126194967764255e-02
8.625659965637050286e-02
7.559241818336795427e-02
6.935060968735137776e-02
6.661634386605005953e-02
6.769373794558197766e-02
6.682050022603974737e-02
6.564844818926432457e-02
6.583614071264348722e-02
6.752548403726879589e-02
6.910069154395639957e-02
7.111560307346226351e-02
7.355778421470354766e-02
6.984289043815505860e-02
6.561842466758807668e-02
6.327192456406388610e-02
6.197006466968132954e-02
5.991493682535406484e-02
5.750443603739985310e-02
5.605991945699997925e-02
5.475769312950518053e-02
5.409536054742564160e-02
5.571362893138631645e-02
5.605435706210970537e-02
5.494968472724312547e-02
5.310207619867601814e-02
5.162444618444558819e-02
5.153234295912706431e-02
5.089642394716342721e-02
5.231918468331994698e-02
5.333844599031778433e-02
5.375433443366942066e-02
5.342799082077939743e-02
5.227928379677157511e-02
5.026508721049219308e-02
4.988692615404036190e-02
4.926943278196699305e-02
4.852757086245124141e-02
4.747262367957813534e-02
4.644853119732267333e-02
4.518919898021339643e-02
4.379649388188044945e-02
4.231999496286797946e-02
4.078785884214486401e-02
4.079506210069416827e-02
4.081150745621930920e-02
4.077258418379145488e-02
4.025902091359970236e-02
3.965294906975982969e-02
3.877905285873095576e-02
3.786235569418669455e-02
3.680249354262063455e-02
3.564093925668293528e-02
3.443146975000316301e-02
3.332572657577448361e-02
3.267861016914314076e-02
3.191877050261987536e-02
3.111026888760745623e-02
3.141741820832807952e-02
3.184207080574680271e-02
3.189886496740579336e-02
3.173675220843766298e-02
3.133229499201048429e-02
3.060913627278114002e-02
2.964860552481879408e-02
2.943268519543051909e-02
2.941758533858968017e-02
2.934452446871466114e-02
2.915145965897605884e-02
2.877286927512806569e-02
2.835950406164647331e-02
2.781945385272696636e-02
2.719243773386900709e-02
2.650528707070951007e-02
2.576901073509108020e-02
2.542646631054451545e-02
2.546936437924432473e-02
2.556219037398058114e-02
2.557808320038376659e-02
2.535494795934811751e-02
2.507858993597586461e-02
2.470318698843626537e-02
2.425349342957455745e-02
2.373425263340261937e-02
2.319442696075077470e-02
2.260330528591067423e-02
2.192481935746262711e-02
2.154968564764248029e-02
2.123005801512567459e-02
2.083500727793224927e-02
2.095352721731480461e-02
2.131035758573965322e-02
2.170255995752920497e-02
2.212176575076874041e-02
2.212552408643997381e-02
2.192803735571746682e-02
2.152692389054444710e-02
2.097390691503883686e-02
2.048609556628960826e-02
2.063614042698549977e-02
2.071211290146413031e-02
2.077480806521375678e-02
2.073791160237853370e-02
2.064637569063415556e-02
2.046203305115024129e-02
2.027783542513733606e-02
1.999112799999433476e-02
1.965168245679768666e-02
1.927992586438798117e-02
1.886410778319347337e-02
1.841960274118153995e-02
1.803162217612377938e-02
1.822858087904366542e-02
1.842228406623303005e-02
1.861281179135668151e-02
1.876448067771085970e-02
1.883061129118995813e-02
1.874922299811795923e-02
1.863284601258727302e-02
1.846981434829741975e-02
1.828890630496698977e-02
1.801963072573412039e-02
1.772499665553362025e-02
1.737860459753481912e-02
1.676978248078297984e-02
1.675402306739087743e-02
1.670849338337460077e-02
1.655152728527281569e-02
1.625648043893943018e-02
1.597096397559244485e-02
1.636979652146219877e-02
1.668533475448122361e-02
1.692214849704859470e-02
1.704398538791582207e-02
1.702873349861219743e-02
1.685234089328180307e-02
1.654724540037030844e-02
1.621319206920743272e-02
1.584659790270367963e-02
1.548664830615173460e-02
1.562976798123905109e-02
1.574106817753995191e-02
1.583333718662827128e-02
1.587547403786410127e-02
1.587483852373544613e-02
1.581656893560168253e-02
1.571386394256468755e-02
1.561248417524363497e-02
1.551240414852847471e-02
1.539398052614693313e-02
1.522867901229604803e-02
1.502953265062784149e-02
1.479717705646693693e-02
1.454283014720456069e-02
1.426967275829230108e-02
1.397677090420637591e-02
1.366917983264920311e-02
1.356058044543276275e-02
1.372989421770867691e-02
1.389718028013867124e-02
1.406247484182707175e-02
1.422581325485819392e-02
1.438723003950223567e-02
1.454672714880417272e-02
1.470412720410779750e-02
1.473571599619805106e-02
1.459756242845786089e-02
1.457720434384493502e-02
1.452507622860221836e-02
1.445300738187027534e-02
1.432942888812666071e-02
1.415808230167336923e-02
1.399533337020264501e-02
1.381052367779148082e-02
1.360992460063906173e-02
1.315953822076945667e-02
1.320137890751393872e-02
1.325655683865881174e-02
1.322545565574950732e-02
1.309860790742095604e-02
1.285501683962211872e-02
1.249485565339755744e-02
1.244644631817590219e-02
1.279289257876628505e-02
1.308115650526833762e-02
1.331239190212679668e-02
1.347594438895322044e-02
1.354946180573499137e-02
1.349547704867520848e-02
1.334527840173824198e-02
1.316207842309682907e-02
1.295785176858149645e-02
1.273470501845661018e-02
1.248782901082012842e-02
1.222814281887793508e-02
1.221541244205140431e-02
1.232241150255083961e-02
1.240749830827123090e-02
1.248606855423672890e-02
1.251266273721551858e-02
1.252521332067838000e-02
1.249817758626595166e-02
1.246601555030019126e-02
1.238025030923775582e-02
1.232185290195667027e-02
1.226400382714007420e-02
1.220669539788396540e-02
1.214992007029688792e-02
1.208676958840662619e-02
1.199770235337976887e-02
1.188775286625137761e-02
1.175585970363421384e-02
1.161050873466668021e-02
1.145216502098447831e-02
1.127786577244535571e-02
1.109471329962954944e-02
1.090203757169072585e-02
1.069924905812008609e-02
1.048742653845380346e-02
1.030853915811744126e-02
1.044527914677984004e-02
1.057022443778940501e-02
1.068342816187786704e-02
1.078497398451869205e-02
1.087470500479817415e-02
1.095223011251067469e-02
1.101811733073798649e-02
1.107064783078021142e-02
1.101003379104747992e-02
1.088394188018482200e-02
1.067417815907040213e-02
1.045330792450749335e-02
1.017745743479731013e-02
9.900624689379466936e-03
9.992335800917129252e-03
1.004029825926538999e-02
1.002139411323443863e-02
9.934124577973796333e-03
9.796367028428593082e-03
9.618948986116426791e-03
9.374781274455123992e-03
9.594574184956433660e-03
9.826353317269026499e-03
1.003716116423300497e-02
1.021491026291110327e-02
1.035389544825801589e-02
1.043282562085218190e-02
1.045701573680071772e-02
1.039803383596774045e-02
1.027445578693267358e-02
1.013270596965765158e-02
9.982327280186220619e-03
9.818044956347221630e-03
9.642024162568735290e-03
9.455319850687593508e-03
9.426916553841674373e-03
9.530451208433932120e-03
9.615433981824461629e-03
9.694753493196178740e-03
9.762981537507708918e-03
9.815416751050576316e-03
9.848647527296056081e-03
9.849529164395215419e-03
9.828905236778096022e-03
9.792769555480279609e-03
9.756898604450392476e-03
9.721289485181916490e-03
9.685939341328358987e-03
9.650845357939391578e-03
9.606526965643846783e-03
9.543891604792659189e-03
9.467206906013686529e-03
9.376994457112125536e-03
9.273844459234070747e-03
9.159802464194594096e-03
9.036003678779158665e-03
8.904398835690552350e-03
8.765757381348632249e-03
8.619214370578193174e-03
8.466132380858998330e-03
8.306265078546565261e-03
8.182324230689125288e-03
8.296643037402073872e-03
8.402358295450829129e-03
8.500257226482260675e-03
8.589428866563164622e-03
8.670842857329608133e-03
8.743418291479010396e-03
8.805206519818475908e-03
8.850918049414985278e-03
8.837787559916848723e-03
8.746322789068977643e-03
8.613207521793037058e-03
8.450969717615164356e-03
8.257254494372701092e-03
8.053601915999603067e-03
7.824606830774960553e-03
7.907110599258859729e-03
7.946915220868072671e-03
7.958811146620864418e-03
7.928457050933424011e-03
7.862922650602094388e-03
7.761541311444963842e-03
7.628152483050903987e-03
7.507433556181275502e-03
7.703037265588436044e-03
7.884403853319316147e-03
8.045100183695447216e-03
8.185128568480304345e-03
8.302423438395545308e-03
8.383512939798276609e-03
8.434980509172407270e-03
8.441248495368008919e-03
8.406271127018694056e-03
8.319334044026488462e-03
8.212172674342238521e-03
8.096112700441665533e-03
7.971271817606540022e-03
7.835501642712322523e-03
7.691907931815844535e-03
7.639888877850414817e-03
7.732486845316577373e-03
7.816414756814077380e-03
7.888641688327091561e-03
7.952090263697753070e-03
8.009023430755574102e-03
8.057466985646466462e-03
8.082940660711857017e-03
8.107186226822910013e-03
8.112648110167985926e-03
8.105557423342762968e-03
8.081647224233184934e-03
8.057877673355112735e-03
8.034247533333760405e-03
8.010755581267126058e-03
7.987400608514022560e-03
7.952192435438765195e-03
7.900583330659738390e-03
7.839580952656827195e-03
7.767026593323650419e-03
7.687049235030163352e-03
7.598967449637367144e-03
7.504172938224251688e-03
7.402465226411275578e-03
7.294505042065552169e-03
7.181371802884778388e-03
7.062434165387460050e-03
6.938359446465480751e-03
6.809422750451515904e-03
6.834086731091454370e-03
6.927314964710995504e-03
7.014818101825553986e-03
7.096002957076408268e-03
7.170886232861023446e-03
7.239559479777862849e-03
7.302434500948723484e-03
7.358641771178564550e-03
7.388612260095822615e-03
7.365463422164125751e-03
7.300133425008514809e-03
7.230814498958099135e-03
7.101177650942647190e-03
6.967710961882173093e-03
6.814711987347649158e-03
6.646333974263785027e-03
6.483307460160292468e-03
6.542051101809054359e-03
6.581564276389256785e-03
6.593399194259719209e-03
6.575368526413022385e-03
6.543202395775826741e-03
6.480051676364145807e-03
6.389746686583430701e-03
6.279091607185788293e-03
6.310399822820472737e-03
6.457057237782365400e-03
6.598007016920509615e-03
6.725114833554202143e-03
6.840186462086783603e-03
6.934104815656677578e-03
7.007638720018999345e-03
7.057153845403951742e-03
7.077380081176143367e-03
7.071524647603133484e-03
7.035846985584098823e-03
6.961284372348386373e-03
6.873679506892632629e-03
6.775332755215413005e-03
6.673455788676785350e-03
6.567173524193670175e-03
6.451328791598154311e-03
6.328842478603602384e-03
6.414712058071869727e-03
6.485474429801546536e-03
6.551974476154798221e-03
6.611160651772279850e-03
6.664210075499776842e-03
6.711004463223896321e-03
6.747241979261853206e-03
6.766629711404070768e-03
6.783416561588567761e-03
6.796670324885206727e-03
6.797128504308941332e-03
6.780590478584092029e-03
6.764132734538297331e-03
6.747754689011703499e-03
6.731455764478866399e-03
6.709004817631786244e-03
6.674543059393522881e-03
6.627941529735642545e-03
6.571204369430261316e-03
6.506373121211161958e-03
6.433928548649214818e-03
6.354363152375780421e-03
6.269802197844759339e-03
6.181037660718396998e-03
6.087943371724746644e-03
5.990545460391322186e-03
5.889133597130807862e-03
5.784098558874600782e-03
5.803391907512528425e-03
5.884086669254801061e-03
5.959978674897031814e-03
6.031208297843010380e-03
6.097811941836228655e-03
6.159697074157782781e-03
6.216706607372224358e-03
6.218045209293560083e-03
6.216929418397493246e-03
6.185743096761397997e-03
6.118394691482037517e-03
6.045169572063857633e-03
5.971742182551836864e-03
5.818350624078566513e-03
5.656894028634312788e-03
5.475125281840631519e-03
5.380907643520893568e-03
5.284053737725086242e-03
5.305821891644274535e-03
5.334675765380575418e-03
5.345606630682786520e-03
5.334779573211934078e-03
5.306790184978205094e-03
5.263193855022524348e-03
5.207909210901362496e-03
5.138209400712800967e-03
5.212673709611148620e-03
5.328404738882686065e-03
5.436615142708128845e-03
5.536395176472530544e-03
5.628623506413549249e-03
5.707722523343727872e-03
5.777346037039887694e-03
5.831771665829460494e-03
5.866568907869185168e-03
5.887360410272768352e-03
5.894710461231661425e-03
5.881077259415251612e-03
5.839159981526731436e-03
5.785982747735785026e-03
5.706018943830964973e-03
5.620945508477914743e-03
5.530807940845622328e-03
5.436919395311157199e-03
5.339540238271156536e-03
5.408467099980579507e-03
5.477706562168865867e-03
5.542776492843570768e-03
5.598881351315532218e-03
5.650433703715845857e-03
5.699843239611063206e-03
5.738067206611685567e-03
5.768999636839272638e-03
5.782539144594228686e-03
5.765782085739162843e-03
5.701697114211673467e-03
5.674373413539629540e-03
5.662673674445284355e-03
5.645047045133744223e-03
5.615984380122091002e-03
5.574374563589085119e-03
5.522826390151280851e-03
5.464726804988273567e-03
5.400822534525173690e-03
5.330059875984477502e-03
5.253812510166627758e-03
5.172777098052555589e-03
5.087274028486882260e-03
4.997819458213231814e-03
5.031938205764419081e-03
5.102855325850530477e-03
5.170063918157857819e-03
5.229885297359904150e-03
5.266496788108560034e-03
5.286101214826588457e-03
5.271717291479294243e-03
5.263826380560249207e-03
5.233664536311827264e-03
5.178708477920540565e-03
5.124112324165430721e-03
5.056289807217201338e-03
4.987858259688421336e-03
4.909390851620953899e-03
4.816715918671971020e-03
4.716022272555964179e-03
4.617406393989609281e-03
4.507889822910254862e-03
4.520060111013191051e-03
4.526318826785113991e-03
4.516114490163813944e-03
4.480208421847903244e-03
4.417503515516368884e-03
4.329686794281972784e-03
4.332426275245826464e-03
4.346424855765806949e-03
4.422333685277141102e-03
4.631203749551504600e-03
4.813362034473050999e-03
4.970292089228167676e-03
5.116888409569336771e-03
5.248421023482885417e-03
5.345368387926874298e-03
5.380392476097450860e-03
5.408011096368015025e-03
5.424358315136990072e-03
5.427581015923138574e-03
5.418781468901900933e-03
5.395421596698007916e-03
5.360287929692397757e-03
5.315977924052750492e-03
5.253453139786756765e-03
5.178274153753381626e-03
5.092482924769742292e-03
5.096000085627022669e-03
5.156267303760148080e-03
5.209179716809703153e-03
5.256863051393889652e-03
5.307396072989689628e-03
5.348823196582835893e-03
5.388679701390397536e-03
5.420044640765286914e-03
5.417960227629248227e-03
5.387027227961471709e-03
5.334093322645977464e-03
5.248498011345054115e-03
5.132643297527245130e-03
4.992115593611456958e-03
4.830485858577371339e-03
4.655979657261194449e-03
4.471576948340189039e-03
4.410216037422060031e-03
4.343301710112545955e-03
4.279727374141645280e-03
4.279993847925239736e-03
4.442266929920224428e-03
4.593614995680839197e-03
4.708798816614484517e-03
4.793470176343184175e-03
4.855856798105767647e-03
4.893355485841160979e-03
4.914658350971129464e-03
4.906536504198144577e-03
4.876140395611322509e-03
4.817385162870391202e-03
4.734152316658191140e-03
4.643227413942074833e-03
4.546216239503408918e-03
4.444154170428510353e-03
4.465763297984925995e-03
4.482463552164916987e-03
4.489069371650888929e-03
4.485138641620117772e-03
4.471242780615475310e-03
4.446271502927146013e-03
4.412235056954733059e-03
4.364473249107797548e-03
4.364122089263317017e-03
4.455439113781572980e-03
4.539475655839730894e-03
4.620798792655173015e-03
4.695218667635836507e-03
4.763132613956860828e-03
4.826407042136271475e-03
4.880531709278601582e-03
4.925429737395348173e-03
4.963539250672499570e-03
5.062949162357444077e-03
5.080326672817825351e-03
5.083261294464208602e-03
5.075990093613119702e-03
5.055567134751165481e-03
5.017643025722495764e-03
4.966271248702580632e-03
4.895979810891126771e-03
4.793479077468493221e-03
4.676502123388492915e-03
4.546491710464756197e-03
4.412342459752305324e-03
4.398910260710209297e-03
4.382910104619053282e-03
4.395133604355949686e-03
4.574664711493148239e-03
4.713472564922133179e-03
4.864024150080303865e-03
5.000934701207077060e-03
5.116073555180400412e-03
5.181983251764832321e-03
5.218361201905608038e-03
5.235649998811320316e-03
5.263471978518369232e-03
5.269553926497722030e-03
5.265535367039192449e-03
5.257042567972214364e-03
5.248577120915309813e-03
5.234852595830563615e-03
5.214876391693573643e-03
5.192937605477510044e-03
5.163444674027656278e-03
5.129716019385666126e-03
5.091785230311285382e-03
5.050492110792031974e-03
5.006147697222934623e-03
4.958454065703332692e-03
4.907755358747184493e-03
4.854286835547616530e-03
4.798038516760472216e-03
4.739295299883955481e-03
4.678200524452558184e-03
4.614623875371343109e-03
4.548727539516794760e-03
4.480369605733780514e-03
4.446862978503912656e-03
4.504286082227332288e-03
4.559160173645770975e-03
4.611330513662165176e-03
4.660974211615737106e-03
4.707771337697147507e-03
4.742023935223355080e-03
4.762652508002285234e-03
4.766887490155830021e-03
4.765635305516491282e-03
4.754192403090329311e-03
4.727681651613246938e-03
4.693106678316044666e-03
4.653547498146476391e-03
4.604561385856353883e-03
4.537714541444581862e-03
4.476450548569460564e-03
4.403591919993538051e-03
4.330376781984418555e-03
4.247787884960940730e-03
4.158790891862190753e-03
4.137596457048642318e-03
4.155790540352755080e-03
4.167370319646535037e-03
4.171015521678589355e-03
4.166610315887053773e-03
4.152418929450785168e-03
4.130347644500542703e-03
4.099211660859664041e-03
4.060748353211518502e-03
4.016031092378496981e-03
3.963759243260367438e-03
3.921240378673168658e-03
3.956438827461133956e-03
3.983309522650191337e-03
4.002886533953448067e-03
4.021664326747470541e-03
4.035634703857648997e-03
4.046824830166551035e-03
4.049331996650917809e-03
4.050646999310764107e-03
4.111713931666399757e-03
4.169847905467510829e-03
4.220801576344301864e-03
4.269682295136634220e-03
4.310755213440792266e-03
4.345393123554003312e-03
4.375513757299026585e-03
4.398937748733705577e-03
4.415106483984743146e-03
4.423663452275850005e-03
4.425704868648794310e-03
4.420415516641629239e-03
4.411886409359355721e-03
4.396656941947352237e-03
4.373529798561703874e-03
4.343808051963299333e-03
4.312582432719952452e-03
4.296942476181564441e-03
4.256554091759318093e-03
4.211877131662294937e-03
4.161547535524751096e-03
4.107797989361589019e-03
4.070328877070789053e-03
4.116763779680565616e-03
4.155999790066783328e-03
4.195518210423437866e-03
4.233694826168837855e-03
4.263820263350870388e-03
4.293714009661470099e-03
4.319236773950158037e-03
4.340429314524857363e-03
4.353650405244519073e-03
4.367054710724377342e-03
4.376056679992162968e-03
4.381873379936424007e-03
4.381768349654063810e-03
4.381669459670639588e-03
4.378260563919239567e-03
4.369426688084709909e-03
4.361995017059777657e-03
4.352828299191008332e-03
4.342669194850934389e-03
4.328810866452453832e-03
4.313953442875273492e-03
4.297976442026285593e-03
4.281403585689902425e-03
4.261757684672295987e-03
4.242304896413029436e-03
4.223720319556950598e-03
4.199496891812926069e-03
4.177264957592324857e-03
4.156683789091508707e-03
4.136179402345452338e-03
4.117968681824263344e-03
4.096965035496391572e-03
4.074279655107621023e-03
4.052938511904025098e-03
4.035166771314518952e-03
4.015672123779207014e-03
3.999646094753672720e-03
3.976983727864008555e-03
3.958152016643984306e-03
3.942193545189709436e-03
3.926924627770611576e-03
3.908003012413202581e-03
3.890561582530899232e-03
3.878498523944284848e-03
3.847724928210255468e-03
3.802809172661625325e-03
3.748851521162832601e-03
3.688033430757131637e-03
3.622968663270109690e-03
3.642114913736171911e-03
3.674556903316889001e-03
3.692807391185715105e-03
3.701202031995282082e-03
3.693930694171065898e-03
3.631297596810773021e-03
3.510253808047647528e-03
3.641670207296138218e-03
3.744671224733958637e-03
3.788236675089012850e-03
3.762038009390511473e-03
3.722783063447532292e-03
3.815009349997733334e-03
3.873262002815319738e-03
3.890063391580933505e-03
3.894930243880961873e-03
3.898439212760507200e-03
3.905428575434854999e-03
3.911815684308511676e-03
3.921543965911433727e-03
3.928722003668838614e-03
3.936755582983814117e-03
3.946716273912798112e-03
3.954010237845251297e-03
3.965285799293144509e-03
3.971096782456856600e-03
3.981681737415365685e-03
3.980629004934621573e-03
3.966260203433352727e-03
3.941913672145858083e-03
3.902615061816466779e-03
3.856273627121292735e-03
3.804479084922429699e-03
3.748009428354931449e-03
3.679992014433336456e-03
3.601252053571535328e-03
3.513935655997252328e-03
3.421060686408849971e-03
3.349717426955362010e-03
3.278721988513838559e-03
3.199854959140935318e-03
3.111549345268888045e-03
3.016175551549593603e-03
2.914009588091653891e-03
2.807836302388483363e-03
2.795143883201345325e-03
2.798505755303881681e-03
2.852572764967004071e-03
2.899087968491753653e-03
2.935910131772245801e-03
2.962762465197749107e-03
2.979247925365552385e-03
3.043158636754195179e-03
3.102735806972678478e-03
3.181934769244415540e-03
3.255604839346448731e-03
3.320139638445906982e-03
3.375507539274125168e-03
3.421347083306269798e-03
3.460324718704554936e-03
3.489332503466724411e-03
3.507291921204136464e-03
3.512734695944819130e-03
3.502415262088609538e-03
3.484549946411785726e-03
3.552486657651537927e-03
3.621105733079443834e-03
3.687753800338616772e-03
3.750235871521234721e-03
3.808788912800231685e-03
3.862629771575837312e-03
3.911341452355665549e-03
3.952981701645513768e-03
3.988908288411335823e-03
4.015736147604226369e-03
4.037966834043171804e-03
4.050798988812220891e-03
4.054208957905369726e-03
4.047408717686273860e-03
4.030383536319043225e-03
3.999475130749996499e-03
3.959286933339911663e-03
3.916834456806322917e-03
3.872512997667665324e-03
3.824799985445048733e-03
3.775343767592032052e-03
3.724449929707190909e-03
3.670863349307829093e-03
3.693961984379101615e-03
3.734421833581691441e-03
3.774506574147795668e-03
3.810984731407812687e-03
3.845183858190742709e-03
3.874304316091592426e-03
3.900969074103449730e-03
3.925489101293894167e-03
3.945973838052729832e-03
3.963199395407540626e-03
3.981408379060358271e-03
3.995520600382052034e-03
4.004235619445711825e-03
4.014481963531324471e-03
4.014139221112794642e-03
4.018767440172071881e-03
4.014072618385433611e-03
4.009388753009074380e-03
4.002270767129112450e-03
3.976935583579921385e-03
3.937983550685947298e-03
3.887321378594349452e-03
3.826179167486704058e-03
3.756297701279498469e-03
3.680819834291693127e-03
3.599017932074705106e-03
3.543279604845989139e-03
3.465500958840239676e-03
3.364905465650963601e-03
3.249861465517811521e-03
3.243205947667332500e-03
3.295331705885556905e-03
3.337173179906949283e-03
3.368438723456712580e-03
3.383622730118662769e-03
3.379423520721736018e-03
3.368200250028013931e-03
3.411463788305896250e-03
3.453369668291517147e-03
3.493493554893034592e-03
3.532103975435657572e-03
3.568788399137573508e-03
3.603641755235309496e-03
3.636630513444427670e-03
3.652982992985498445e-03
3.663247442602102222e-03
3.662442406320631783e-03
3.654779981013656087e-03
3.639175759575619118e-03
3.619549528654369963e-03
3.593952970242536571e-03
3.561550471736868451e-03
3.522195394042165750e-03
3.478231785859126068e-03
3.436272944393997664e-03
3.381622877667855853e-03
3.326391671327505462e-03
3.268203144638603952e-03
3.207077911921790703e-03
3.184913522836035904e-03
3.207023392357483127e-03
3.221789483520920427e-03
3.229542832659970664e-03
3.231641128541629104e-03
3.227769725904494624e-03
3.218365900822361958e-03
3.207504176825942688e-03
3.186981505068076093e-03
3.159707222460478304e-03
3.125621729125421799e-03
3.087182008940675404e-03
3.066652522492246957e-03
3.105334221197658673e-03
3.138528530838180508e-03
3.170415335828763448e-03
3.196986862587347655e-03
3.217849258033284032e-03
3.236077806150511327e-03
3.249379605685415173e-03
3.258596288304077548e-03
3.264065904969720711e-03
3.264204538365733654e-03
3.257409880968648030e-03
3.244275880067093443e-03
3.258871255546302859e-03
3.280340895860350825e-03
3.297540011385130532e-03
3.311009395272401790e-03
3.318298860202489875e-03
3.320982957664836421e-03
3.317631054344710728e-03
3.312387566005853268e-03
3.302453575627112281e-03
3.287646275314776156e-03
3.273232891538052636e-03
3.253026736406733344e-03
3.232004312495373455e-03
3.206798748664058119e-03
3.182204984766012767e-03
3.153130811157783819e-03
3.123242033445466914e-03
3.093164617541610539e-03
3.060944495103190555e-03
3.034260070670424803e-03
3.065384675182747376e-03
3.094880482884615480e-03
3.121417315353591793e-03
3.146037211270297229e-03
3.169307755104461277e-03
3.189229300371854148e-03
3.204942214210942941e-03
3.222170037414956445e-03
3.238330570901393202e-03
3.249962398562705745e-03
3.258951321767650233e-03
3.266091918023600327e-03
3.271116210695174109e-03
3.276613996901434067e-03
3.279405070591184801e-03
3.280144392853318047e-03
3.284267980831506728e-03
3.283019502696965519e-03
3.282858986683595548e-03
3.282606823280131980e-03
3.281701357647631712e-03
3.276654839182602252e-03
3.272460293948342702e-03
3.268166994655263835e-03
3.263772705545425756e-03
3.260023692917807248e-03
3.255372266620537580e-03
3.248982703586922316e-03
3.245284557006927750e-03
3.237334522484369703e-03
3.233238301634078216e-03
3.227495043486794390e-03
3.224229384224785999e-03
3.218434429888367143e-03
3.212533562761993311e-03
3.210983917721732528e-03
3.206976055418420124e-03
3.203080279219977511e-03
3.200087437634252518e-03
3.198785692010874815e-03
3.198671683884823924e-03
3.196361207033066032e-03
3.194623906067839414e-03
3.192360019534046245e-03
3.185560369615314524e-03
3.181689151328576104e-03
3.182313371340061980e-03
3.173403738614410940e-03
3.156826070459695099e-03
3.134512363408586966e-03
3.107771609759862885e-03
3.076736902976218158e-03
3.042174909994560528e-03
3.003364746484160630e-03
2.972194679586454003e-03
3.008726604844635943e-03
3.037367807141394538e-03
