# game: kuhn_poker 
# eval_every: 1 
# num_iterations: 1000 
# num_players: 2 
# bootstrap: False 
# truncate_negative: False 
# buffer_size: -1 
# num_hidden_layers: 2 
# num_hidden_units: 7 
# num_hidden_factors: 0 
# use_skip_connections: True 
# num_epochs: 200 
# batch_size: 1000 
# step_size: 0.01 
# 
4.251538742003433402e-01
2.161088862222040607e-01
1.440725907441247344e-01
1.067961696885370015e-01
1.078267769989208757e-01
9.170514529610415688e-02
9.603950052869050791e-02
9.929034410454817827e-02
9.346908005568024813e-02
8.828883861256264787e-02
7.782580013728454538e-02
6.600659262086147616e-02
5.473091922801226472e-02
5.359344768434010087e-02
5.254762186346567665e-02
4.711752065842797488e-02
4.138483786914060047e-02
4.397697007280659820e-02
4.498779301267569197e-02
4.129834482607311341e-02
4.184663705192698258e-02
4.124465428911228138e-02
3.666582427464903926e-02
3.739415628568859562e-02
3.763150296874870349e-02
3.692347992385205946e-02
3.394989738123460610e-02
3.035842651892259325e-02
2.790370363407437826e-02
2.556730099410151058e-02
2.572483181318160894e-02
2.608923361313575384e-02
2.627412449612764878e-02
2.562982881037351168e-02
2.343288670390214490e-02
2.099397227308708036e-02
2.101924169871807746e-02
2.022342125396547896e-02
1.875621783378420004e-02
1.911693686753263011e-02
1.946735805118549045e-02
2.067643423700285532e-02
2.060275244590931143e-02
1.951316872347536036e-02
1.883252991998182746e-02
1.909720308133669442e-02
1.890959080440179907e-02
1.847436962656912041e-02
1.827148859396732217e-02
1.747852745179742651e-02
1.687859572781108541e-02
1.630881981707754669e-02
1.597531365886062371e-02
1.633445064689134640e-02
1.622802585880839255e-02
1.582481852273279199e-02
1.524109101937051736e-02
1.452780083480911810e-02
1.381994042184331306e-02
1.295558196308552179e-02
1.198478410736331101e-02
1.092891101111720387e-02
1.062498301269187984e-02
9.620487337263977645e-03
9.917186561363311448e-03
1.103830457267257481e-02
1.210108463416534330e-02
1.280496469272512927e-02
1.291063032478648176e-02
1.253838523206407540e-02
1.202596272607081573e-02
1.141123757758863433e-02
1.105559154055027471e-02
1.062839221845826576e-02
1.015380223103512503e-02
1.046614121235589501e-02
1.071730311674995439e-02
1.090769552420722821e-02
1.102354003277616901e-02
1.106239116888138585e-02
1.104044187970074087e-02
1.091269350694865081e-02
1.073051833379157216e-02
1.076434254962627124e-02
1.082209502513215016e-02
1.080649288722648760e-02
1.074852465461997864e-02
1.051181570769962881e-02
1.012003020351445737e-02
9.604696010939939299e-03
9.284145562853035605e-03
8.896297937843661296e-03
8.494137062193263255e-03
8.116051645986471774e-03
7.510179456782367646e-03
7.984965211962374854e-03
8.453128176743457400e-03
8.729087585817363326e-03
8.812561247507483264e-03
8.719894931370125724e-03
8.406791355615256256e-03
7.808168333573700659e-03
7.229898613219515324e-03
6.731679236221144169e-03
6.489626003865378578e-03
6.425728849757811334e-03
6.571345505399617259e-03
6.873062044110395119e-03
7.188685866269306501e-03
7.563991386691226726e-03
7.892076711834894454e-03
8.237882437980459382e-03
8.572692339452403498e-03
8.829987805869271567e-03
8.985686678325555121e-03
9.031268414450566162e-03
8.967859699656188788e-03
8.792154136098517814e-03
8.484821002183423611e-03
8.091728340236997719e-03
7.997680422562575275e-03
7.966625915668740232e-03
7.824137684870530185e-03
7.565074157074858086e-03
7.217002410754569386e-03
6.793519478232173947e-03
6.337528641195272483e-03
5.862437304693213225e-03
5.392218414389887693e-03
5.403142427995277774e-03
5.666548234183860222e-03
5.952277709738607037e-03
6.144706694573898176e-03
6.171532804025048335e-03
6.297707871008084712e-03
6.339861004732688654e-03
6.226841233697794076e-03
6.082833947450738687e-03
6.094377026610475756e-03
6.080725581018325832e-03
6.026278085464714662e-03
6.150455712388480656e-03
6.390141623112494118e-03
6.616423353598521739e-03
6.795163490737304857e-03
6.912672329608460231e-03
6.942348844036355660e-03
6.909506719544489250e-03
6.858950274698016880e-03
6.727691174560262999e-03
6.559048690308350027e-03
6.528020108445387049e-03
6.541224688946634114e-03
6.553373247373955879e-03
6.584862487241577300e-03
6.529345770415279082e-03
6.415081649819548426e-03
6.240678230414659078e-03
6.030442879067621220e-03
5.781347891684579521e-03
5.492978877090964884e-03
5.199697270550335260e-03
4.914861770039025135e-03
4.628637639483040855e-03
4.357767068061457749e-03
4.398100647820701870e-03
4.699267026715359119e-03
4.997092760206878204e-03
5.211381699270378753e-03
5.393595435596892917e-03
5.496840690898147086e-03
5.502974318683906407e-03
5.364710900582075892e-03
5.156786419053677184e-03
4.943647725398570003e-03
4.788277015489811328e-03
4.661596799198503005e-03
4.520203755893820174e-03
4.429841652534599605e-03
4.606228127238320980e-03
4.777269108484832882e-03
4.909107482942431933e-03
5.045124060345074213e-03
5.171100048869919918e-03
5.286666689788360740e-03
5.377181409584208538e-03
5.451376703367177834e-03
5.501119031468187925e-03
5.518349631912528030e-03
5.621566097410130025e-03
5.718329765170060419e-03
5.794639749126029304e-03
5.813872375122680625e-03
5.760050229954377654e-03
5.647783137212286642e-03
5.474200513197496898e-03
5.238241284664629793e-03
5.022609293960589305e-03
4.933256034134608781e-03
4.826169157852278069e-03
4.692990605324909303e-03
4.528075313145002445e-03
4.340134392899819282e-03
4.136197269900360185e-03
3.918972800156322878e-03
4.008770349526458165e-03
4.112629178382176676e-03
4.210032443516364964e-03
4.274065203998922424e-03
4.239969123262271600e-03
4.158523438617084400e-03
4.104170400014178766e-03
3.961652926735004243e-03
3.751258675516094820e-03
3.660492761382305726e-03
3.620057439096852070e-03
3.549212732305989659e-03
3.457081911935833141e-03
3.683985755544988416e-03
3.910245779689097700e-03
4.136454727762944872e-03
4.338833293913962885e-03
4.529524668745898985e-03
4.668783391737624244e-03
4.788684847907509479e-03
4.865882178889835430e-03
4.892956534274295333e-03
4.873643576904285180e-03
4.849345198499832588e-03
4.771404086013258938e-03
4.666935049892129150e-03
4.529909840085721839e-03
4.529569889971857277e-03
4.610146015350008453e-03
4.629886669089533502e-03
4.590937381235199455e-03
4.693430571156592679e-03
4.581719545523582626e-03
4.438458502243614046e-03
4.269636235363694077e-03
4.087092455798468915e-03
3.895999003410421935e-03
3.701620333369348703e-03
3.504217652213786893e-03
3.313188664700011943e-03
3.123913820322760104e-03
3.109447100036188960e-03
3.283744998646420665e-03
3.411646786332905856e-03
3.513016178373962184e-03
3.600846464506202160e-03
3.726998602530368077e-03
3.856440408715078316e-03
3.935787003475327284e-03
3.912834932763620266e-03
3.870722903927176217e-03
3.804644577798138583e-03
3.711617716363996289e-03
3.589117774295824681e-03
3.461226031978681394e-03
3.401139779511758165e-03
3.403430605778717810e-03
3.529064207839716083e-03
3.642115774751070179e-03
3.733691542919803652e-03
3.821528410130059505e-03
3.899168988726914309e-03
3.958602796560795056e-03
4.015262280588072219e-03
4.050878998469370496e-03
4.075067883823280113e-03
4.084281641570708388e-03
4.084457979797034843e-03
4.056627116741123862e-03
4.004205306288866062e-03
3.991000699594654533e-03
4.010507641163119086e-03
4.036577858340134606e-03
4.028879163407966812e-03
3.967749412912169316e-03
3.889056924291783846e-03
3.851160340991505171e-03
3.787126421145065036e-03
3.723915634118307727e-03
3.636886776148401390e-03
3.535453810204369773e-03
3.425960578509995580e-03
3.313305812859990152e-03
3.194187686484051270e-03
3.070256898607764962e-03
2.953459059373331197e-03
2.834826756565517192e-03
2.931341840963608281e-03
3.093745376742867981e-03
3.232080950263810371e-03
3.309087528254928134e-03
3.372542078008244903e-03
3.384861566294444790e-03
3.368830849255849413e-03
3.307928168005846992e-03
3.197776777258992675e-03
3.016083974317906868e-03
2.848950757606966144e-03
2.750174826165130426e-03
2.719662806047601356e-03
2.677497223712937968e-03
2.676979122320455318e-03
2.952524604355716287e-03
3.092371682494904350e-03
3.228482216312222874e-03
3.359626777284657750e-03
3.484354916826026827e-03
3.589669648258131396e-03
3.688957530866121548e-03
3.767187587005588201e-03
3.819955499692273548e-03
3.863949307698677504e-03
3.893745171222540158e-03
3.889815792478046319e-03
3.869005993126645171e-03
3.830866546489730684e-03
3.766058710316710911e-03
3.691937548525148216e-03
3.628544996961885483e-03
3.632446060247762620e-03
3.648877912430598114e-03
3.636289785763857640e-03
3.594723726241672024e-03
3.527648519695308904e-03
3.446858766937371810e-03
3.470098244660851927e-03
3.357054930389208325e-03
3.232074274837931638e-03
3.102344964676845285e-03
2.966189513033706815e-03
2.831027935738639201e-03
2.698571642033686935e-03
2.566698130293171287e-03
2.443975525814268135e-03
2.613239623728280669e-03
2.719537005944516750e-03
2.836673403966455398e-03
2.921406154698408253e-03
2.975180292938528481e-03
3.017188167211470873e-03
3.075575390322771163e-03
3.100756789235048494e-03
3.110432482274744226e-03
3.064366662356404758e-03
2.998758378009586112e-03
2.926431929114570174e-03
2.865401956559210372e-03
2.827458493123935490e-03
2.813584035046862164e-03
2.771600521950245977e-03
2.732569801647155572e-03
2.828988169658680496e-03
2.917981935448621389e-03
2.997207678107766116e-03
3.069708900695050646e-03
3.147817775350114644e-03
3.204983237962422127e-03
3.256310700299552829e-03
3.306386790223297956e-03
3.334252945089682951e-03
3.361072293451672355e-03
3.378753231862374751e-03
3.389029552466865658e-03
3.388002953545660167e-03
3.370543396030462047e-03
3.331650336204305951e-03
3.286526805299644360e-03
3.304481496609584790e-03
3.327441977003992024e-03
3.337995712062419296e-03
3.323165209467127124e-03
3.297650435468785224e-03
3.240409173505320872e-03
3.174201437483065158e-03
3.098827926688835221e-03
3.045860633975799869e-03
2.993348117386357421e-03
2.936748199713512530e-03
2.868626314422778600e-03
2.796253202085846601e-03
2.722308449595922664e-03
2.648724588964784799e-03
2.566997683578015055e-03
2.475366837669412678e-03
2.384307047539835356e-03
2.406267069059636610e-03
2.518463340584808918e-03
2.599866642610110246e-03
2.656644256559925754e-03
2.693592018940593746e-03
2.702726575618430438e-03
2.691354049181637897e-03
2.672493369493822435e-03
2.621025042939262306e-03
2.528401885130482363e-03
2.415066436323554111e-03
2.315885566176095756e-03
2.300619730976782851e-03
2.285294780005386883e-03
2.266075906148884433e-03
2.269941838579231375e-03
2.266791263146966662e-03
2.355029124379154348e-03
2.477068777476693073e-03
2.590090617842821796e-03
2.693393703206897749e-03
2.791563207103497923e-03
2.883259556181017036e-03
2.973141858988115338e-03
3.037684718474154000e-03
3.083739555589160020e-03
3.105654768124493925e-03
3.120309111753316600e-03
3.116281787088143185e-03
3.094654523131928903e-03
3.074392169638340278e-03
3.037211905387193767e-03
3.005707167306220784e-03
3.040934615843482458e-03
3.045700807362050622e-03
3.028804276395735684e-03
3.012736472946586641e-03
2.975290225298604652e-03
2.931435141152932689e-03
2.907721377042926658e-03
2.862035219476227743e-03
2.807915528740712041e-03
2.748621828680686274e-03
2.679890575353560678e-03
2.596337494255446243e-03
2.515463485586261205e-03
2.432923522070890021e-03
2.347958183295056900e-03
2.266305585164940517e-03
2.187225076616561292e-03
2.109679551792670305e-03
2.036445622472515815e-03
1.973528711971955785e-03
1.907046179225713178e-03
1.977778425758164316e-03
2.099382642287400680e-03
2.217392243546223440e-03
2.344370710715609762e-03
2.458012182776941890e-03
2.529252110529484066e-03
2.569160176477347513e-03
2.586636688033272513e-03
2.575323116772221255e-03
2.545837581245713466e-03
2.490885178058011018e-03
2.448363714566192950e-03
2.392048803283503000e-03
2.309798877442148513e-03
2.226645326612791687e-03
2.126938828921537405e-03
2.087507001237304260e-03
2.129561767529652982e-03
2.208463807699567738e-03
2.294637605142396675e-03
2.385028577874148681e-03
2.467723505628044434e-03
2.552891901685672149e-03
2.633749854725420114e-03
2.708109313012269093e-03
2.774874715338132569e-03
2.838093374391448265e-03
2.905651929500929764e-03
2.948589747123114835e-03
2.989771790094408743e-03
3.018160445844186857e-03
3.028672487785544210e-03
3.034142160751401862e-03
3.022839132893639924e-03
2.989956441787594565e-03
2.942996812901582659e-03
2.895468664649292201e-03
2.852640820969337687e-03
2.784481267548738481e-03
2.735494660521198274e-03
2.747906861899268582e-03
2.739243039602157204e-03
2.722749327146389842e-03
2.686875101137714550e-03
2.634655473509300849e-03
2.572914149619576207e-03
2.502627029065701558e-03
2.416587633039840588e-03
2.331865169067637300e-03
2.244644781849686188e-03
2.153130187291379949e-03
2.060987932424651614e-03
1.967318759934527650e-03
1.875038866459760589e-03
1.791117119784857437e-03
1.706320817561973735e-03
1.711110431233370255e-03
1.792217449374328142e-03
1.862082111079854663e-03
1.941718937172653980e-03
2.061593677989720375e-03
2.174644777112322291e-03
2.266725499555560797e-03
2.340547148081684181e-03
2.391441448330006159e-03
2.494989261676100467e-03
2.505002568282593822e-03
2.488042941559825971e-03
2.437266053015363365e-03
2.390954353344437733e-03
2.330806280824881949e-03
2.304427720755619635e-03
2.268046200419121528e-03
2.225762862259950126e-03
2.172170251816984976e-03
2.121484625786984601e-03
2.170470521510592388e-03
2.220436877425013833e-03
2.266005185789177201e-03
2.314538236911106717e-03
2.354825499320617466e-03
2.394386640158979729e-03
2.431852302866799320e-03
2.465303634810428468e-03
2.502020792902931445e-03
2.531299651007651308e-03
2.560223253087356987e-03
2.580101953610469678e-03
2.599345719579676528e-03
2.619003483574217084e-03
2.637554099584077383e-03
2.642673829498953797e-03
2.642601137024164215e-03
2.632011462120387169e-03
2.657334564445140712e-03
2.695039571209034701e-03
2.714130193180425143e-03
2.711585995704340890e-03
2.695037254236087865e-03
2.657394996331746695e-03
2.600992385812600505e-03
2.536994613679427468e-03
2.457817269748141520e-03
2.420480432477528643e-03
2.397193673758790666e-03
2.365932738445680750e-03
2.327722066455900629e-03
2.284612917674372357e-03
2.229017021566387369e-03
2.170801999111848790e-03
2.101564137543504573e-03
2.029172397356865387e-03
1.955192926875903847e-03
1.876321388475182816e-03
1.796151066760398596e-03
1.714598189136440354e-03
1.669983463941537849e-03
1.722906828946740854e-03
1.778367640977246422e-03
1.811529496358821323e-03
1.848522323565832126e-03
1.877543064520703631e-03
1.891221294855610635e-03
1.911756525331320677e-03
1.972214313810033426e-03
2.028001016531277845e-03
2.058805843959482518e-03
2.073649131386412492e-03
2.083928919543315272e-03
2.078742976979686130e-03
2.062733242245096132e-03
2.045555735691095833e-03
2.017512408922478295e-03
2.005547658897377516e-03
1.989535669507214166e-03
1.965382574226709478e-03
2.013899394297191670e-03
2.066971305906939449e-03
2.118353796491778684e-03
2.165034119081893360e-03
2.202707076835952460e-03
2.236383355568888343e-03
2.259554027052190772e-03
2.285673029381318777e-03
2.308688947301018590e-03
2.325702783286281994e-03
2.331738240926389816e-03
2.339776534835608102e-03
2.349112985580548152e-03
2.348112874051233590e-03
2.347510083873127762e-03
2.341884076295291939e-03
2.333069042728314058e-03
2.315920859454839720e-03
2.295456335040968465e-03
2.279620989079356175e-03
2.279819756409867670e-03
2.302321516798655487e-03
2.304951026495721811e-03
2.309175198011520491e-03
2.297388689906310066e-03
2.281449605495033950e-03
2.250828466334259259e-03
2.217171357212610605e-03
2.245980266532748848e-03
2.190415873056600349e-03
2.129007712958791432e-03
2.073874107141909784e-03
2.039987229012635295e-03
2.000926084444937247e-03
1.966154480301657292e-03
1.927658243497415436e-03
1.884648543794470443e-03
1.840237693974150490e-03
1.795038040831475890e-03
1.744247628871181677e-03
1.689458309215463583e-03
1.708528465181852196e-03
1.761401737116585764e-03
1.813345798346521764e-03
1.841537206988319575e-03
1.861945207631693355e-03
1.882115117694621587e-03
1.882816116621027769e-03
1.872062697469922821e-03
1.851210376585810113e-03
1.850172861627946697e-03
1.803233144964971890e-03
1.743841595813033774e-03
1.713070874285210765e-03
1.710444742173578003e-03
1.706764975200392165e-03
1.696067219550234650e-03
1.678614952335399924e-03
1.668920014221336734e-03
1.657542948853646392e-03
1.721018540540741881e-03
1.789964520624909294e-03
1.857234237878313543e-03
1.923985029000319091e-03
1.983660892358685146e-03
2.040078666566164101e-03
2.088106336789241624e-03
2.128692491993516844e-03
2.162252938727460272e-03
2.190921443830901039e-03
2.209110653539791969e-03
2.222689824389806335e-03
2.229103819736705239e-03
2.227493889600196120e-03
2.225445941115261617e-03
2.215967356909598340e-03
2.206721496935709625e-03
2.187185723191625852e-03
2.190249454843112842e-03
2.195998673019394776e-03
2.189849088621409479e-03
2.175109378440898134e-03
2.153981059938858689e-03
2.125915484399332200e-03
2.125678455581231363e-03
2.116202935260214080e-03
2.099662918850303539e-03
2.076073965691899170e-03
2.046292006024880150e-03
2.014182663346575364e-03
1.977610938610485647e-03
1.942305673626687490e-03
1.903955188805345200e-03
1.864947003518219182e-03
1.826464756406631640e-03
1.788288952540184606e-03
1.748644966767742837e-03
1.713330488999520451e-03
1.681275014457805916e-03
1.646076450402600422e-03
1.608875598835185494e-03
1.572258301235557321e-03
1.536780447389585191e-03
1.505475647748777401e-03
1.566765236460931909e-03
1.619665425672517367e-03
1.662561528686795631e-03
1.697714455594134808e-03
1.721294771560410997e-03
1.732097652027753121e-03
1.743236567323586117e-03
1.738432251018273700e-03
1.722056928247422958e-03
1.694277279016803694e-03
1.639192262882671614e-03
1.595869244952474730e-03
1.535839719309206597e-03
1.489902351709954109e-03
1.484533642616664428e-03
1.465241337911510344e-03
1.453897538783499588e-03
1.440450927068626097e-03
1.491563676101953506e-03
1.556549099870102593e-03
1.618989429868988861e-03
1.679558506524292394e-03
1.741597917778808791e-03
1.794295896612285723e-03
1.851076348885066780e-03
1.897745260841326997e-03
1.941706237362228471e-03
1.980504441633473833e-03
2.013396171891584929e-03
2.039559322010719988e-03
2.060643171668347096e-03
2.074935347326833934e-03
2.084279628606300339e-03
2.090514161817991212e-03
2.083716862118778490e-03
2.073950186559148090e-03
2.058994673940522935e-03
2.034680278951150889e-03
2.011004018680900840e-03
2.014453693588075245e-03
2.015217159651500056e-03
2.001421407138215258e-03
1.985083368691575867e-03
1.983403514452780625e-03
1.974095475832549074e-03
1.957815776984506151e-03
1.938205017772864913e-03
1.914212025832001673e-03
1.883205486875150214e-03
1.851370906232246982e-03
1.816738408754264844e-03
1.770824081915367554e-03
1.726152114471302124e-03
1.679308253042577359e-03
1.633397442173112335e-03
1.597508369564432096e-03
1.577860003241532416e-03
1.562549646307420659e-03
1.540336905894834629e-03
1.515672893504377283e-03
1.493546459144179384e-03
1.462947185608243217e-03
1.432890149915932998e-03
1.397078329216205894e-03
1.463777831027052168e-03
1.504469189844231947e-03
1.541661453907938739e-03
1.575600331199716875e-03
1.613380154092458607e-03
1.665148862555670961e-03
1.690784936220685042e-03
1.703176369603986995e-03
1.700326570202276288e-03
1.685676358892079785e-03
1.669466394214225158e-03
1.627913918398310456e-03
1.596717291895921598e-03
1.556882660181030387e-03
1.507440954986505322e-03
1.453609498372421260e-03
1.389727036975457741e-03
1.324124208384735990e-03
1.342674806843496826e-03
1.387587858174138544e-03
1.436048564239539305e-03
1.485518859393269997e-03
1.534495841189614795e-03
1.583658886188055170e-03
1.633720423434681379e-03
1.683294270816121374e-03
1.728967313241930315e-03
1.779064331715651814e-03
1.827309736590898570e-03
1.870724974359444515e-03
1.908201593293523679e-03
1.940841604645027196e-03
1.971147393858535546e-03
1.993674867122097183e-03
2.011811799297769099e-03
2.029926274932342123e-03
2.047070571942921635e-03
2.052959898844686215e-03
2.050434347261598234e-03
2.043117461806576163e-03
2.032289309342849570e-03
2.010691828379845836e-03
1.974519912915889686e-03
1.922624348079299272e-03
1.918871416853873413e-03
1.923412060169993332e-03
1.916913031158040681e-03
1.904137092408414444e-03
1.884267950847479112e-03
1.860114861553546772e-03
1.825764984893563092e-03
1.789232767438808658e-03
1.746962050015482548e-03
1.700829463291503307e-03
1.650923943177506903e-03
1.601746923621666374e-03
1.550300003740762156e-03
1.498678719580398555e-03
1.444666825084567341e-03
1.392341465501517606e-03
1.341484100948170388e-03
1.291772346742131594e-03
1.245148157011738421e-03
1.198511469370860949e-03
1.155252279531365778e-03
1.183817438398293564e-03
1.231973654346157909e-03
1.292139961324378916e-03
1.359986115585715138e-03
1.417063430744075481e-03
1.464605901487059381e-03
1.514768971974195244e-03
1.553777511571846626e-03
1.580434909169481372e-03
1.598074342305855211e-03
1.609702137003538036e-03
1.606005367898455383e-03
1.590367946175369473e-03
1.563467629538822790e-03
1.536807416539692772e-03
1.493208216243241404e-03
1.449285731996818871e-03
1.421070835374599328e-03
1.429306425830056959e-03
1.463073748264043239e-03
1.495928619096559276e-03
1.519474525206898630e-03
1.543784472747611325e-03
1.570007493147895783e-03
1.591197300467001030e-03
1.610717537925826504e-03
1.630252544730120823e-03
1.649384468286219096e-03
1.666967084143211597e-03
1.681674139006994473e-03
1.697848090141063082e-03
1.711547937303353750e-03
1.723142952669953765e-03
1.734048955796346769e-03
1.745464017850251182e-03
1.757198003715126911e-03
1.763801403473624907e-03
1.767753336955169008e-03
1.770663292514740306e-03
1.788601617987384262e-03
1.817570150865754908e-03
1.841146153197414925e-03
1.854495167736530670e-03
1.855711087593692188e-03
1.842622639052243771e-03
1.831519542998677474e-03
1.814446606859504429e-03
1.791862826844292655e-03
1.755781483656959630e-03
1.723661000431725432e-03
1.675609703140734652e-03
1.630135598147258724e-03
1.582578731528810900e-03
1.567773161670588111e-03
1.549082347342300991e-03
1.531434106990969823e-03
1.510239838192761752e-03
1.485510269790685234e-03
1.455532917305657481e-03
1.426211534094723454e-03
1.389326551366448781e-03
1.352598365770979472e-03
1.311334393923224706e-03
1.270486323406289086e-03
1.229747725301599814e-03
1.186779893624284599e-03
1.180934775516839785e-03
1.201602288616793190e-03
1.211560116428284095e-03
1.220061698215202384e-03
1.227457407839138703e-03
1.225735147054068941e-03
1.220972556707972112e-03
1.214811613051924866e-03
1.215919480815091935e-03
1.244933727672314916e-03
1.269872657792825432e-03
1.290555237847601511e-03
1.297010537273768360e-03
1.307982150646785913e-03
1.308874392520198437e-03
1.303771503704725943e-03
1.301697471211338275e-03
1.303766804235523269e-03
1.347953546860569674e-03
1.392391483469895830e-03
1.427708529672000459e-03
1.469193478916108742e-03
1.507893120589215430e-03
1.541840312441478122e-03
1.572211191090550075e-03
1.597675390750286084e-03
1.614394322918599745e-03
1.628476865814992847e-03
1.639325275079012156e-03
1.649017886083348206e-03
1.653744366602760696e-03
1.656314050466789478e-03
1.657667544122221059e-03
1.656272166729505502e-03
1.651938568353217285e-03
1.647772326756058447e-03
1.644218979689915372e-03
1.646088542249846132e-03
1.643674281042006857e-03
1.632228902067434095e-03
1.618985853625409810e-03
1.590670362854151865e-03
1.582444756390494200e-03
1.574774560793412714e-03
1.564063954439226523e-03
1.553726025130763855e-03
1.554495972333119758e-03
1.547539166344841233e-03
1.535969789199315150e-03
1.524961712319833351e-03
1.507843273113373961e-03
1.488858328334619063e-03
1.469507556891097577e-03
1.448481927420780524e-03
1.424706714629575544e-03
1.397243525225272398e-03
1.364057368087617794e-03
1.327628888117576844e-03
1.292035065391800019e-03
1.258139498813065638e-03
1.237083271501432380e-03
1.216203101625124017e-03
1.195378145566167172e-03
1.172320064167814424e-03
1.152697874408803447e-03
1.132548797687427111e-03
1.139279915370217111e-03
1.171391264526172593e-03
1.201520042173526148e-03
1.218381063490925342e-03
1.242140349872800087e-03
1.249326875133793813e-03
1.256173661021681154e-03
1.253853658400361226e-03
1.243387892206349044e-03
1.226551379800100428e-03
1.208975699366787726e-03
1.175445564461669035e-03
1.147234963655208162e-03
1.113305852275175978e-03
1.084148932043199620e-03
1.070996412261715491e-03
1.058746457668124918e-03
1.061493973039812078e-03
1.107933171093283820e-03
1.155129401141818946e-03
1.199610233605957754e-03
1.246121813255118838e-03
1.290376270082410626e-03
1.335501197721356004e-03
1.375286455394558738e-03
1.416157570125475829e-03
1.456358919405181807e-03
1.492046437954475113e-03
1.526860314189415480e-03
1.559102162096176469e-03
1.586073036991347829e-03
1.606565924530539702e-03
1.626287334871912016e-03
1.636008267544536432e-03
1.640802994103768286e-03
1.639121717114666588e-03
1.633268813844013234e-03
1.620666371369233749e-03
1.606284593725609833e-03
1.586464993844349802e-03
1.578539678575796579e-03
1.591560411454140400e-03
1.592697149123162292e-03
1.587579631143726244e-03
1.571807991221557677e-03
1.562191398625373262e-03
1.548404806492736929e-03
1.535059568226776472e-03
1.514428118180616289e-03
1.489268019636225127e-03
1.462577678525478486e-03
1.431324164190117543e-03
1.401496864940898757e-03
1.369355269827260413e-03
1.336006017588931005e-03
