# game: kuhn_poker 
# eval_every: 1 
# num_iterations: 1000 
# num_players: 2 
# bootstrap: False 
# truncate_negative: False 
# buffer_size: -1 
# num_hidden_layers: 2 
# num_hidden_units: 6 
# num_hidden_factors: 0 
# use_skip_connections: True 
# num_epochs: 200 
# batch_size: 1000 
# step_size: 0.01 
# 
4.024287922774576476e-01
1.760489901992332296e-01
1.168441749763776127e-01
8.964860271253588531e-02
9.251657939044774515e-02
8.623479203430067797e-02
8.305454839416664958e-02
7.567812671215667919e-02
6.297997593246393300e-02
6.187463051837185923e-02
5.569283813434469654e-02
5.038943693649583500e-02
4.314385482040941633e-02
4.189773422600243102e-02
4.092626623230474769e-02
4.327929672580879683e-02
4.235651157709743875e-02
3.872577612031005700e-02
3.467717458415103815e-02
3.306611218735452939e-02
3.163755640296847527e-02
2.874829325737823793e-02
2.535061328899115840e-02
2.264537193607552013e-02
2.403965277396413747e-02
2.383112103317353014e-02
2.291951499592542740e-02
2.286922543011260522e-02
2.269259421399660859e-02
2.331389637263170389e-02
2.302400887604533208e-02
2.237046637329015430e-02
2.123965299048893862e-02
2.023951855235275876e-02
1.930702164868197679e-02
1.922218939249764613e-02
1.898128290809028562e-02
1.819602781001500302e-02
1.707045240289803423e-02
1.585447728179792404e-02
1.455649334913891590e-02
1.353226956501707434e-02
1.473168527562199182e-02
1.549831188034786478e-02
1.553217975146764518e-02
1.473806288713527812e-02
1.331578338265590467e-02
1.227368698347108822e-02
1.151492245217511368e-02
1.212754155662015831e-02
1.279266751873045505e-02
1.345368356086310002e-02
1.394430745378194558e-02
1.454178499750205522e-02
1.477912942618300751e-02
1.486280437458140091e-02
1.425112636516140396e-02
1.313008643081509108e-02
1.245225522278789465e-02
1.191351013809535675e-02
1.115160811725951495e-02
1.038582488374281687e-02
9.510149312993293469e-03
9.236665933431587039e-03
9.673837881482294510e-03
9.930924000109558891e-03
1.001730008977225195e-02
1.008576175567302280e-02
9.687785408127536080e-03
9.614892956995302331e-03
9.711933369087655255e-03
1.009290139178506407e-02
1.022964212384896987e-02
1.037094608181762800e-02
1.020509192614932337e-02
1.008359334511643723e-02
9.943044297438141665e-03
9.875297869817001306e-03
1.059421828231482676e-02
1.017824374614470506e-02
9.706994933589979668e-03
9.324432125960180340e-03
8.855107236612563826e-03
8.340706214584159284e-03
7.824628672497141446e-03
7.301185054291559062e-03
7.071432365927221575e-03
7.450129994199472527e-03
7.732600928376825999e-03
8.019072058944143322e-03
8.097304924859133335e-03
7.944818343784409986e-03
7.513982562525223230e-03
7.089913644257955783e-03
6.913890779134013176e-03
7.342846764706839613e-03
7.584391431248227455e-03
7.864702678499646549e-03
8.114414151526666563e-03
8.447056700108312999e-03
8.664531348664877841e-03
8.789280691063772188e-03
8.836687355181144232e-03
8.744461456295149482e-03
8.351184676786277405e-03
7.748038706324428260e-03
7.320414025606153396e-03
7.048671362471808921e-03
6.699992449489627910e-03
6.323164575021689160e-03
5.865989999007198419e-03
5.451118823758510645e-03
5.428226072755976128e-03
5.534316730605420842e-03
5.656215798732155964e-03
5.912467279363953221e-03
6.169273006466552411e-03
6.174452092957888327e-03
6.072381961296918762e-03
6.031398572551749382e-03
6.271294623006740121e-03
6.412286963750679636e-03
6.518542292658774384e-03
6.691476195597290122e-03
6.707926570412747758e-03
6.633707977371006148e-03
6.538999053335992073e-03
6.458346649180851662e-03
6.326974443094157685e-03
6.226212324506430473e-03
6.094851605386336635e-03
5.928770983226056002e-03
5.707810159768678115e-03
5.443249214237166900e-03
5.194712474489909804e-03
5.262400850245430028e-03
5.028178768121838171e-03
4.776175685818645489e-03
5.010762564542942110e-03
5.270329274470075820e-03
5.390930298917850916e-03
5.434372789522273761e-03
5.369065355893987146e-03
5.166694723978654258e-03
4.826368059300811808e-03
4.534825294810945762e-03
4.530919967310143015e-03
4.757680302392763849e-03
4.950731513698486408e-03
5.208768135629648910e-03
5.428249797227779894e-03
5.697203575802556319e-03
5.917355706087673584e-03
6.073613000631028491e-03
6.160967788725379979e-03
6.205689549389464821e-03
6.208711014244527870e-03
6.021613599819564122e-03
5.773534046323691715e-03
5.518513553488979539e-03
5.451346545168878066e-03
5.323155943754098729e-03
5.111729789720409478e-03
4.877265646440892555e-03
4.620550591150601738e-03
4.333271731481153077e-03
4.048828975712237543e-03
3.785325886286022845e-03
3.854358750041059212e-03
3.993823917284755609e-03
4.264621988048833412e-03
4.501981504415580870e-03
4.725097084287782634e-03
4.817100151784409201e-03
4.861047511357075024e-03
4.675657542880601314e-03
4.417351695526261501e-03
4.335217554459258604e-03
4.439351708537625507e-03
4.523657903150207771e-03
4.557088787445678912e-03
4.601536349459423025e-03
4.635300071566983426e-03
4.651263125084126315e-03
4.681322037798085756e-03
4.781645917581373029e-03
4.947070138582754240e-03
5.034249442875865510e-03
5.082633707328143569e-03
5.102338251834009908e-03
5.105872688498602763e-03
4.968259950591441543e-03
4.700267560942716916e-03
4.351673922056542576e-03
4.114105041669868790e-03
4.018952947977105783e-03
3.899542758947688315e-03
3.768063420826750498e-03
3.618263369245477978e-03
3.658244507260405287e-03
3.657689669244040820e-03
3.581731410706667784e-03
3.548520574030961106e-03
3.536774965338662646e-03
3.412764912016696961e-03
3.426925638144562303e-03
3.549087663923422564e-03
3.741670739960151204e-03
3.852997509051520053e-03
4.121176963864159326e-03
4.340422555860062870e-03
4.566047564892539157e-03
4.699872546507999349e-03
4.754143233758362230e-03
4.807509815738519876e-03
4.735855456507870320e-03
4.656115770739238657e-03
4.498322514453922949e-03
4.339050918172826510e-03
4.400088456963657801e-03
4.381645763084307532e-03
4.269210483183377702e-03
4.110498565597586751e-03
3.935446186255298073e-03
3.749562299182190861e-03
3.552773502205841538e-03
3.345738267076930894e-03
3.138231421129566989e-03
2.954231449543459620e-03
2.877058745572758092e-03
2.891619336469780643e-03
3.015747830319243095e-03
3.285500418888115393e-03
3.529696417188005197e-03
3.691244198219034711e-03
3.834412483472438016e-03
3.865897651237321098e-03
3.798738136762624951e-03
3.634266755993403875e-03
3.396947521531690217e-03
3.149037177695768186e-03
3.257004632997217985e-03
3.352137242966735098e-03
3.425929008756767313e-03
3.496869397263402401e-03
3.574145522879490500e-03
3.632636767271907319e-03
3.676821788106576783e-03
3.710047646495906459e-03
3.762650005523726637e-03
3.798483610787051212e-03
3.884780513186414375e-03
3.945717765056394599e-03
3.973396039949422809e-03
3.955561570431698204e-03
3.925659537177578207e-03
3.864904331240787139e-03
3.758299891359312417e-03
3.597144733933077543e-03
3.393425366469915438e-03
3.173544624527374625e-03
3.072590650793544098e-03
3.003342881876785997e-03
2.913030564401453137e-03
2.823058394809924154e-03
2.738837076878969379e-03
2.711887919691208237e-03
2.709172334446369179e-03
2.701034479148017864e-03
2.632002265338134750e-03
2.547548251260828289e-03
2.403934930667733783e-03
2.330101847872662058e-03
2.436759551344092056e-03
2.619944462895956727e-03
2.791884283196544025e-03
2.909157454222516259e-03
3.108203814657234387e-03
3.310673349667198062e-03
3.482228697051448219e-03
3.628378770634682615e-03
3.724142330309765381e-03
3.792728877952983302e-03
3.800185151481838552e-03
3.769688777829405257e-03
3.687481498833244942e-03
3.569225148804922032e-03
3.358442544316525558e-03
3.361815402992573976e-03
3.360209392570229214e-03
3.319129031117806772e-03
3.242058378500639604e-03
3.125672377196686558e-03
3.011384226645763551e-03
2.877913699103201717e-03
2.734667673155721790e-03
2.590966972558866876e-03
2.452877624890825725e-03
2.326336265820516669e-03
2.344632172507604695e-03
2.332176773814170767e-03
2.366215547905475836e-03
2.475462980575021676e-03
2.649708403353157049e-03
2.770476055054066356e-03
2.877557267378538786e-03
2.905099831629703866e-03
2.924525781677678182e-03
2.876795024286615821e-03
2.766415253957654752e-03
2.669521829065629737e-03
2.670427708527711719e-03
2.690148619728799373e-03
2.737902273806491760e-03
2.784663164673156777e-03
2.828129162343429037e-03
2.868048064180450663e-03
2.905713138491472503e-03
2.929186561443197778e-03
2.952383687147980273e-03
2.978215525482164061e-03
3.040931535203711400e-03
3.104266770055152946e-03
3.160336962601095756e-03
3.206242129662056906e-03
3.237518070291794947e-03
3.256291006720118952e-03
3.245427315824139791e-03
3.226157782024563492e-03
3.186259378142958232e-03
3.115961508284664783e-03
3.006193708647131313e-03
2.888845673258727542e-03
2.747030552327250907e-03
2.581248493187193738e-03
2.500295286358561464e-03
2.469452701548663365e-03
2.432491773629891219e-03
2.379166657564851795e-03
2.327740672011580081e-03
2.290811381620377896e-03
2.233228092387351538e-03
2.172683236288497355e-03
2.080508699734473499e-03
2.000335429025917877e-03
2.056110252320747511e-03
2.169013668583963383e-03
2.322105186880418781e-03
2.473287214099784137e-03
2.589277240116261147e-03
2.670209264666822957e-03
2.787979872773960199e-03
2.977994330316119376e-03
3.129339397008684687e-03
3.270108450227959818e-03
3.367193950719854501e-03
3.413900052904511595e-03
3.392281989689965860e-03
3.304198954662163068e-03
3.194029802590009348e-03
3.051726134789489731e-03
2.888597984475410607e-03
2.904760236846937183e-03
2.906111538463707067e-03
2.873655971040223189e-03
2.813744747794194589e-03
2.738403101863906564e-03
2.653742333386582830e-03
2.547825843557727232e-03
2.436043676984134265e-03
2.317904593391012513e-03
2.205976610671456228e-03
2.132998517540368733e-03
2.066949473961965378e-03
1.989945377305873953e-03
2.006148037353744362e-03
2.008930803357039663e-03
2.036388919063075731e-03
2.097931363259725179e-03
2.232702463076524646e-03
2.355056449763415216e-03
2.442209565802461180e-03
2.483740290902980430e-03
2.494615667760963218e-03
2.454218117801471033e-03
2.464796066096508476e-03
2.496959370769824549e-03
2.507997918307219853e-03
2.511568625601451332e-03
2.495737244518708708e-03
2.496622441089640931e-03
2.521412274356260586e-03
2.537540396219922778e-03
2.545566473301674737e-03
2.540213081459130606e-03
2.538687043299764357e-03
2.542780687658313665e-03
2.552673063785759755e-03
2.575978969167391774e-03
2.575958307771714084e-03
2.571503275351105788e-03
2.561131947882933080e-03
2.526284732965372593e-03
2.504201401101746605e-03
2.464297192593334351e-03
2.418009292124795317e-03
2.359887648935160565e-03
2.300408668961306802e-03
2.232243971052788600e-03
2.141035962717113827e-03
2.070786303067284617e-03
1.994710202200933313e-03
1.925149297496153711e-03
1.859426730870333833e-03
1.857788902977525192e-03
1.912906285646082116e-03
1.947648239896210276e-03
1.954531379700696903e-03
1.937649670434721250e-03
1.896794187583400459e-03
1.829567810029686381e-03
1.738802773899483789e-03
1.673296735310192407e-03
1.692279448141903453e-03
1.777004796209485926e-03
1.870371767718287392e-03
1.956268420666762431e-03
2.051598655160885576e-03
2.163083075046728920e-03
2.271417814307591376e-03
2.390803338481073403e-03
2.495834947826208738e-03
2.587706896600400208e-03
2.677588551384779691e-03
2.736248348191083757e-03
2.776564356843563841e-03
2.810244424621077819e-03
2.804895477952484839e-03
2.780692532746098511e-03
2.743869921897151842e-03
2.649944412911248159e-03
2.545731841846671228e-03
2.445783398163731137e-03
2.391378558918300090e-03
2.386681947947222326e-03
2.359474356740554057e-03
2.315295520904342430e-03
2.268172109416849436e-03
2.208473342292210928e-03
2.137285287019036195e-03
2.058929902711253979e-03
1.979202381334421723e-03
1.896939624726229345e-03
1.815726833677561158e-03
1.733504450339179437e-03
1.679847661976902051e-03
1.647385678515217444e-03
1.650558791603751185e-03
1.711362516536946154e-03
1.755357380875482987e-03
1.784550176573945768e-03
1.838737232022602530e-03
1.931850904597964824e-03
2.016390274578200303e-03
2.104532362533217960e-03
2.204841553123282338e-03
2.295499324791394624e-03
2.370473117267041241e-03
2.427794730296140013e-03
2.463340207182862507e-03
2.477518509165305138e-03
2.483384528729648544e-03
2.468253388437813278e-03
2.444334868614450595e-03
2.416883954307752491e-03
2.400022551434344287e-03
2.352966139013118463e-03
2.311255957602620370e-03
2.314099121269980186e-03
2.320714584727934238e-03
2.308120114998118977e-03
2.283896520227729487e-03
2.241887106265466612e-03
2.190015281698626248e-03
2.143620736702794849e-03
2.080072019742140732e-03
2.018840618588924052e-03
1.950085993457917333e-03
1.882778051441463818e-03
1.812625387069166649e-03
1.790403471097323784e-03
1.773416597858512578e-03
1.763185774343672962e-03
1.744948249319894229e-03
1.730250539677347099e-03
1.722138953196561406e-03
1.711134806740038927e-03
1.756423669524165287e-03
1.809521310828149376e-03
1.837519613752836012e-03
1.854876834780833095e-03
1.863466743575709073e-03
1.848654016844308856e-03
1.827787377638279143e-03
1.768966468328275754e-03
1.748263163733609904e-03
1.788397693976012670e-03
1.822794276743616715e-03
1.873602107179156429e-03
1.919316321953828952e-03
1.964008956912594028e-03
2.005884061200308155e-03
2.042692071726914804e-03
2.083639413580473665e-03
2.118137066918879263e-03
2.147209043462799949e-03
2.203082162628738905e-03
2.246932514318122909e-03
2.278571107788562866e-03
2.302005904048387563e-03
2.305573875740429823e-03
2.310172016353834179e-03
2.293516146733398653e-03
2.263966990702304116e-03
2.228554791269155011e-03
2.180261101017211267e-03
2.116469168456758254e-03
2.054676833306040562e-03
1.974980374129214900e-03
1.891637461886114258e-03
1.845289770316865807e-03
1.816439123928398347e-03
1.780724751206802514e-03
1.748772771235668211e-03
1.720372852617391146e-03
1.673932496757790656e-03
1.629136462244523686e-03
1.582402552976480692e-03
1.534886189849843374e-03
1.487736649306570236e-03
1.445101444679131042e-03
1.401231545624270769e-03
1.361584158472095574e-03
1.324640474436644677e-03
1.337480878770697101e-03
1.414467935727248271e-03
1.483225885594963156e-03
1.546808123175369420e-03
1.628272925119966796e-03
1.709136384930115549e-03
1.807829424984030986e-03
1.904670984533951561e-03
1.994809797936425433e-03
2.070884101658815313e-03
2.142821827694513237e-03
2.200751064302064464e-03
2.257307074477826747e-03
2.293598741502311800e-03
2.312302699618462576e-03
2.308403088207650056e-03
2.287016466082619770e-03
2.257838641264192647e-03
2.198558575946557569e-03
2.127282157965870724e-03
2.043411755276641761e-03
2.026543682297460292e-03
2.030562506041749815e-03
2.012305270677444691e-03
2.038486125422345197e-03
1.996252495574307728e-03
1.950176957860871862e-03
1.890134947610394578e-03
1.829892747501837835e-03
1.769210661380832272e-03
1.698795143638964777e-03
1.632198567598192041e-03
1.566454489680402240e-03
1.500293337718366926e-03
1.437591335996968311e-03
1.381722077047148334e-03
1.372459543291487671e-03
1.392816468530039264e-03
1.422237165010525883e-03
1.452430831899498287e-03
1.508651411662731423e-03
1.585481775770725132e-03
1.654634195991711021e-03
1.713437844329063209e-03
1.751499095792807825e-03
1.764564796849471540e-03
1.758374913167048970e-03
1.727479082166610835e-03
1.765909310001562149e-03
1.802346070136157108e-03
1.827043729499239211e-03
1.837124352196128907e-03
1.867931427559088586e-03
1.899323647908679469e-03
1.922512344936538886e-03
1.944225887748757264e-03
1.963073170869467088e-03
1.973114764510341956e-03
1.978375873774085303e-03
1.981017974383214586e-03
1.975309606819297681e-03
1.957117078161513257e-03
1.950809451966961650e-03
1.951920925820610497e-03
1.941534316836052154e-03
1.930162295431664399e-03
1.917170231664211411e-03
1.898166909413884218e-03
1.877826580101382703e-03
1.845162667238359200e-03
1.817771053095440514e-03
1.777571792849708121e-03
1.734456497550995735e-03
1.689497396046207855e-03
1.642905381169179613e-03
1.600482938376862618e-03
1.545437978248298538e-03
1.494428441222689363e-03
1.443536141559870201e-03
1.420209258146093445e-03
1.389722773187301863e-03
1.361428993814806088e-03
1.353665100851608738e-03
1.371504395634964846e-03
1.378979931763196776e-03
1.378386125299529974e-03
1.364467404266905826e-03
1.336602915926882185e-03
1.300400216068170467e-03
1.262691584366426589e-03
1.253980239692864540e-03
1.303615967637977713e-03
1.362503237941792289e-03
1.423193675562484106e-03
1.490473811370157664e-03
1.554830726072875535e-03
1.618496423361509562e-03
1.678526235755178897e-03
1.749174209007497982e-03
1.824999903551033364e-03
1.893807264548463820e-03
1.964261227299507473e-03
2.011642989123568759e-03
2.059485099639157824e-03
2.098592217716160890e-03
2.101183153920160862e-03
2.110460664379754103e-03
2.098677083756272932e-03
2.071512489922933131e-03
2.031163818291492618e-03
1.974945982652992482e-03
1.978318439032761278e-03
1.901907048102668973e-03
1.825248741956803089e-03
1.809380277244615476e-03
1.799162318313479725e-03
1.785463012081378587e-03
1.761247943056126752e-03
1.731509936774427993e-03
1.695456885985130446e-03
1.657367521597674642e-03
1.613083935124604018e-03
1.562968147219762072e-03
1.513336092225120444e-03
1.464949224669415129e-03
1.413650959393025763e-03
1.366895622988861803e-03
1.314194059530732206e-03
1.265697498219336969e-03
1.222949627012304141e-03
1.202718014203435493e-03
1.211542827885964124e-03
1.252272984462010630e-03
1.284951911346587927e-03
1.307171166330250989e-03
1.362733160277740385e-03
1.415491369701871172e-03
1.474041794790770243e-03
1.531698849493917658e-03
1.589931555305706956e-03
1.648593572757345305e-03
1.706843598796914385e-03
1.750094851789091299e-03
1.792848398867119553e-03
1.821139208232486206e-03
1.851601586314838288e-03
1.879502938685218005e-03
1.888925277994418783e-03
1.878042615103575619e-03
1.871060636455951220e-03
1.861548728739170766e-03
1.838706423493874365e-03
1.821634544245359644e-03
1.792148057592840571e-03
1.757652588168401309e-03
1.755310015368438670e-03
1.754248348287024140e-03
1.747490924815020552e-03
1.732611604571943076e-03
1.714022458030040053e-03
1.688272696123066519e-03
1.696780424971761070e-03
1.661215443485380971e-03
1.624332442961506917e-03
1.581946083346497112e-03
1.541306077326248802e-03
1.498511437644622912e-03
1.458549970205474944e-03
1.413829790460480185e-03
1.370236596180490762e-03
1.329655526353334949e-03
1.292728147124971860e-03
1.278749021491193405e-03
1.266011979805858889e-03
1.261026905060219638e-03
1.264461327862148599e-03
1.303244506466433306e-03
1.355114067038254433e-03
1.390236918078990858e-03
1.418382511708893290e-03
1.443845174691121835e-03
1.460368021739627542e-03
1.446868453919419872e-03
1.433227452343088792e-03
1.409757067401096187e-03
1.373918795793599434e-03
1.406297357644054058e-03
1.435311388354759687e-03
1.478528609199475374e-03
1.519296407474196586e-03
1.556491810942611798e-03
1.594684255151690433e-03
1.626523561434140008e-03
1.658571649101381329e-03
1.684607002933491415e-03
1.709667941640929945e-03
1.720975818121472933e-03
1.738624687735390584e-03
1.750004434092594652e-03
1.766615594261972122e-03
1.788425670786603083e-03
1.799485617023671713e-03
1.802703248770881617e-03
1.800974532873034217e-03
1.796366330032522773e-03
1.779844886400649973e-03
1.764847795248603024e-03
1.746792441773753479e-03
1.724681630697000312e-03
1.691874520882624688e-03
1.658253635920980962e-03
1.618050066032661327e-03
1.577204332206844084e-03
1.522259967026484695e-03
1.463122121823895450e-03
1.448437236190341926e-03
1.425484500863882786e-03
1.403620842109432054e-03
1.373584061894889130e-03
1.345854762572845642e-03
1.319491124148225447e-03
1.290371523932909437e-03
1.258197674071814820e-03
1.225130770896365462e-03
1.193117941498317292e-03
1.160834555497952669e-03
1.197792200381936345e-03
1.184277137003614255e-03
1.168702254540743279e-03
1.150894031685473218e-03
1.147820397089882594e-03
1.160139875764742978e-03
1.182252395929422883e-03
1.225938420343991586e-03
1.268744925295578474e-03
1.319338442852008297e-03
1.378146167148763812e-03
1.436232076122950785e-03
1.492983411883391787e-03
1.544350139352140827e-03
1.597425310267713838e-03
1.643303481885849404e-03
1.687479060356239513e-03
1.725020175977948211e-03
1.759008311793958113e-03
1.778489117961412624e-03
1.789116155049286228e-03
1.806078554113882406e-03
1.810940015543410775e-03
1.797537793756853741e-03
1.779370979623023930e-03
1.762675991490547656e-03
1.739389416850228853e-03
1.707732990886612345e-03
1.653228434432663096e-03
1.653083526203164011e-03
1.651508656630024108e-03
1.642964668944202344e-03
1.622542114221386944e-03
1.598664605278632411e-03
1.572626014032324493e-03
1.537165773352722198e-03
1.505287355470147359e-03
1.468184025279456462e-03
1.432960549561379526e-03
1.392646717055273653e-03
1.350465088553076676e-03
1.310463607133299790e-03
1.273999041464524140e-03
1.237546667382738441e-03
1.198896096097135100e-03
1.162956662680930675e-03
1.129519144996010693e-03
1.133956317331458186e-03
1.140682981554536068e-03
1.147975703045062135e-03
1.188102698326864992e-03
1.227472694770553874e-03
1.263313332054843974e-03
1.288013039882379696e-03
1.305778945573488059e-03
1.323595675555566675e-03
1.324961524828249804e-03
1.319075773245720340e-03
1.292278071171937270e-03
1.322350576744041328e-03
1.334114863572488652e-03
1.357111541492955764e-03
1.374782839700244841e-03
1.393395103779920818e-03
1.426024123014291156e-03
1.448881463122192459e-03
1.475333554067342900e-03
1.495490494696022354e-03
1.511447548472794056e-03
1.529211406538583118e-03
1.548843118521103790e-03
1.557064723621659486e-03
1.568487249127004102e-03
1.585319316567745940e-03
1.601793664216977220e-03
1.621521658237673469e-03
1.625333730636530083e-03
1.624371678762115412e-03
1.628641121839302652e-03
1.616850330624503007e-03
1.606500341938155163e-03
1.589366342917758468e-03
1.563148993148910648e-03
1.539838829435341561e-03
1.507773026465208943e-03
1.473755767304962827e-03
1.438494135369339233e-03
1.394156464786133753e-03
1.371436958055277655e-03
1.351557464840474898e-03
1.332058778726774584e-03
1.310271391864847867e-03
1.287986377975058883e-03
1.265293080141838278e-03
1.240166324279784460e-03
1.210986772065353323e-03
1.182595783835449499e-03
1.152576546247979783e-03
1.126704946221607218e-03
1.101569118567541361e-03
1.080159302376954011e-03
1.080302953184869574e-03
1.072173972167078659e-03
1.064055134774199995e-03
1.049937653373911317e-03
1.029964863469928771e-03
1.044501292700089623e-03
1.043517185567055527e-03
1.069761006044833707e-03
1.113357052608399123e-03
1.153741067072361348e-03
1.192686886378496736e-03
1.243071463272626964e-03
1.294219438665838995e-03
1.343062030766700721e-03
1.384730941067113807e-03
1.429094874007941218e-03
1.462456267450090719e-03
1.500030294667636932e-03
1.533804725691811921e-03
1.569239860106874662e-03
1.600362573998453941e-03
1.620344434528936395e-03
1.629684182255591862e-03
1.638671983888478900e-03
1.643501871074842802e-03
1.644227050502655718e-03
1.628811011345515647e-03
1.610874376869075864e-03
1.583382966814289583e-03
1.556454247468891383e-03
1.526066566566869342e-03
1.485595040857379256e-03
1.476077248930424135e-03
1.471910299162992874e-03
1.465941143463406204e-03
1.448718547275157364e-03
1.428965718050817513e-03
1.404247177714090800e-03
1.377822051757265909e-03
1.344975349174437618e-03
1.309447943462854758e-03
1.271980296986913173e-03
1.234386358185901589e-03
1.196010667586316911e-03
1.161078752272809433e-03
1.123723820514815896e-03
1.087028540620788020e-03
1.050072024545878335e-03
1.018302197955345267e-03
9.854366959730354036e-04
9.809422108029985932e-04
9.895679499213883012e-04
1.006082486051773639e-03
1.027812268030281473e-03
1.074975788628668161e-03
1.118289040662884259e-03
1.154768027174540856e-03
1.181539402331011068e-03
1.199827546004478274e-03
1.214085544672116601e-03
1.216441694398384676e-03
1.209048305288035197e-03
1.237626200583957781e-03
1.260815065912052058e-03
1.290112530456716256e-03
1.313606623844526533e-03
1.332186491988435195e-03
1.340844869159613095e-03
1.353022049585372866e-03
1.372774754419825438e-03
1.393143365714971660e-03
1.406795182846670711e-03
1.418037586581988307e-03
1.427267947799987224e-03
1.436666266021346949e-03
1.440093597699948491e-03
1.444228803704372677e-03
1.446507683117409515e-03
1.439286158220809408e-03
1.430150179584643855e-03
1.424061566275530710e-03
1.414786875092527429e-03
1.411385194691028300e-03
1.405088481507804632e-03
1.388385865232460992e-03
1.373385473393690104e-03
1.354299310654144550e-03
1.340882162132045474e-03
1.326594495118821326e-03
1.304577149211533227e-03
1.275839060979472306e-03
1.251531385463688917e-03
1.220104784547093590e-03
1.196688918343374874e-03
1.172431789691119608e-03
1.152215338946160905e-03
1.130342649703214297e-03
1.103763606469104763e-03
1.081286988685564721e-03
1.058592340970110346e-03
1.036048018765445278e-03
1.014404754416720067e-03
9.927812821926285114e-04
9.708586649690431614e-04
9.560488212038975586e-04
9.772158618112924966e-04
9.905993869668006102e-04
1.005527918239462748e-03
1.011957605368346558e-03
1.017700874157034807e-03
1.010124254951894063e-03
1.009044315375018375e-03
9.972759015076382294e-04
9.788741376016985019e-04
9.779807816298058398e-04
1.005128563786039653e-03
1.043042899666418721e-03
1.077617864872509879e-03
1.116106735711691611e-03
1.151586035388646456e-03
1.184137893228354166e-03
1.217959743069679801e-03
1.250088720005426701e-03
1.276614282381016707e-03
1.306827431683338370e-03
1.343050515808658085e-03
1.377411355337421206e-03
1.399492747819086613e-03
1.422598807989922109e-03
