# players: 2 
# game: leduc_poker 
# regret_matching_plus: False 
# alternating_updates: False 
# linear_averaging: False 
# average_policy: False 
# print_freq: 1 
# exploitability: 1.3282580877287573 
# iterations: 1000 
# 
2.578852062128109246e+00
2.639271258798089548e+00
1.365841918879134198e+00
1.015452654449317649e+00
1.005260165409392670e+00
1.044024175464159487e+00
8.428890780343036848e-01
9.767406744363150706e-01
1.073593267566190335e+00
1.184342987491347809e+00
1.267516301945036616e+00
1.359502152133875263e+00
1.284952615380921204e+00
1.578368148726361664e+00
1.818750322369731443e+00
1.847218151470107150e+00
1.820397970739657811e+00
1.470773683836864798e+00
9.253566264319774692e-01
7.567490639722684875e-01
6.547911050758457030e-01
7.571391586896532022e-01
7.916664010304536037e-01
7.772713269812454584e-01
8.399253651127474019e-01
7.350187232629060707e-01
6.731013290153595729e-01
8.151707758976471929e-01
9.792920363371854231e-01
1.125006907805919720e+00
1.148911955526499273e+00
1.203335876435769336e+00
1.255689949118948601e+00
1.411763513274173487e+00
1.544211641709103189e+00
1.614160029032496890e+00
1.596305662422105698e+00
1.451290347789278012e+00
1.420545737362753025e+00
1.392651340546814609e+00
1.347502926397604384e+00
1.308126251142228469e+00
1.245356409112279295e+00
1.280053161651878213e+00
1.288922386540335641e+00
1.269544799553948167e+00
1.251348687486673938e+00
1.240546695717366532e+00
1.293156939925387938e+00
1.422189696065315534e+00
1.511385868743079897e+00
1.526460081515085943e+00
1.790912509140147879e+00
2.237006712757013904e+00
2.240211369302365974e+00
2.156212314882402836e+00
2.135672242312167235e+00
2.013223645477522084e+00
1.968472376973576576e+00
1.878608465170434449e+00
1.460067488004262781e+00
1.256108103975428048e+00
1.173731108455883465e+00
1.149418540143201106e+00
1.151097169822227206e+00
1.165435678068174052e+00
1.205493652286864670e+00
1.258792506336080974e+00
1.307300245318675724e+00
1.089111759120653833e+00
1.138961030258381690e+00
1.239479243926416840e+00
1.278579524498171693e+00
1.364469635079185394e+00
1.425638310868572178e+00
1.482566225574656560e+00
1.531710992543006133e+00
1.555757906640486743e+00
1.580007600806378143e+00
1.552341507566274315e+00
1.510030215416196864e+00
1.473412585058022417e+00
1.434113559425687967e+00
1.373989300156588600e+00
1.330598782116994006e+00
1.272665386935331711e+00
1.183036501084094416e+00
1.321309880478455545e+00
1.069467400490499820e+00
1.034960987167367508e+00
9.582644388089820442e-01
8.635055568420270111e-01
7.498879897854970888e-01
7.514134791052893281e-01
8.782007708501414767e-01
1.027333706582879369e+00
1.160293296052065104e+00
1.270824086629980254e+00
1.321347914390245126e+00
1.366415391430478854e+00
1.379828956732671807e+00
1.386371048069899636e+00
1.392504265084733239e+00
1.407393737164208458e+00
1.396127515467748381e+00
1.449332795095218618e+00
1.485690663145243340e+00
1.495443445603629851e+00
1.502740389470724525e+00
1.503516289141288542e+00
1.464478852386160712e+00
1.410726852055649738e+00
1.270740745042010733e+00
1.128292991278668111e+00
1.064563767339019140e+00
9.932648148288438783e-01
1.028551483498742147e+00
1.085589264466126025e+00
1.116759836932506023e+00
1.117230003584448905e+00
1.098857284276799406e+00
1.075321977825219211e+00
1.055770297513384914e+00
1.081200897790044468e+00
1.119301068282136935e+00
1.224193603433419097e+00
1.266330932726489333e+00
1.268625891807151351e+00
1.262531078892992653e+00
1.254936213830104119e+00
1.242496599078416031e+00
1.251106084092732385e+00
1.270723560703973742e+00
1.307797599668858446e+00
1.341897047571340096e+00
1.363936901502824650e+00
1.395687733837690736e+00
1.406743570649072073e+00
1.417840217306436168e+00
1.472054801714675509e+00
1.517249070064315308e+00
1.544795422401282980e+00
1.528311597843504011e+00
1.440159436619895317e+00
1.343576678551389403e+00
1.318058165809663507e+00
1.330354321783017824e+00
1.326116077082609479e+00
1.350188459438425026e+00
1.372067762066265573e+00
1.436805422892365236e+00
1.529111719408546399e+00
1.629840464676545642e+00
1.723285335477477087e+00
1.821384791463111386e+00
1.949167273633801045e+00
2.088282074990195802e+00
2.268562204632110557e+00
2.514282269362660305e+00
2.601163210155018390e+00
2.524715373036646504e+00
2.375643343621746340e+00
2.251105418969506999e+00
1.974979014307188585e+00
1.451525865654675229e+00
1.520350656195056605e+00
1.424231397689522005e+00
1.321193082177391620e+00
1.284157365343818968e+00
1.263059046321754364e+00
1.236882229095481955e+00
1.222406496995986247e+00
1.220333480716651930e+00
1.212310530281613064e+00
1.189224056918249506e+00
1.169719118430831539e+00
1.163313426787003779e+00
1.111246897697148128e+00
1.128743750834647841e+00
1.250116491490752768e+00
1.300866921509103546e+00
1.334981759112239041e+00
1.409413178796851351e+00
1.401014136437869873e+00
1.458224399163220220e+00
1.532083729424770446e+00
1.654300774049564771e+00
1.766351532459729423e+00
1.791139424795857638e+00
1.800629491138258764e+00
1.815548714213113701e+00
1.818967733356900096e+00
1.808306992782950706e+00
1.787050143916262712e+00
1.769390325879911297e+00
1.808779713297539171e+00
1.819136373374244942e+00
1.678160822335462710e+00
1.494759317626897399e+00
1.395630716447127995e+00
1.340036932718259965e+00
1.369725436711570765e+00
1.378355284189326291e+00
1.375411888579205488e+00
1.375580606303714148e+00
1.395171576179174311e+00
1.439638227594976394e+00
1.557626259852815220e+00
1.649351116002026885e+00
1.729273339812857468e+00
1.815725049157945303e+00
1.873997905876423120e+00
1.905470978942680693e+00
1.860676833015389109e+00
1.817535100788092439e+00
1.777411420896563676e+00
1.725461302819478293e+00
1.658294991081888714e+00
1.577623730833742854e+00
1.449068441459394840e+00
1.283697496275696182e+00
1.265688711735302618e+00
1.276047763095166321e+00
1.294766932092368705e+00
1.297761980635533385e+00
1.284180516484137335e+00
1.259144833937242636e+00
1.247958830553792309e+00
1.238987023164207057e+00
1.230234305081538526e+00
1.220237887223626583e+00
1.192178124479760903e+00
1.115195552689945746e+00
1.037981197793288457e+00
1.027780586512703209e+00
1.031110396414982810e+00
1.031657656346731233e+00
1.051801361761832254e+00
1.075278162980454866e+00
1.091196491736645235e+00
1.105329043100057751e+00
1.119625847099858351e+00
1.154945737518535021e+00
1.166476444216755670e+00
1.203827470641111841e+00
1.251037045860970753e+00
1.306887131989021178e+00
1.374515474161477790e+00
1.447857200233253261e+00
1.456095882581880385e+00
1.480049358921851965e+00
1.520299385408742099e+00
1.552954082331899022e+00
1.572592010801453055e+00
1.573861916501408276e+00
1.562010562429123839e+00
1.545855235585151810e+00
1.384939488769657334e+00
1.240820973079007850e+00
1.152168775565086234e+00
1.144982665312082704e+00
1.124936766180380632e+00
1.073695388093909742e+00
1.033589416526144333e+00
1.067923419119401141e+00
1.102299872203563069e+00
1.069465176402239814e+00
1.038829815521744582e+00
9.603377704514803881e-01
9.127669258960616760e-01
8.558144567907012279e-01
7.951800503481885052e-01
7.848185487028480622e-01
7.856021491065190432e-01
7.864176878188849917e-01
7.782964807046619526e-01
7.918576226294468112e-01
8.112826772789545338e-01
8.488100597635477307e-01
9.141846068081335153e-01
9.791994289355988590e-01
1.046568457945626252e+00
1.124951485345439428e+00
1.215196170643644269e+00
1.299899402141876603e+00
1.383118275995151247e+00
1.478006290429791481e+00
1.585462817543172864e+00
1.640250462876074788e+00
1.640453875737884815e+00
1.745355234300720593e+00
1.857690037591190224e+00
1.931000292364733806e+00
2.052224707898157696e+00
2.104619565461175235e+00
2.055202113507187622e+00
2.025717315367131732e+00
1.996180312821453029e+00
2.042837697431197697e+00
2.057846570449346491e+00
2.060666021364666367e+00
2.021430375385434353e+00
1.977547882972914728e+00
1.893129190072558643e+00
1.822683992739636327e+00
1.751221482596318602e+00
1.522104134513408535e+00
1.423736492584513957e+00
1.264950145646867918e+00
1.143997275127446533e+00
1.055449357637222363e+00
1.079287919431897613e+00
1.116107427000119667e+00
1.130532514925752352e+00
1.084347884227065739e+00
1.049206783328991310e+00
1.023294662770496188e+00
1.008670555061789820e+00
1.013184946117766883e+00
1.016463441569217308e+00
1.021832492982673424e+00
1.052683114873348869e+00
1.091579935515048394e+00
1.123526053878633135e+00
1.140138873803152375e+00
1.141472512390914851e+00
1.167506304633307401e+00
1.193821248557155545e+00
1.224079811620020219e+00
1.252471106672986334e+00
1.278127329976675997e+00
1.300281673321134868e+00
1.348672413843916118e+00
1.384138712575212260e+00
1.412682484715869435e+00
1.449210566803329492e+00
1.484340924604193201e+00
1.517473784538271531e+00
1.550270493321836973e+00
1.526168216588124071e+00
1.523191327877012613e+00
1.549266738505343799e+00
1.562948492191437833e+00
1.567346886606816536e+00
1.544235852437122247e+00
1.538784812697273185e+00
1.421100297613349772e+00
1.386662611582258453e+00
1.376481882685958613e+00
1.423888636430539645e+00
1.494299212619490280e+00
1.522195340859473056e+00
1.529329731003441939e+00
1.449937173034831828e+00
1.362752276783627536e+00
1.258275568058139449e+00
1.153963777912191624e+00
1.121874386233701948e+00
1.099548379177243129e+00
1.087430288555528479e+00
1.090182200982616312e+00
1.095497709544713594e+00
1.102177642519822864e+00
1.118129959215880209e+00
1.133216865993156741e+00
1.156640868779460929e+00
1.180075984033518210e+00
1.202621165231493539e+00
1.229875264386286471e+00
1.232571424372958857e+00
1.225974754777043207e+00
1.219715721228703753e+00
1.214074211071069165e+00
1.209147226182702317e+00
1.204716911367958776e+00
1.200629066769233866e+00
1.198281646387417076e+00
1.195995193504828746e+00
1.193699286131748805e+00
1.191341599766317039e+00
1.188870006391536061e+00
1.186227987135245243e+00
1.183348509619481570e+00
1.180143893995149629e+00
1.176729432511414375e+00
1.173970727359459731e+00
1.171732609760349542e+00
1.164278452308400436e+00
1.141507069483380654e+00
1.107211230763789134e+00
1.064496886039318913e+00
9.990468977103322823e-01
1.028378923847160120e+00
9.609267074636301809e-01
9.616835798412413094e-01
9.671994887243189343e-01
9.715051333249258292e-01
9.803133931828338365e-01
9.938586074416440042e-01
1.006372597056253593e+00
1.018839442919997840e+00
1.029919919679284535e+00
1.039669519651009510e+00
1.045747325754484924e+00
1.021329037371097037e+00
1.004423561007834476e+00
9.886987302488425833e-01
9.847358821201397383e-01
1.002259376377707900e+00
1.013131182011904219e+00
9.745840031089815225e-01
9.707111444572391612e-01
9.801163994303655480e-01
9.933946761618164256e-01
1.010314459120187802e+00
1.037050556586905037e+00
1.043279344805194908e+00
1.044157258469066374e+00
1.066156879050302875e+00
1.114110159875969286e+00
1.164032781912235137e+00
1.209031406718716450e+00
1.205083204636947070e+00
1.224194071053714250e+00
1.288450321879060612e+00
1.300033430312820037e+00
1.292984894081901537e+00
1.283553703852250427e+00
1.273873910457757441e+00
1.265210530269678113e+00
1.259432328795860201e+00
1.236957653848326899e+00
1.212716790991536620e+00
1.197962007074013124e+00
1.182096855843355776e+00
1.164818982016860183e+00
1.137788988916364818e+00
1.123248372418336860e+00
1.105382792557904725e+00
1.092833055531468478e+00
1.081453344134021943e+00
1.071679559851987484e+00
1.115870121665958559e+00
1.140425260405179664e+00
1.165266362111300635e+00
1.210730995871503568e+00
1.272785845850946007e+00
1.298965709376085353e+00
1.316558401459340777e+00
1.333702134690822660e+00
1.353728838215256580e+00
1.375579864053838808e+00
1.365918690681237280e+00
1.361400937066277628e+00
1.362930370909477773e+00
1.367191844526632671e+00
1.362433494293701752e+00
1.362096954073054977e+00
1.328168012297221701e+00
1.384834306406215854e+00
1.453718558263497940e+00
1.528983955175521103e+00
1.610958371109773468e+00
1.596289171118826733e+00
1.633221639827031613e+00
1.672788468868681377e+00
1.713908866247794149e+00
1.764184456290181835e+00
1.784672911641131510e+00
1.696741862731232064e+00
1.595897000871511207e+00
1.551015680781211437e+00
1.574543748714183788e+00
1.595906077935832501e+00
1.566121070143708938e+00
1.495125090496713938e+00
1.413184713666767234e+00
1.379064604587248777e+00
1.370354429844751198e+00
1.289088539580833359e+00
1.162167709615766320e+00
1.118805367023630648e+00
1.079531130547775497e+00
1.032480008740925825e+00
1.020122040918118866e+00
1.009808722945082282e+00
9.926218673215347899e-01
9.770739544806603671e-01
9.656309931058262297e-01
9.550017261936072366e-01
9.462773176969982991e-01
9.466914964156338819e-01
9.367355972513367046e-01
9.200130517626652349e-01
9.386592296660122292e-01
9.531853589085346190e-01
9.672408217860339885e-01
9.694331226483161590e-01
9.715858827566808964e-01
9.736262653153495705e-01
9.754708714754196652e-01
9.767557399068537149e-01
9.769050837236035179e-01
9.962277116651950815e-01
1.023592381383107597e+00
1.044242010419832001e+00
1.062816598657685851e+00
1.079562074077019984e+00
1.092155665554860322e+00
1.100681985350167036e+00
1.102745972992970724e+00
1.103023113673006650e+00
1.106175168502211648e+00
1.147784209080730422e+00
1.176022783378894321e+00
1.208912894790881154e+00
1.247220584194357773e+00
1.281643264475270438e+00
1.285759447758906937e+00
1.183684348699371336e+00
1.127143121656870806e+00
1.133474715464503291e+00
1.170519857387150697e+00
1.246885095854660674e+00
1.324633360939992954e+00
1.391250672771065844e+00
1.480800836633940687e+00
1.529732928841464057e+00
1.596965318799584033e+00
1.617455447202879704e+00
1.598110768230983192e+00
1.558990821946932170e+00
1.550849409755974406e+00
1.543279644462760114e+00
1.546733615193431444e+00
1.570165051396775979e+00
1.591541649347462339e+00
1.571658110045656365e+00
1.540443953606101424e+00
1.509353203628517548e+00
1.506575213001208446e+00
1.509070302434833977e+00
1.519724273436193318e+00
1.534466321993908977e+00
1.556782977295866344e+00
1.587363529351340397e+00
1.621299128889362562e+00
1.650713540173644134e+00
1.683894947587937008e+00
1.716104656847268872e+00
1.726726004462764585e+00
1.740676085063024514e+00
1.747133101474174444e+00
1.716942242592978562e+00
1.707988972745885237e+00
1.730749756497318437e+00
1.749147706419225123e+00
1.773435057947619686e+00
1.804524822845025023e+00
1.809631209818217457e+00
1.806840289834013458e+00
1.807157661351063371e+00
1.815365016598979642e+00
1.818163901100888769e+00
1.804749737537446386e+00
1.789392067147535403e+00
1.772445483705791691e+00
1.754677465986671514e+00
1.736214044644959653e+00
1.680913175677025695e+00
1.637542366275927641e+00
1.580436437626382196e+00
1.514477383389816190e+00
1.434661596383854043e+00
1.352910574888010142e+00
1.302031680686594139e+00
1.282698781590332349e+00
1.287333594785410096e+00
1.286295038561855897e+00
1.291305493990881903e+00
1.309108135921941418e+00
1.314967166294386924e+00
1.319156418340208692e+00
1.316980721150314171e+00
1.303049264083593783e+00
1.274145420234681358e+00
1.249827281286143954e+00
1.231502218123339709e+00
1.220169789980151354e+00
1.197781407468935022e+00
1.192794034876679454e+00
1.191538197190924242e+00
1.204415965461034910e+00
1.217200003824469023e+00
1.260133194306209958e+00
1.318918746931464270e+00
1.363996131589636729e+00
1.404632816553019303e+00
1.438615284109066916e+00
1.435991618654148372e+00
1.423991994031158725e+00
1.418651502376487628e+00
1.426380857444250250e+00
1.413258056888243352e+00
1.389479183436759246e+00
1.360905520190703877e+00
1.334090033223555238e+00
1.311220441681230975e+00
1.284547683173792088e+00
1.252260411170232235e+00
1.258066593005433997e+00
1.300441510475943030e+00
1.356984654508454291e+00
1.397718964270051600e+00
1.419806903438894263e+00
1.447902696444160142e+00
1.475103741173318550e+00
1.501701209117698665e+00
1.502310834588176158e+00
1.512927832432907849e+00
1.525627888163985091e+00
1.541992613992094974e+00
1.520816523228424089e+00
1.514049564755926447e+00
1.514702927869813642e+00
1.513812482060961306e+00
1.529301421728559873e+00
1.544516365946524639e+00
1.559644152983995058e+00
1.560085874642697767e+00
1.546124678764985383e+00
1.548854744750510992e+00
1.555330335819630427e+00
1.558819997544562463e+00
1.562549017635213255e+00
1.573864010210928921e+00
1.585844729253396146e+00
1.616804173201688677e+00
1.639789099594493038e+00
1.636875543265650990e+00
1.635100638376504545e+00
1.634364031277313334e+00
1.634653919958643398e+00
1.618688633392501464e+00
1.587691864481967308e+00
1.550783220983682043e+00
1.518353966907955765e+00
1.491320004844266744e+00
1.476220139651720498e+00
1.464309873346473889e+00
1.455218159740410133e+00
1.450181972487332160e+00
1.448301142834836241e+00
1.431019434165463178e+00
1.413276342952133557e+00
1.395917507983099881e+00
1.383510109364220142e+00
1.371601337032815504e+00
1.361274563106071422e+00
1.332974681929876226e+00
1.303813047291422000e+00
1.299508598038276119e+00
1.298369570238809612e+00
1.297517589302656704e+00
1.296955213192512835e+00
1.280809173145587287e+00
1.261536917284146853e+00
1.245310831109207594e+00
1.282240549391864715e+00
1.325215715599460609e+00
1.383873899232190396e+00
1.414702719401936371e+00
1.428468627974853522e+00
1.434168179925081388e+00
1.447240048124554868e+00
1.473317742725134494e+00
1.513661508171332493e+00
1.536480217062689668e+00
1.552324481769603359e+00
1.555510013919655377e+00
1.556344444499517810e+00
1.557878557594128077e+00
1.553506019609130595e+00
1.524105172051824164e+00
1.501460961139285288e+00
1.481998550451961716e+00
1.472144215185291927e+00
1.433354974537702109e+00
1.388496772932686252e+00
1.348957077592960019e+00
1.306345462186125017e+00
1.255779399578645705e+00
1.213339853197202611e+00
1.194783408030648308e+00
1.196280793336378601e+00
1.187523968576589706e+00
1.177673604300908172e+00
1.167398323033519869e+00
1.152810933029104312e+00
1.140294932153501195e+00
1.133987277339916666e+00
1.127865084082301683e+00
1.121791753473518449e+00
1.125170222619849003e+00
1.125527781698353325e+00
1.127374330918518686e+00
1.129083577954547613e+00
1.130342080657194437e+00
1.131093871462356848e+00
1.132362135284888716e+00
1.137527267851489388e+00
1.105790798695115651e+00
1.067878115584762089e+00
1.060958788278009601e+00
1.074821934167341730e+00
1.074176524105280972e+00
1.068901402006205092e+00
1.045817430013377569e+00
1.030127123528985056e+00
1.017903857049282879e+00
1.007354771088066592e+00
9.974684501419803784e-01
9.906023378853368033e-01
9.889275975435944943e-01
9.864637507578143394e-01
9.757680905984014164e-01
1.139312769866194675e+00
1.283614536591921818e+00
1.284618141441759454e+00
1.348359263097834937e+00
1.375441387041574925e+00
1.385771761289206871e+00
1.387476186991635663e+00
1.388303574113742389e+00
1.391061482262971882e+00
1.377299696159477005e+00
1.352681996222290906e+00
1.276904260580614237e+00
1.145689730230630365e+00
9.686532850072158141e-01
9.856875046567618037e-01
1.002910465336235513e+00
1.020480309704828947e+00
1.031630193625186376e+00
1.035690158617956991e+00
1.037661856240002844e+00
1.049510287916680440e+00
1.064676844916329523e+00
9.919915699863491865e-01
9.489977737804369262e-01
9.502832396206889465e-01
9.496209595383600099e-01
9.442134341408582321e-01
9.367047780809859558e-01
9.270026786838102550e-01
9.148214742381417519e-01
9.134267528681663251e-01
9.178051325185074827e-01
9.255847129517034144e-01
9.270393505111045318e-01
9.502007939214508481e-01
9.732131016769282050e-01
9.925002929281924180e-01
1.013720254687721312e+00
1.035506793373378587e+00
1.057364102095374792e+00
1.079098983965559810e+00
1.109517703212341111e+00
1.148391112152449711e+00
1.175250413794505455e+00
1.200081918939580605e+00
1.224329166321251217e+00
1.246224378981179548e+00
1.275867802584217170e+00
1.308047621497951951e+00
1.343672540815853189e+00
1.369889051568328853e+00
1.396465318665323752e+00
1.411778165480255698e+00
1.466110623203809027e+00
1.474915679472628138e+00
1.491872136426988904e+00
1.513817667585635185e+00
1.548691039361632216e+00
1.569488935719504319e+00
1.610975216322660275e+00
1.671127874080934550e+00
1.719410239599674206e+00
1.779565711159679653e+00
1.862621725807626305e+00
1.966843686197740748e+00
2.035207383509987977e+00
2.114038418498628502e+00
2.188957623544188102e+00
2.247148653833334286e+00
2.243382317781047242e+00
2.234180452682390516e+00
2.183304295986402632e+00
2.085820605278710271e+00
1.991358087163408452e+00
1.893848865088992195e+00
1.817839053028322382e+00
1.764321240777863453e+00
1.645719656285511645e+00
1.532267675826723075e+00
1.478013278981583634e+00
1.447360079167300251e+00
1.476101961615993163e+00
1.538989441015064408e+00
1.589860794666544397e+00
1.629604824807912022e+00
1.653781584992141784e+00
1.504561744824610470e+00
1.385149552042238774e+00
1.390444035761743802e+00
1.387281015707834797e+00
1.389887664558630886e+00
1.385845428775756449e+00
1.384160768482173953e+00
1.390398303958173987e+00
1.396269298270927717e+00
1.400314414882639635e+00
1.388927670815271576e+00
1.369733912759895755e+00
1.345220591301746760e+00
1.314958414478317739e+00
1.284261022946705744e+00
1.289548965775551448e+00
1.286775739376671224e+00
1.291580840422008158e+00
1.320691302318006244e+00
1.381724030313794760e+00
1.388862642504061107e+00
1.302378749997995300e+00
1.193525183364197551e+00
1.082477513987023077e+00
1.030207721345385963e+00
1.090052140726171181e+00
1.159662927208876981e+00
1.160432999440546453e+00
1.162367390617852436e+00
1.172438755172684921e+00
1.188999258022532812e+00
1.213071186760323217e+00
1.243594490138198116e+00
1.273576918764204313e+00
1.292847242543791575e+00
1.291423100562715476e+00
1.292959565068246164e+00
1.289198887059266330e+00
1.287538537063968480e+00
1.291749770715717727e+00
1.300663800859639396e+00
1.296417335309363761e+00
1.287953251654442521e+00
1.291383470070661676e+00
1.197064337937277401e+00
1.116655751255787088e+00
1.002254388321059508e+00
1.005105691892215436e+00
1.006678389240211802e+00
1.003528073936852394e+00
1.002081502572147231e+00
9.876509595466710367e-01
9.764963146548637507e-01
9.691408310502578338e-01
9.658583906062364610e-01
9.650180104011154558e-01
9.684518315468171323e-01
9.748804457918940347e-01
9.811729306447170007e-01
9.872272008834839241e-01
9.832716601297932790e-01
1.001356448979930036e+00
1.023628635693541788e+00
1.044544554062315278e+00
1.066367315467065868e+00
1.089511297551993163e+00
1.103566359158484333e+00
1.118205156519558763e+00
1.124280989421734045e+00
1.113954695216454294e+00
1.109820640937016822e+00
1.114381053056105575e+00
1.122011969812363619e+00
1.143655638661210894e+00
1.163226288963695509e+00
1.188809880754376991e+00
1.216252156763499181e+00
1.249825346842559970e+00
1.282059907491991613e+00
1.287152086910984927e+00
1.293044040099075032e+00
1.299805467280038762e+00
1.307591350450549639e+00
1.316804677484378239e+00
1.327153792822603817e+00
1.338442555290639824e+00
1.351206158394004042e+00
1.356708540848438727e+00
1.365823402949184029e+00
1.355495004704591278e+00
1.319989777342473136e+00
1.233969085901785556e+00
1.213290839849527014e+00
1.203507714415762653e+00
1.218366141665213620e+00
1.241945517784758035e+00
1.256164897223207344e+00
1.240409160268040267e+00
1.243434801071531037e+00
1.220470218318088662e+00
1.201098331148651166e+00
1.169878473867584923e+00
1.158632166909445260e+00
1.149280180889223235e+00
1.138910193319111253e+00
1.125034483643650773e+00
1.106410871048183697e+00
1.100886548261059694e+00
1.088263829109073821e+00
1.082751356058066605e+00
1.069812906331886193e+00
1.051838261867705571e+00
1.043133389143822143e+00
1.052967576283962980e+00
1.066269734079746234e+00
1.081906770598116907e+00
1.097649712893496776e+00
1.114099676889926505e+00
1.131922016269584219e+00
1.151959675337923095e+00
1.175413054562004511e+00
1.178042904411739311e+00
1.176176358536328070e+00
1.174290312333021724e+00
1.172398958735205277e+00
1.170511716842440597e+00
1.168634070351945331e+00
1.166767815122347507e+00
1.162576523678499285e+00
1.158611031752404319e+00
1.154931662603545295e+00
1.151493486370146702e+00
1.148299996973357828e+00
1.179101246967903638e+00
1.199636989642473228e+00
1.212649189154906049e+00
1.230258592913507920e+00
1.259404432644584571e+00
1.284599474684554377e+00
1.305897607916020053e+00
1.335183713744257039e+00
1.343388085254189512e+00
1.345167695727090607e+00
1.354603256777607179e+00
1.366136330328255655e+00
1.366541552479888066e+00
1.376813134186066545e+00
1.408177574969531332e+00
1.437311341954359500e+00
1.464949214447094805e+00
1.491599378166775569e+00
1.514339054291492737e+00
1.530254855564469496e+00
1.540027423745208957e+00
1.541396728843912323e+00
1.573958712244029279e+00
1.613719793844560879e+00
1.625128958460318351e+00
1.611225936975398065e+00
1.580241675876269181e+00
1.535791263673784268e+00
1.516743782434447407e+00
1.519107817104625946e+00
1.509766276969175314e+00
1.502749400502194632e+00
1.514388830233497352e+00
1.541480176325621620e+00
1.578810146313400775e+00
1.578001271935765448e+00
1.514019238465934336e+00
1.415101897073153037e+00
1.302836711759192800e+00
1.264520759412563811e+00
1.253974728617994305e+00
1.259724656755250027e+00
1.267596500457242925e+00
1.277041288350426740e+00
1.285512019127200700e+00
1.291008858357693301e+00
1.294898814365279316e+00
1.298249531945175228e+00
1.301849501814742904e+00
1.307748284624465240e+00
1.312917818182063323e+00
1.317493945684200751e+00
1.321562241593023712e+00
1.325158452661652886e+00
1.328258087728757308e+00
