# players: 2 
# game: kuhn_poker 
# regret_matching_plus: False 
# alternating_updates: False 
# linear_averaging: False 
# print_freq: 1 
# 
4.583333333333332593e-01
3.125000000000000000e-01
2.708333333333333148e-01
2.326388888888888951e-01
1.885732323232323093e-01
1.512079803410447953e-01
1.242211971983979979e-01
1.086935475485983349e-01
9.837962962962962243e-02
9.620850020140503389e-02
9.061883856693389583e-02
8.306726868635608274e-02
7.667747878740555079e-02
7.120051601687660270e-02
6.936355255279541554e-02
6.907935398446699016e-02
6.501586257361594012e-02
6.140387020841506227e-02
6.494567678683574319e-02
6.628137899841562986e-02
6.479008558269641616e-02
6.272069431973509301e-02
5.999370761018132936e-02
5.726580598432060021e-02
5.658745085813940423e-02
5.603295214542433622e-02
5.490358984300175438e-02
5.324743363031583798e-02
5.141131522927044895e-02
5.369678432439697890e-02
5.220187489927191615e-02
5.051499778618456782e-02
5.167456262728348237e-02
5.104672641343066530e-02
4.849500122358091359e-02
4.516309919563796238e-02
4.514182307029415697e-02
4.508791986309390598e-02
4.452262175493490459e-02
4.361463292832426508e-02
4.255086139348707164e-02
4.153774564602308317e-02
4.057175156123185578e-02
3.964966629847660462e-02
3.835478368446976205e-02
3.703553089364269857e-02
3.710841428652503216e-02
3.696862733797878775e-02
3.586032756784793274e-02
3.621824674735166227e-02
3.670176768168495474e-02
3.649695421350482305e-02
3.580833243589148784e-02
3.514521516856014549e-02
3.450621125640454534e-02
3.389002891254014327e-02
3.329641320034212870e-02
3.396333324638561857e-02
3.405941364041409347e-02
3.344599734426317861e-02
3.338963210863993281e-02
3.365423894954364115e-02
3.376351386670117805e-02
3.372912608077174856e-02
3.354164635448553256e-02
3.316123318281236076e-02
3.233622572146543916e-02
3.106445893357173693e-02
3.181103483938627075e-02
3.221326055150855461e-02
3.223239300822505760e-02
3.178472088311087851e-02
3.118066445269701559e-02
3.043195167632001263e-02
2.958769353542711755e-02
2.900684087999880201e-02
2.909699859913178477e-02
2.909033165692481715e-02
2.897739555916797882e-02
2.873346748828231600e-02
2.837873332176035768e-02
2.876057105578697093e-02
2.944092562951330927e-02
2.913546279768042258e-02
2.822963606544259818e-02
2.879106507012155203e-02
2.904174380820501167e-02
2.888427350436856278e-02
2.824872940120451426e-02
2.727073692718964826e-02
2.690723439106743053e-02
2.651471519799208920e-02
2.644411034250807035e-02
2.657019912998673239e-02
2.662801012128096501e-02
2.661426035681724311e-02
2.651957658730574874e-02
2.632378668418722256e-02
2.605788984899334859e-02
2.567473584694784927e-02
2.520571764949461335e-02
2.467507446043296082e-02
2.409494398469574916e-02
2.413676135675657530e-02
2.426025389108515951e-02
2.432816404219237394e-02
2.433767287627136566e-02
2.428188402925804401e-02
2.414703454751107592e-02
2.392751605162454775e-02
2.371195284395224978e-02
2.350023897927411287e-02
2.329227226264340977e-02
2.308795408490085799e-02
2.264119052622143302e-02
2.195519609553975293e-02
2.206995633696165471e-02
2.248456762052269964e-02
2.273027500575652837e-02
2.277525998372137428e-02
2.258703469459974467e-02
2.240189506595544056e-02
2.221976583777690584e-02
2.204057417779484163e-02
2.186424958437252486e-02
2.169072379402042783e-02
2.151993069328003716e-02
2.117890663694907416e-02
2.054690235830400336e-02
2.070265657389841474e-02
2.111134317962679030e-02
2.165196152155124398e-02
2.190627872207523419e-02
2.200950382802790983e-02
2.206145307605344996e-02
2.205004453634049066e-02
2.188397490036367299e-02
2.157268393945141471e-02
2.121932346651189683e-02
2.083128106408435598e-02
2.041275131878436677e-02
2.042615311536419287e-02
2.031039545613361197e-02
1.999999945760161379e-02
1.987741581022903214e-02
2.040925029211668185e-02
2.077738697111727872e-02
2.095859410721248595e-02
2.098529592592468518e-02
2.084539395308510068e-02
2.025862174782946945e-02
2.069118181717616300e-02
2.115926390899053322e-02
2.131684059606364645e-02
2.117931259221811358e-02
2.081997723429734881e-02
2.031203065573469746e-02
2.063540480413261768e-02
2.096244789107132300e-02
2.117677205510470895e-02
2.126138614774292224e-02
2.109675321559698058e-02
2.083367186538206961e-02
2.052850552494550618e-02
2.018875404268263840e-02
1.981812205288827067e-02
1.963841413766981292e-02
1.970275782694494437e-02
1.972825508083092538e-02
1.970910620934532287e-02
1.963392206928959993e-02
1.951977135958440912e-02
1.935814700053087312e-02
1.914861181011223712e-02
1.890354760253060151e-02
1.862971047570427530e-02
1.833108637206115610e-02
1.817830141781703879e-02
1.830065355828952578e-02
1.837146023502495007e-02
1.836957107181444449e-02
1.830531148862793445e-02
1.818267775254761576e-02
1.800121739516186148e-02
1.775566573388118186e-02
1.745859361784110608e-02
1.754610537619530342e-02
1.765639761167711597e-02
1.774537188417341094e-02
1.781257599377281120e-02
1.785696405477960047e-02
1.787672437634232891e-02
1.786895186586823225e-02
1.782901925736976589e-02
1.774928218227309062e-02
1.765872462011866539e-02
1.756908642407747911e-02
1.748035366435984894e-02
1.739251269117214616e-02
1.730555012771631263e-02
1.721945286339929271e-02
1.713420804724383184e-02
1.694470084475285798e-02
1.664176769178785098e-02
1.625913071831380785e-02
1.618159170678809544e-02
1.647677198767563689e-02
1.670456271551709615e-02
1.686015452201641840e-02
1.693147462025454408e-02
1.689249039912199546e-02
1.681280884063560133e-02
1.673387546579693796e-02
1.665567978605020372e-02
1.657821150797550436e-02
1.650146052877196623e-02
1.642541693186513885e-02
1.633506300696910274e-02
1.608370937117123423e-02
1.573826600675470866e-02
1.575618390179664430e-02
1.602048350090046203e-02
1.621123969169574464e-02
1.627813796162028148e-02
1.619774552252781219e-02
1.601081437392912199e-02
1.604840924990275086e-02
1.617921663264162979e-02
1.628655213125163037e-02
1.637087727332178777e-02
1.643164859865633987e-02
1.646717674668429776e-02
1.647416932945594548e-02
1.644665030535638617e-02
1.637666455937616949e-02
1.630727191293809830e-02
1.617296968786924305e-02
1.594398166651195270e-02
1.563835115861711422e-02
1.524250221301928776e-02
1.526984550110302430e-02
1.541972575012406921e-02
1.550016638797299673e-02
1.550976428568581755e-02
1.544209508864760605e-02
1.530375677430864667e-02
1.540209620388244272e-02
1.548467309115525437e-02
1.555123800359584085e-02
1.560114017680813703e-02
1.563323119293014152e-02
1.564568083447651081e-02
1.563563315114541163e-02
1.559853252745760366e-02
1.553736181166356922e-02
1.547666899208677282e-02
1.541644849017212437e-02
1.535669481385357193e-02
1.513589937059978130e-02
1.474035251404520741e-02
1.501686211790417835e-02
1.534422144403110866e-02
1.554812183867435027e-02
1.559375478801858228e-02
1.553491043032795282e-02
1.538817934231129225e-02
1.515729613928021302e-02
1.486598731325769474e-02
1.499611723166413557e-02
1.517198182061527123e-02
1.526891131112051436e-02
1.528841296559138585e-02
1.522367969410773347e-02
1.505511194470721126e-02
1.483187886391001964e-02
1.475518764482688927e-02
1.475149346888079971e-02
1.471147632551542128e-02
1.463579223478764235e-02
1.452290282605209204e-02
1.436835005881298422e-02
1.422261629113194537e-02
1.431784876219716063e-02
1.440031981933628802e-02
1.446996334848249521e-02
1.452645060605467497e-02
1.456914844960477406e-02
1.459703734615408477e-02
1.460856461260701122e-02
1.460138023854792855e-02
1.457183559106511872e-02
1.452193204452045805e-02
1.445199547962519593e-02
1.436142901764939084e-02
1.425431219391726234e-02
1.413329900688523044e-02
1.400021396608411295e-02
1.385635367057636014e-02
1.370265392639657964e-02
1.353978814338935299e-02
1.336822728091532908e-02
1.339757403498464949e-02
1.348373016056389484e-02
1.355987658055349265e-02
1.362592030319748071e-02
1.368162226105840151e-02
1.372657547139080614e-02
1.376016747956346209e-02
1.378151929870352621e-02
1.378938620980496577e-02
1.378199193448176318e-02
1.375673703783103496e-02
1.371278580128840185e-02
1.366911450892763225e-02
1.362572049461358015e-02
1.358260112595974234e-02
1.347870281800325754e-02
1.331478693067364438e-02
1.310645524082204583e-02
1.286148089497857194e-02
1.274936715111521512e-02
1.295835126683836380e-02
1.313384715656407131e-02
1.327466242595529144e-02
1.337777943304077621e-02
1.343750821299993792e-02
1.344346335994811570e-02
1.340247719116785530e-02
1.336174017842875483e-02
1.332125005667597617e-02
1.328100458822675800e-02
1.324100156235857861e-02
1.320123879490403551e-02
1.316171412785341333e-02
1.312242542896432940e-02
1.308337059137815173e-02
1.304454753324349459e-02
1.296330515194160649e-02
1.280990750636121223e-02
1.260696048225420918e-02
1.236397607183437053e-02
1.255827942158030397e-02
1.272951350711198915e-02
1.284693286422614045e-02
1.289530843009709105e-02
1.287283570941252786e-02
1.276536388905799568e-02
1.268644484829989372e-02
1.278524323459090395e-02
1.287130545817502525e-02
1.294497329719065948e-02
1.300621913319513490e-02
1.305463927708416794e-02
1.308938599219247600e-02
1.310901223853658260e-02
1.311115866140855069e-02
1.309190163659182393e-02
1.305533207894768455e-02
1.301896625142970332e-02
1.298280245628691265e-02
1.292715959698026440e-02
1.283390881114440663e-02
1.266885457398331249e-02
1.245103114078499607e-02
1.219022688776227881e-02
1.189208839548352992e-02
1.168230392171845655e-02
1.177051403340306779e-02
1.182464992223852818e-02
1.203602900941275200e-02
1.224336062961792204e-02
1.240978307502960121e-02
1.252941961387643577e-02
1.259190296805204334e-02
1.262396049199548953e-02
1.264563347273586769e-02
1.265582202212225948e-02
1.265293997391656045e-02
1.263463634901337840e-02
1.260138730598964196e-02
1.256831279862485884e-02
1.253541145622003028e-02
1.249453155780683167e-02
1.231475690829145209e-02
1.205335888011976886e-02
1.205206132531991270e-02
1.231454641548582196e-02
1.251560716404684359e-02
1.264817554383201870e-02
1.269463281226554385e-02
1.264745373783290883e-02
1.253645293156196994e-02
1.238262625690161878e-02
1.219513374340150391e-02
1.212617470631816019e-02
1.230323821514023308e-02
1.245185081386895876e-02
1.256667560579144416e-02
1.262600508935851629e-02
1.263115355763946845e-02
1.257608946750327084e-02
1.247372383665903972e-02
1.236107517719542415e-02
1.223895558743873235e-02
1.210783633413237137e-02
1.202766338305077953e-02
1.208350217973847007e-02
1.212919574566023728e-02
1.216416213350399178e-02
1.218743860434584603e-02
1.219541089182296645e-02
1.217011485775471025e-02
1.211154349207119174e-02
1.203731016454948066e-02
1.195351957875953608e-02
1.186129770934796213e-02
1.176144982294130559e-02
1.165455692098024687e-02
1.154103346144302877e-02
1.142116275891133514e-02
1.149143730400273289e-02
1.155630219067849129e-02
1.161411998730482731e-02
1.165507696337589327e-02
1.167614790489404641e-02
1.167914490854357612e-02
1.166506830921057447e-02
1.163430893404801547e-02
1.158670963992364245e-02
1.152151964591371924e-02
1.143722085382123388e-02
1.133572103643523676e-02
1.122905224834819249e-02
1.111742115090508243e-02
1.101450356876770842e-02
1.108443653064475343e-02
1.114881860734504015e-02
1.120765296509637632e-02
1.126089429464049996e-02
1.130844584141765807e-02
1.135015384612425571e-02
1.138579874825870752e-02
1.141508204783883706e-02
1.143760700082607773e-02
1.145285011516450346e-02
1.146011826753431939e-02
1.145848222699441532e-02
1.144666930076751465e-02
1.142288042175218510e-02
1.139749624303720843e-02
1.137222463274226159e-02
1.134706484373171342e-02
1.132201613546740537e-02
1.129707777393559875e-02
1.127224903157525437e-02
1.124752918720778316e-02
1.122291752596660253e-02
1.119841333922869109e-02
1.117401592454622672e-02
1.114972458557983437e-02
1.112553863203197269e-02
1.105435410235355853e-02
1.095024909666178492e-02
1.082029707215537151e-02
1.066851503550739211e-02
1.049730492532713333e-02
1.043615674953829453e-02
1.058543509226464452e-02
1.071595589667417858e-02
1.082725377909080078e-02
1.091821584627547526e-02
1.098688541143427733e-02
1.103005870636747376e-02
1.104245410538320926e-02
1.101920683358245667e-02
1.099605723939425794e-02
1.097300470849402187e-02
1.095004863169804499e-02
1.092718840490947141e-02
1.090442342906594586e-02
1.088175311008660051e-02
1.085917685882084593e-02
1.083669409099724534e-02
1.081430422717286066e-02
1.079200669268381985e-02
1.076980091759599523e-02
1.072034736315374825e-02
1.062747003012190494e-02
1.050348343729817779e-02
1.035425697806499623e-02
1.021517431257626396e-02
1.035405159006139164e-02
1.045464955812169805e-02
1.052030886612589922e-02
1.055153359823907122e-02
1.054635612499507658e-02
1.049956369965387992e-02
1.055507408858574747e-02
1.062179212764913228e-02
1.068112949292063241e-02
1.073312206409374192e-02
1.077764853770060705e-02
1.081441605809163597e-02
1.084292441011830421e-02
1.086239845652181568e-02
1.087166601293368395e-02
1.086096456475493799e-02
1.082387941511167573e-02
1.077370289750828602e-02
1.071563152605575775e-02
1.065065799599571039e-02
1.057950438239493862e-02
1.050270666516120444e-02
1.041968305475990397e-02
1.029289612066888737e-02
1.013351343322058118e-02
9.947413747547872998e-03
9.843491673326904001e-03
9.773400909614760046e-03
9.682879656569526317e-03
9.813374003208225060e-03
1.000237189019623218e-02
1.017031490280079220e-02
1.031644788100569143e-02
1.043944321502743300e-02
1.053722529228059979e-02
1.060664501934724391e-02
1.064286265238345575e-02
1.063808094283677508e-02
1.061800909200122378e-02
1.059801284135716837e-02
1.057809176458771039e-02
1.055824543857533659e-02
1.053847344337202618e-02
1.051877536216944131e-02
1.045115032216464845e-02
1.031717942892851347e-02
1.013661774399660098e-02
9.966101257508325206e-03
1.017550235587802443e-02
1.034929775972268096e-02
1.048581157965150501e-02
1.058038619234816236e-02
1.062345334661543572e-02
1.060396077166747553e-02
1.057516525405469143e-02
1.050640502243169183e-02
1.040959969917612526e-02
1.029052175631400834e-02
1.015234592290453763e-02
1.012355427136513164e-02
1.025333606227224470e-02
1.036579242284074720e-02
1.046048210827207892e-02
1.052284197387173825e-02
1.055197819458655872e-02
1.054670891636094732e-02
1.050222266798261916e-02
1.043254610683941319e-02
1.035640481311111971e-02
1.027424938772356078e-02
1.018636748175710816e-02
1.009291562137520915e-02
1.010186395380066604e-02
1.014458566895626301e-02
1.018099872017050322e-02
1.021077905247624873e-02
1.023342848406164074e-02
1.024821163660069590e-02
1.025241543015559254e-02
1.023512734693793336e-02
1.019588330028131651e-02
1.014931025440832246e-02
1.009638663899570243e-02
1.003782066621999869e-02
9.974139283977223602e-03
9.905740298087717388e-03
9.832925214647930678e-03
9.755920616511565280e-03
9.674892308919352812e-03
9.614600912875664873e-03
9.668964710582650390e-03
9.719023279269434212e-03
9.764764258449271095e-03
9.806132897029917750e-03
9.843028782457685644e-03
9.866962459064071433e-03
9.878602223280352757e-03
9.878731958807840385e-03
9.867755847414894088e-03
9.845760727419244906e-03
9.812523868555772522e-03
9.767470033095471127e-03
9.709560838806002847e-03
9.643832147831377100e-03
9.574699345376885828e-03
9.502312590810302328e-03
9.426790324864153803e-03
9.348223546789991012e-03
9.266678849058795908e-03
9.309178758332509185e-03
9.360006409958460116e-03
9.407467741665620498e-03
9.451547011105565499e-03
9.492207038167194133e-03
9.529387695026592109e-03
9.563003545521031601e-03
9.592940436665559067e-03
9.619050737409151619e-03
9.641146760619834222e-03
9.658991658582138928e-03
9.672286687684550355e-03
9.680653079258333404e-03
9.683605607591544429e-03
9.680512857687062489e-03
9.670535177416450523e-03
9.654861700629652210e-03
9.639238947068806684e-03
9.623666670902308873e-03
9.608144627884701583e-03
9.592672575343852426e-03
9.577250272168019718e-03
9.561877478793778806e-03
9.546553957193171236e-03
9.531279470861603320e-03
9.516053784806022264e-03
9.477260011985150223e-03
9.415162183677994179e-03
9.334747551636657370e-03
9.238981809538110435e-03
9.129748427855938209e-03
9.008272174290732348e-03
8.875332374379735212e-03
8.959844724141241556e-03
9.067149167268334642e-03
9.162699121457201779e-03
9.246150495016619564e-03
9.316854800018453675e-03
9.373775951962037833e-03
9.415338036804637989e-03
9.439145876448146177e-03
9.441442154566992428e-03
9.426758729754347588e-03
9.412120905639809187e-03
9.397528470127203271e-03
9.382981212433472162e-03
9.368478923078904508e-03
9.354021393876560397e-03
9.339608417923001005e-03
9.325239789587713712e-03
9.310915304503869505e-03
9.296634759558330963e-03
9.282397952882104342e-03
9.268204683841013702e-03
9.251087344609054686e-03
9.200237304601843746e-03
9.125848604208758319e-03
9.032876643662479665e-03
8.924078909875010623e-03
8.801050017319206331e-03
8.860953091091194889e-03
8.962980270468295929e-03
9.051058813397183656e-03
9.124552393329765643e-03
9.175402687196076990e-03
9.197803284527600320e-03
9.190453055688607709e-03
9.148582868654164812e-03
9.096153430318193456e-03
9.038336740923358370e-03
8.975560199884519141e-03
9.007363844879406889e-03
9.059114584002520010e-03
9.106117700157706496e-03
9.148396860502117089e-03
9.185899326375618346e-03
9.218491280116120068e-03
9.245945804614075225e-03
9.267921020675223831e-03
9.283923270432481445e-03
9.293245275348888113e-03
9.294858672165950964e-03
9.287215504853396641e-03
9.273637704407811100e-03
9.260099547174993617e-03
9.246600859788456361e-03
9.233141469890654429e-03
9.200832239119299816e-03
9.140986991884064716e-03
9.057844992551328245e-03
8.955124443121048605e-03
8.835306929514064045e-03
8.700106405584162594e-03
8.550718517060074131e-03
8.434401873235963798e-03
8.498195543683167985e-03
8.548727424333324443e-03
8.586039577395981892e-03
8.609938236580655380e-03
8.619966941114221015e-03
8.618414528990092638e-03
8.716652484910047960e-03
8.796890734846768423e-03
8.856356853326918799e-03
8.891942896803256557e-03
8.924187752552270592e-03
8.952989761397689428e-03
8.978210911361667046e-03
8.999669620799344294e-03
9.017130376944043624e-03
9.030288751653153811e-03
9.038749334073975517e-03
9.041992328975706483e-03
9.039321114326620554e-03
9.029775930057798439e-03
9.017164511161190887e-03
9.004588270559804597e-03
8.992047061269298203e-03
8.979540737122898575e-03
8.967069152765738682e-03
8.954632163649639542e-03
8.901127269106967610e-03
8.806847284677538079e-03
8.682248612937482068e-03
8.532400962063785288e-03
8.527284582195510110e-03
8.676809641149418884e-03
8.803714026602710296e-03
8.906786507943520448e-03
8.983377244593748756e-03
9.028596450118248073e-03
9.033338325571460548e-03
9.021014535222804387e-03
8.980328761035799578e-03
8.919420163332192342e-03
8.842508001766447023e-03
8.752028884116858087e-03
8.649465853755922140e-03
8.598779728870575845e-03
8.699448474724896796e-03
8.778635593741423992e-03
8.838466128649163922e-03
8.879872758668277966e-03
8.902879398901608621e-03
8.906647747407542282e-03
8.889274781885642129e-03
8.847218883308194393e-03
8.786985521313933623e-03
8.722963967045971323e-03
8.655238195131087497e-03
8.654823172737996506e-03
8.690430955340777697e-03
8.721721330584603082e-03
8.741365526651501128e-03
8.750438292104867344e-03
8.749508060662603004e-03
8.738759835377474250e-03
8.718025106571575256e-03
8.686736571696079823e-03
8.643784289289607736e-03
8.594441389610685267e-03
8.542131681003262145e-03
8.486994133544784047e-03
8.429135794445569152e-03
8.368636471281359901e-03
8.324933446446053376e-03
8.367920742298390335e-03
8.408086959772270719e-03
8.445425958807151190e-03
8.479910830152648238e-03
8.511492696250233525e-03
8.540098601469231498e-03
8.565628292939275745e-03
8.587949567033459353e-03
8.606891668570537668e-03
8.617910099046360850e-03
8.619901802178447925e-03
8.613186826719465561e-03
8.597808967261671986e-03
8.573540657172945556e-03
8.539839939422838588e-03
8.501139389229889209e-03
8.459696085921952768e-03
8.415681427857757413e-03
8.369237139139590331e-03
8.320480662097479163e-03
8.269509177380146570e-03
8.216402630921354477e-03
8.161226023550433029e-03
8.104031138616130114e-03
8.044857829038271069e-03
8.006116164852916661e-03
8.048120143541309668e-03
8.087936889897090476e-03
8.125566014835133855e-03
8.160997145231635441e-03
8.194209576788319405e-03
8.225171666752156829e-03
8.253839931031625721e-03
8.280157790788861272e-03
8.304053887987355997e-03
8.325439854108412918e-03
8.344207365935635279e-03
8.360224248282005499e-03
8.373329271510382421e-03
8.383325117276602123e-03
8.389968705975414665e-03
8.392957614772655894e-03
8.391910514287920231e-03
8.386338109994034840e-03
8.375997372497140381e-03
8.365682104797045326e-03
8.355392212909207306e-03
8.345127603311075504e-03
8.334888182938843260e-03
8.324673859185255376e-03
8.314484539896166426e-03
8.304320133368126022e-03
8.294180548345769788e-03
8.284065694018516446e-03
8.273975480018458395e-03
8.252922322639022479e-03
8.214706016297729230e-03
8.162947962603389618e-03
8.099872309064393150e-03
8.026940747327737657e-03
7.945149895676739682e-03
7.855186933270141836e-03
7.757516855703167069e-03
7.728955892752076284e-03
7.817077508394637553e-03
7.897473551978229089e-03
7.970038309896065876e-03
8.034529283904717767e-03
8.090545332132187406e-03
8.137487369313523011e-03
8.174492136454963864e-03
8.200320200042715557e-03
8.213159103020367668e-03
8.210253748830609322e-03
8.200491259236275532e-03
8.190751958453285075e-03
8.181035763959260132e-03
8.171342593622843431e-03
8.161672365701366783e-03
8.152024998838880432e-03
8.142400412063405257e-03
8.132798524784962124e-03
8.123219256793434706e-03
8.113662528256071482e-03
8.104128259715320803e-03
8.094616372086471667e-03
8.085126786656127162e-03
8.075659425079262377e-03
8.066214209377392530e-03
8.056791061936519061e-03
8.028268935447002708e-03
7.981720771576050755e-03
7.921105952911372539e-03
7.848698477578630595e-03
7.765893584712829645e-03
7.673556170374629115e-03
7.678298711178310754e-03
7.760904059089274165e-03
7.828207867020930966e-03
7.878947667113278541e-03
7.913886079361498460e-03
7.932974266863346280e-03
7.935385264411398687e-03
7.919312237538861377e-03
7.881404950309534030e-03
7.833514538327424059e-03
7.850447756829886936e-03
7.891606524521199706e-03
7.929544952994943552e-03
7.964278975846394992e-03
7.995784106700515315e-03
8.023993756397534982e-03
8.048794656837027217e-03
8.070018674764783961e-03
8.087429607518598074e-03
8.100702396980380415e-03
8.109390064863664094e-03
8.112869404492989434e-03
8.110247188336749957e-03
8.095656318600291668e-03
8.076183059549879584e-03
8.052517566883493627e-03
8.025167699623636519e-03
7.994518799477712268e-03
7.960869940685233459e-03
7.924457077266772176e-03
7.885468435050196900e-03
7.833859218234873190e-03
7.765088921347973461e-03
7.682229716077931814e-03
7.587236475552733284e-03
7.481429123903787781e-03
7.365728087944195535e-03
7.261111568654499138e-03
7.219835425432280518e-03
7.169850852034170829e-03
7.258999094084617187e-03
7.376176471516782129e-03
7.484387377638734851e-03
7.583455574359909690e-03
7.673079091416762365e-03
7.752808858653759128e-03
7.822013472516126109e-03
7.879822851257961558e-03
7.925037098641174449e-03
7.955973544632344296e-03
7.970194437668276510e-03
7.971522872157937867e-03
7.968495518372253894e-03
7.960436706892393133e-03
7.951755750832512071e-03
7.943093707530962666e-03
7.934450515248575586e-03
7.925826112514605670e-03
7.917220438125316395e-03
7.908633431142536585e-03
7.875523722818522643e-03
7.812229866256931166e-03
7.726379545711620223e-03
7.621915679496715779e-03
7.501044134601342339e-03
7.514486984578877538e-03
7.632647577522522209e-03
7.735448338151457159e-03
7.822232470909185054e-03
7.891639512443232585e-03
7.941310188147809868e-03
7.967247546847577855e-03
7.962341083673607489e-03
7.943778470683005022e-03
7.908131690929520730e-03
7.859358498463864251e-03
7.799740059851401064e-03
7.730701201149076107e-03
7.653163304164906089e-03
7.567717338262586191e-03
7.616917712844673005e-03
7.692919786887075784e-03
7.761136597585122088e-03
7.821382878410915174e-03
7.873167157885219147e-03
7.908750063464198288e-03
7.928699687729939827e-03
7.932554734403213237e-03
7.918775464302307832e-03
7.884774461848237381e-03
7.847467619655296156e-03
7.807101627503976182e-03
7.763857988980216174e-03
7.717867522465116092e-03
7.669219633224144683e-03
7.617968095721350252e-03
7.599602031915647649e-03
7.629944872298954905e-03
7.657473679649640097e-03
7.682113327522083202e-03
7.703749743719123799e-03
7.722222261600714122e-03
7.737311802847507414e-03
7.748722710666067215e-03
7.756054318666744107e-03
7.758754904359316251e-03
7.755140925388898099e-03
7.741260426323226529e-03
7.723188695756166844e-03
7.701483582080115298e-03
7.676561975156648288e-03
7.648744063406903715e-03
7.618280832433182992e-03
7.585371968242077267e-03
7.550177952945408277e-03
7.512828480082167637e-03
7.473428443856566794e-03
7.432062272054951180e-03
7.388797090571580517e-03
7.343685036634434171e-03
7.296764930218607725e-03
7.284775707184332205e-03
7.318873215351073824e-03
7.349273677147771799e-03
7.373947553482140815e-03
7.393348165256746762e-03
7.407809995708641848e-03
7.417578746954256452e-03
7.422830112678385772e-03
7.423681464749809500e-03
7.420198702326269435e-03
7.412399439682221258e-03
7.400253037357612529e-03
7.383677468418808898e-03
7.362532499716994971e-03
7.336608001789257649e-03
7.305605150324523400e-03
7.269106408563791311e-03
