# players: 2 
# game: kuhn_poker 
# print_freq: 5000 
# 
4.583333333333332593e-01
1.797848754258035697e-04
1.133244578685188575e-04
8.702177604261174260e-05
7.213354482252243294e-05
4.605019340520044580e-05
4.836664398294443501e-05
4.128280692278218922e-05
3.324362580092721231e-05
3.838425257415845060e-05
3.515400112050204307e-05
2.571007022739157932e-05
2.907033982027518171e-05
2.622809036498252588e-05
2.233391666936479503e-05
2.105162819665551410e-05
2.466637438713892294e-05
2.281768035106157555e-05
1.805222158099417662e-05
2.132680758157312617e-05
1.731053984571628845e-05
1.733266518730292027e-05
1.473124121384450369e-05
1.634822761525933643e-05
1.811109520000186990e-05
1.460599700481290952e-05
1.303948592576431587e-05
1.448677946797038985e-05
1.585315487692695591e-05
1.306076013266044278e-05
1.209961363127232126e-05
1.146135706614481720e-05
1.176186534268541806e-05
1.376559350058093045e-05
1.080830938171573052e-05
1.207162223693103442e-05
1.259380899834572354e-05
1.249013132811893634e-05
1.019008625746664620e-05
1.003554397219219574e-05
1.115983590127545000e-05
1.072753611758292536e-05
8.933296397062306937e-06
8.827418287976618316e-06
8.894745473470022645e-06
8.698398213879965368e-06
1.016423496089102763e-05
9.595648200605433331e-06
9.014621602493333441e-06
8.701687798623458647e-06
9.790006197107903319e-06
9.058206738354890319e-06
8.565619878830865730e-06
8.454166514099137331e-06
9.008186900832937383e-06
9.044500490051898822e-06
7.408040135020721451e-06
8.231407119779765580e-06
7.414439452124721441e-06
8.448026436957967178e-06
7.094826067699511185e-06
7.148487684960347366e-06
8.149704627480325314e-06
8.361721933969334941e-06
8.214203681494725018e-06
8.028797948061994205e-06
7.266453624477087203e-06
6.165698665128171996e-06
7.142451196595622775e-06
7.344585018886906624e-06
6.055040139646417074e-06
7.499664924748294936e-06
6.209725534389587409e-06
6.484072907070315139e-06
7.070594081087788751e-06
6.511208462900430760e-06
5.647239934264414174e-06
5.849447053563050503e-06
5.731261441099810838e-06
5.518570257906363352e-06
5.381297140255592026e-06
5.533158341897159715e-06
6.231230342046423232e-06
6.669213746146596122e-06
5.428643340382732774e-06
5.797309767990865836e-06
6.131398934350329455e-06
5.464088890932972120e-06
6.083963742020692678e-06
5.377726279953698452e-06
5.212584840819101117e-06
6.020330870382117894e-06
5.354626447601207317e-06
5.020134518113339439e-06
5.221241566322198935e-06
5.488508717177431606e-06
5.879534186403745366e-06
5.701559114196230738e-06
5.732461871049698843e-06
5.679894423793463432e-06
5.261779143700406891e-06
4.730561070948047231e-06
4.571417854259962610e-06
5.124551500645946334e-06
5.526092823421313582e-06
4.716294025569611748e-06
4.850460928684796613e-06
5.187081380003677467e-06
4.537791941816582408e-06
5.213386208902104357e-06
4.431100364937767822e-06
5.138218070771527479e-06
4.549197216457967485e-06
4.356063348531780122e-06
5.171068562626057741e-06
4.694023459012042210e-06
4.247009821267688778e-06
4.550227680699681088e-06
4.908431786104783257e-06
4.843421419153948193e-06
4.685949530569555321e-06
4.602162838152068502e-06
4.298830604793080212e-06
4.400730814313469352e-06
4.336062931931117248e-06
4.607551120583419646e-06
4.596788082039671153e-06
4.692322031152329487e-06
4.425087630294255447e-06
3.925350870292998451e-06
3.928670750358298491e-06
4.436073112568106325e-06
4.225966980270223772e-06
3.697326096979702825e-06
4.346277394512432224e-06
4.114349321432397844e-06
3.981194949265187688e-06
4.307872443348736979e-06
3.659014400969606839e-06
4.390687334182574730e-06
3.666918483136161200e-06
4.136110661023817414e-06
3.949433230732157796e-06
3.686801180180498960e-06
4.179879468907410356e-06
3.816413269769336480e-06
3.602222568260815549e-06
4.026314953664567042e-06
4.058204053442038273e-06
3.625812230206859610e-06
3.370171531846821722e-06
3.469330501548739676e-06
3.724589767717390032e-06
3.906662047220565981e-06
3.970625207350142460e-06
4.002990041107601371e-06
4.041125728271310891e-06
3.976786679460442286e-06
3.875140126202714086e-06
3.972393205542434913e-06
3.896687529592046673e-06
3.707240950695522841e-06
3.515807152354444298e-06
3.223612342506676498e-06
3.262285913435691853e-06
3.589935434616942089e-06
3.740330189572205200e-06
3.532046706472558029e-06
3.211852064644027394e-06
3.446004874729791112e-06
3.643808497183487205e-06
3.103867202536303438e-06
3.380098356486893607e-06
3.605233529435647455e-06
3.082053938757711720e-06
3.633917230599914561e-06
3.093597653464064123e-06
3.413935871110496123e-06
3.119460691897169013e-06
3.391333981250799212e-06
3.161235102633330740e-06
3.507637716865241728e-06
2.909644121806831407e-06
3.535918155633810400e-06
3.084169122480329150e-06
3.099821190205576116e-06
3.507475681285843194e-06
2.900568251945623288e-06
3.141288776875583721e-06
3.387000264865047683e-06
3.125419129362816406e-06
2.890097289293125371e-06
3.061789421859861804e-06
3.397069311961153915e-06
3.284118518825929200e-06
2.928204170776771420e-06
2.746781578494283949e-06
2.823162922049871071e-06
3.025365022307768825e-06
3.204937246370498372e-06
3.299774015752543477e-06
