# players: 2 
<<<<<<< HEAD
# game: kuhn_poker 
# print_freq: 100 
# 
4.583333333333332593e-01
8.225977315915206090e-03
3.329603136321496182e-03
3.033960616150022105e-03
1.926858678962556359e-03
1.168582440478765916e-03
1.290884582587720208e-03
8.931638232359540019e-04
8.824838461048145621e-04
1.082014696532684894e-03
9.376166469929614333e-04
=======
# game: leduc_poker 
# regret_matching_plus: False 
# alternating_updates: False 
# linear_averaging: False 
# print_freq: 1 
# 
2.373611111111110894e+00
2.300970804988661911e+00
2.096988970948192588e+00
1.768566364311113581e+00
1.503595163950468105e+00
1.310952400634828763e+00
1.177321244469774708e+00
1.082294486614781892e+00
1.007486150969858274e+00
9.270185719676691249e-01
8.604686043872680212e-01
8.114677101763057010e-01
7.745123400082818410e-01
7.462955784708598106e-01
7.120740731289036951e-01
6.812706335296523363e-01
6.536567342463537322e-01
6.371363714947135826e-01
6.181702998888278788e-01
5.911623862642287897e-01
5.602402992608582766e-01
5.312351322017507815e-01
5.091806157564270352e-01
4.885505682090980906e-01
4.711816912442358118e-01
4.543520184011535235e-01
4.377098439439384148e-01
4.199657501881634003e-01
4.004075404227298574e-01
3.835571368330122910e-01
3.688441864566972539e-01
3.547214882483092357e-01
3.451540582563733528e-01
3.373125423942511802e-01
3.265442369720891747e-01
3.163506385680353583e-01
3.112631116836969136e-01
3.067390618788058410e-01
3.020803847648392826e-01
3.033952335286848045e-01
3.046278652889974903e-01
3.049646183756559714e-01
3.037209463468152904e-01
2.995526304921038996e-01
2.916409742846771680e-01
2.855253597409217470e-01
2.864610679731092735e-01
2.867972773102970274e-01
2.855514875642502504e-01
2.809145137161584982e-01
2.723762596364291966e-01
2.667358967295933025e-01
2.648492427828477158e-01
2.621182692256104341e-01
2.661059490139774941e-01
2.738066973661237302e-01
2.778320513722096763e-01
2.757746208933334886e-01
2.746154285622757762e-01
2.720012039929451397e-01
2.675302642929653363e-01
2.610304169245202255e-01
2.536708944582891645e-01
2.462007608503301304e-01
2.388539565905642703e-01
2.337148544893340452e-01
2.311280478232830837e-01
2.289379385512332887e-01
2.274002639567219985e-01
2.272555563612095042e-01
2.278257454495115075e-01
2.295855900100547409e-01
2.310403245479594470e-01
2.312471683736656569e-01
2.299342631243571911e-01
2.289228288920812648e-01
2.273714558017322362e-01
2.252309359064837424e-01
2.223967629055559336e-01
2.192061502595376576e-01
2.153247795149702548e-01
2.111826077076025265e-01
2.068708495037555606e-01
2.024052034383339582e-01
1.975816935259669116e-01
1.933153144348213337e-01
1.900239884355715281e-01
1.884373217403830236e-01
1.913204339769865592e-01
1.895030431276693017e-01
1.873199292967096807e-01
1.857091017356310991e-01
1.864286808907555382e-01
1.860711233160172728e-01
1.842844552758479970e-01
1.822404748195667334e-01
1.796919739746906663e-01
1.773420123488949340e-01
1.751041594525690748e-01
1.730343119208263003e-01
1.708819086029822465e-01
1.695739315211558518e-01
1.680818875754329089e-01
1.663390588295386718e-01
1.644283322028523842e-01
1.624968136638335336e-01
1.611487105219502336e-01
1.594140041171368538e-01
1.558908501766581856e-01
1.525665956683517066e-01
1.487429797431315259e-01
1.454722025733516944e-01
1.438898799158343511e-01
1.431711992195708882e-01
1.424005465804918380e-01
1.421872503025117251e-01
1.414403332953801939e-01
1.402726215302418367e-01
1.388467401552524738e-01
1.372826867907977477e-01
1.363421884913270099e-01
1.353201943666711982e-01
1.342969993802219930e-01
1.333984682895406337e-01
1.326354229154952935e-01
1.319636820498456264e-01
1.309049299532751010e-01
1.296995167045075226e-01
1.284969124464150902e-01
1.279983882746068280e-01
1.290983939665459046e-01
1.302522807754266376e-01
1.314451639730530030e-01
1.326468873594457420e-01
1.338364704573067332e-01
1.350056177962687676e-01
1.336028666823339539e-01
1.304560836106746780e-01
1.279346466826187800e-01
1.257223779785485995e-01
1.233038078888289424e-01
1.214118771054664425e-01
1.212872547972301263e-01
1.212585360177862587e-01
1.212900585099679351e-01
1.211652852351857157e-01
1.211350893413806473e-01
1.210606475576651020e-01
1.205110040593893456e-01
1.194870034290427818e-01
1.180232291695277602e-01
1.167313961843690351e-01
1.158124478735939877e-01
1.152907200811481847e-01
1.148828067956409460e-01
1.144287544008252000e-01
1.139475285461047788e-01
1.147735906317731702e-01
1.160113689047144736e-01
1.167416429906855679e-01
1.151850057106421077e-01
1.140296356701542280e-01
1.122478977827654489e-01
1.091374636204659604e-01
1.070825712762588089e-01
1.062780439279701339e-01
1.059777477899538772e-01
1.070946486082445664e-01
1.078781799139333364e-01
1.082880587769861902e-01
1.083142151410419474e-01
1.082559912380026135e-01
1.081263736204223364e-01
1.079839340437438872e-01
1.077787526584373795e-01
1.081546854482668962e-01
1.087896895732294589e-01
1.096276181092646074e-01
1.105487055579049277e-01
1.112857126530182872e-01
1.127458303806080225e-01
1.144483346828036180e-01
1.158708129089116162e-01
1.166053592169809250e-01
1.169346347279112963e-01
1.169763463773524775e-01
1.159495782505804429e-01
1.144968943427684543e-01
1.124616350080076543e-01
1.099829690216243411e-01
1.075219666332495189e-01
1.056076016881754148e-01
1.040584480906169978e-01
1.026382392924660159e-01
1.018811916903489129e-01
1.010287066403851436e-01
9.994486230593692400e-02
9.857641973189079643e-02
9.802677258787668990e-02
9.796770011638403219e-02
9.764476683598598272e-02
9.738885287292803339e-02
9.672640949626243323e-02
9.562497003770253912e-02
9.465898394652601244e-02
9.407582649887266668e-02
9.351431462919518323e-02
9.368611284032418718e-02
9.388099598673474433e-02
9.514343353335394382e-02
9.632499726701092280e-02
9.736595718541832256e-02
9.812520563444813992e-02
9.833469787310090970e-02
9.885934633158774409e-02
9.911064395227894841e-02
9.964831615491404060e-02
9.965726757888281051e-02
9.916191001180535425e-02
9.795440942670244344e-02
9.601678483855538571e-02
9.504205953160030362e-02
9.421047258923009871e-02
9.352931138250766829e-02
9.297514509844684305e-02
9.242814608460407644e-02
9.184290474364449619e-02
9.120410158573527548e-02
9.067402765266274756e-02
9.028767136231871659e-02
9.006067555466260033e-02
8.982561061426358462e-02
8.963410175776671818e-02
8.950180315918540574e-02
8.917364878534780881e-02
8.927504572938850524e-02
8.965856315089190676e-02
8.995107894750369038e-02
9.012131690037111786e-02
9.019139914786070134e-02
9.018130513392763614e-02
9.008915073071033230e-02
8.992251506573412101e-02
8.969756328665209888e-02
8.938631880698615084e-02
8.897944506513935647e-02
8.853362985676914432e-02
8.798657178768824749e-02
8.731559029787003268e-02
8.715263607233568466e-02
8.697646544319631579e-02
8.673733855352679101e-02
8.662794772793538933e-02
8.700518022417853825e-02
8.775392009552943073e-02
8.871190951603594166e-02
9.064433663880122616e-02
9.248681307889514147e-02
9.389929235682448194e-02
9.493691796242914593e-02
9.541328859027958798e-02
9.554526588083822602e-02
9.558964086195265164e-02
9.551459107660878467e-02
9.531868330851539506e-02
9.491576029370002443e-02
9.437757855839823407e-02
9.385453478113514603e-02
9.287369709724704880e-02
9.148285661684354975e-02
9.042678792492048201e-02
8.922286785630945127e-02
8.785474164198800451e-02
8.654222867966207544e-02
8.584128078541312934e-02
8.540952027604427343e-02
8.490299600694053983e-02
8.433105696259483863e-02
8.369610850215490616e-02
8.316407225639849132e-02
8.288452667542217656e-02
8.290538890202643618e-02
8.316999440813058198e-02
8.337169674868315228e-02
8.355492081629202483e-02
8.369531806124150264e-02
8.371446039541857731e-02
8.368082347521231534e-02
8.355460689136040564e-02
8.347262004355721077e-02
8.345747450518993527e-02
8.363319791164755546e-02
8.368129780612100499e-02
8.346474967924916166e-02
8.277403886930170818e-02
8.271543886629982578e-02
8.207786331390547196e-02
8.209170787732503194e-02
8.205378705731175559e-02
8.175636065233221617e-02
8.234729803816362437e-02
8.367984987347158732e-02
8.454824187269563418e-02
8.504836284343056385e-02
8.546075498022456807e-02
8.527766985565445046e-02
8.533223255257640916e-02
8.393757748209068614e-02
8.233712249648313108e-02
8.163461516166047038e-02
8.027750641623608574e-02
8.108561469340688777e-02
8.163772823907788911e-02
8.212220626162895776e-02
8.278694437036174247e-02
8.325666583548918531e-02
8.355500147762476293e-02
8.368473944194107506e-02
8.366071142386806436e-02
8.381671067785873008e-02
8.389624321064623191e-02
8.380892071094013518e-02
8.332111274625256248e-02
8.287217466934893029e-02
8.239888726292458887e-02
8.178468526840639019e-02
8.121537718441140807e-02
8.040817340968509086e-02
7.943684442082751818e-02
7.887329531653058945e-02
7.824696719773784059e-02
7.747839444435662692e-02
7.665714793574626706e-02
7.606686373748727803e-02
7.550478450117782681e-02
7.498948638270097611e-02
7.449606187545809721e-02
7.427437359603276945e-02
7.452449999310922779e-02
7.542496909990326071e-02
7.604926549041354789e-02
7.652272626675740708e-02
7.693197153602707172e-02
7.700047026110515280e-02
7.708704557392168089e-02
7.709831279110210267e-02
7.737157425409815770e-02
7.743730446218283214e-02
7.717176750725238121e-02
7.729428134563942621e-02
7.741253884067952895e-02
7.731174218663469655e-02
7.720212383882543716e-02
7.732825986810171193e-02
7.727607980135269006e-02
7.692871258913364096e-02
7.631172548564260638e-02
7.564962243844024214e-02
7.510595934238958882e-02
7.440202306780235864e-02
7.354315330059313371e-02
7.250250475911022841e-02
7.162629006316365010e-02
7.145375386703350928e-02
7.128845056512214673e-02
7.111489496903122820e-02
7.123183536347112155e-02
7.138577561824190065e-02
7.150597064928486402e-02
7.156877317379727044e-02
7.157147812062436554e-02
7.152101604115525257e-02
7.150617784272675359e-02
7.147365936264060693e-02
7.142540251445110566e-02
7.136287652597088360e-02
7.128719678547945637e-02
7.119919676579575252e-02
7.109946835302992374e-02
7.098837706992477958e-02
7.086605211292977546e-02
7.073234345604814677e-02
7.058672461335092907e-02
7.042808776857424624e-02
7.026006567610658393e-02
7.008758107697063422e-02
6.990610113609399545e-02
6.971195052528801617e-02
6.949075471932410208e-02
6.932750673818846576e-02
6.930102832586790274e-02
6.920832627487377708e-02
6.906226622222344513e-02
6.887405189697307084e-02
6.864286346463609190e-02
6.838155282577984551e-02
6.836773426768169570e-02
6.838024022168806559e-02
6.850820824091466421e-02
6.862202157320063112e-02
6.877672824163880150e-02
6.893545624084018719e-02
6.907886656786904611e-02
6.919379919488265196e-02
6.927622221973424310e-02
6.936248150561785675e-02
6.940678123101434727e-02
6.938644009593056272e-02
6.930017441107741427e-02
6.914299878398932897e-02
6.892161926497747393e-02
6.880750658206176429e-02
6.877512920933165352e-02
6.866096075071972948e-02
6.848354926611899263e-02
6.824171319694952165e-02
6.793611491945270031e-02
6.749213643336349211e-02
6.694125995876790136e-02
6.630610175971847486e-02
6.560476977524973274e-02
6.484720593883043505e-02
6.414246455810816705e-02
6.333046490069314804e-02
6.269723435399671141e-02
6.224914454423527421e-02
6.173074931574987212e-02
6.128498159029122094e-02
6.081870106650850982e-02
6.033173839240327241e-02
6.008552527016719491e-02
5.991591193616380151e-02
6.008737691270382708e-02
6.018227234723794172e-02
6.020199946441416594e-02
6.035824076635118440e-02
6.052337869116969360e-02
6.066248884477512537e-02
6.078181943891694528e-02
6.085316322743783424e-02
6.089124876955087640e-02
6.087748258044575755e-02
6.081301853592041562e-02
6.068814989006926508e-02
6.057059031130541948e-02
6.043556248124447305e-02
6.022331336576777772e-02
5.991032214079033968e-02
5.960296949294663360e-02
5.926533582385790089e-02
5.908564403228405704e-02
5.922389348040146828e-02
5.978105015928912580e-02
6.069934682741068288e-02
6.157173345737475267e-02
6.241300207787392473e-02
6.322976773183568155e-02
6.392336122075335803e-02
6.448584815207270005e-02
6.486882010161024170e-02
6.539819831767598735e-02
6.613226406385819267e-02
6.661732433903953809e-02
6.675044937553142876e-02
6.639538612603169965e-02
6.568091942145259932e-02
6.517753881020837969e-02
6.460794371494314736e-02
6.383679989836708868e-02
6.329941038829708932e-02
6.260192822047029593e-02
6.178339767130525129e-02
6.163274104485068350e-02
6.193716515855524074e-02
6.215978083967610424e-02
6.241252537207681028e-02
6.252074072295989160e-02
6.242837954505303655e-02
6.221158931506656775e-02
6.201879344923112714e-02
6.191926633187999629e-02
6.162774300558365725e-02
6.145477378252614531e-02
6.136599841636872221e-02
6.116934311160243665e-02
6.084032422840753018e-02
6.040971161729065397e-02
6.018136689457331823e-02
5.998972338249208835e-02
5.976494995186870662e-02
5.948832884215152217e-02
5.916514998049818286e-02
5.878818806611918468e-02
5.834283282996631514e-02
5.781077492625406877e-02
5.719825841850617598e-02
5.655750107013012007e-02
5.609963616005331222e-02
5.597164620306124827e-02
5.583653033623653394e-02
5.569403764372199417e-02
5.554374965760398852e-02
5.538208031038792389e-02
5.520815759062844275e-02
5.502706864633105655e-02
5.484252543359886822e-02
5.473857221397709916e-02
5.467892875242016948e-02
5.461585156494212778e-02
5.454935550963879720e-02
5.447828309244000244e-02
5.440190166459801802e-02
5.444688563471491993e-02
5.470878031683840126e-02
5.488625125358204127e-02
5.501465732436411349e-02
5.510443466161635273e-02
5.517904034346862718e-02
5.557875907490161804e-02
5.588057603997725886e-02
5.625040510465773025e-02
5.651920016724570894e-02
5.700058251795828146e-02
5.771715226073703686e-02
5.836838509782743545e-02
5.909882061511195772e-02
5.977657791900697903e-02
6.037757189726339346e-02
6.070098834529370768e-02
6.089943521754959121e-02
6.113949166323830176e-02
6.109421557070557340e-02
6.066382410223364330e-02
5.999760149476024429e-02
5.939599739264361800e-02
5.909871191119221712e-02
5.895247710812015485e-02
5.888328500429949874e-02
5.877805047938577943e-02
5.860019643456934602e-02
5.834433114499384954e-02
5.798439115352871376e-02
5.758102341985704697e-02
5.714948979588518885e-02
5.676518690625061148e-02
5.643421856765498679e-02
5.609385617888751341e-02
5.573385294891136654e-02
5.550638035510335744e-02
5.520187557526180788e-02
5.494771424134678450e-02
5.461353868250100330e-02
5.482300954099489365e-02
5.502293085740134204e-02
5.517652967730846125e-02
5.527282726374016519e-02
5.531656476720572813e-02
5.531779958499011274e-02
5.527942721135935267e-02
5.521369169828097001e-02
5.520069483346341788e-02
5.515217485164608524e-02
5.504845317999440546e-02
5.489489479228519542e-02
5.468971834966271373e-02
5.449078300061457880e-02
5.433134764882023571e-02
5.414819020303950070e-02
5.398524233080445600e-02
5.401347590562330381e-02
5.448970812087562676e-02
5.496475145176531185e-02
5.539985305754463463e-02
5.578951259974085364e-02
5.604939602107696095e-02
5.638293733806928887e-02
5.677005879434014746e-02
5.697735658487940169e-02
5.709897840209500475e-02
5.712835688320271055e-02
5.704681412206814850e-02
5.702092909410655386e-02
5.697851961216918171e-02
5.685671738267672470e-02
5.666275642939588852e-02
5.642393495410846782e-02
5.619474870933226229e-02
5.605764218751016492e-02
5.604917720114874213e-02
5.597836877713420478e-02
5.584533475599459673e-02
5.564253685506248548e-02
5.539096861993747511e-02
5.508906823983222845e-02
5.482201448854143178e-02
5.463447432159986017e-02
5.455090036300813683e-02
5.441940663346067630e-02
5.429332463909952722e-02
5.417918368632207438e-02
5.412748879401871327e-02
5.410104960821104925e-02
5.402230518870718146e-02
5.397779908765225343e-02
5.386002108527873644e-02
5.369352173468147638e-02
5.350069425362644071e-02
5.317528385853965978e-02
5.279002777638513999e-02
5.244545412714131383e-02
5.205327550471493259e-02
5.161179071804886109e-02
5.116082154922375891e-02
5.066908318152626989e-02
5.078201747923909160e-02
5.110078206905233067e-02
5.137003019240779511e-02
5.159159247071538890e-02
5.175776587527068651e-02
5.187275500227060687e-02
5.193727774017606325e-02
5.203915854167871780e-02
5.218361141346630760e-02
5.227125535915702614e-02
5.244835176985926384e-02
5.262200958381402227e-02
5.275098014465418039e-02
5.294246810719767382e-02
5.309793187034277107e-02
5.322439719499136301e-02
5.328748882260334052e-02
5.326239955610059806e-02
5.318415871046727750e-02
5.306335260132517828e-02
5.297816333806421030e-02
5.300450116429941683e-02
5.298242899370424197e-02
5.288925885292498907e-02
5.274590377989549217e-02
5.257675367430317270e-02
5.239434386509184138e-02
5.219978187486945531e-02
5.199276124896140550e-02
5.177124874169736213e-02
5.152658839367912913e-02
5.124638300002823388e-02
5.093909301041779636e-02
5.060603850265699144e-02
5.030045241231732855e-02
4.999745071339263547e-02
4.975708013884511116e-02
4.953478807783251447e-02
4.945382033428614987e-02
4.941327869370353010e-02
4.937392827038714072e-02
4.940179356897442253e-02
4.941241137886803747e-02
4.940542211125248384e-02
4.938036176481984396e-02
4.933665258715604074e-02
4.926397593570430722e-02
4.934637059527124947e-02
4.971548324432586985e-02
5.002887711613947241e-02
5.028966115308761142e-02
5.049882113083717372e-02
5.065033333287605188e-02
5.074924075348040409e-02
5.116662178229502977e-02
5.182233028300221866e-02
5.234645001171066292e-02
5.285710749764671590e-02
5.332764330901872130e-02
5.368369722429749968e-02
5.391657882810031721e-02
5.400948761501986328e-02
5.400437662091567281e-02
5.391193735674476573e-02
5.379610649848778903e-02
5.365474189740576660e-02
5.345090688465628515e-02
5.319758076117707402e-02
5.292483647652153345e-02
5.262871100316147965e-02
5.230044734226120540e-02
5.199823775591233543e-02
5.166035864546303369e-02
5.130569302994641978e-02
5.092078470860544881e-02
5.052527065353304425e-02
5.030315090596144956e-02
5.036526464280668969e-02
5.041721534545295924e-02
5.041766460719776521e-02
5.040856607081951879e-02
5.038380828797126010e-02
5.040851270333035483e-02
5.041392493881480252e-02
5.039961561690382841e-02
5.036193530229433890e-02
5.029987992983397938e-02
5.021813498148844368e-02
5.011693349971878264e-02
4.999584254764438684e-02
4.985420318982031196e-02
4.969930991046156432e-02
4.953196555609362672e-02
4.935207019511227144e-02
4.915941707123175353e-02
4.895368018763779361e-02
4.878033381779919853e-02
4.864041688122905382e-02
4.852809259076681925e-02
4.844660033009026701e-02
4.831731418461837624e-02
4.814265450307292360e-02
4.793951921528868954e-02
4.788650617653067432e-02
4.780592872981939689e-02
4.767571481009941214e-02
4.750041275549379827e-02
4.732805869934247900e-02
4.724759608955772516e-02
4.711766477525020091e-02
4.693200231784938614e-02
4.670439092579029006e-02
4.707023627527034959e-02
4.744523625317953464e-02
4.771226120991303721e-02
4.777687768428276471e-02
4.766903392864466071e-02
4.748134575733750640e-02
4.728653721125586351e-02
4.713128473507829930e-02
4.711095303905080134e-02
4.696879749414528682e-02
4.677709836500132390e-02
4.642314386375476221e-02
4.570998422744221301e-02
4.469095487285336399e-02
4.466564761933311534e-02
4.476449786696633237e-02
4.485134049779643250e-02
4.492485624499235886e-02
4.497794108858345352e-02
4.501594453774221405e-02
4.503832390184107914e-02
4.505122941509487333e-02
4.516154841107924978e-02
4.530731195953011103e-02
4.537411822327030997e-02
4.540434097217621590e-02
4.556682500301706407e-02
4.568423874506216675e-02
4.577373928380655543e-02
4.578510958438467005e-02
4.570495834693440174e-02
4.551119156862264148e-02
4.525214125634324791e-02
4.496876047462455839e-02
4.461540379791112398e-02
4.453525002729723237e-02
4.457279644815294317e-02
4.459674681338046676e-02
4.460245707068700993e-02
4.459206949711450041e-02
4.464662628752485984e-02
4.484535169390788112e-02
4.503239454768037664e-02
4.513855382163597940e-02
4.517825984705081677e-02
4.515560879983705755e-02
4.507404107486563671e-02
4.493407221290106335e-02
4.474148858911293491e-02
4.449213821865910523e-02
4.418006020743674156e-02
4.382235494724390223e-02
4.350718841853618013e-02
4.362897561792512813e-02
4.369996466609463170e-02
4.388433264147900692e-02
4.408859510344310950e-02
4.425171250333514994e-02
4.447803732312181901e-02
4.469487437651883943e-02
4.482232437201090491e-02
4.490124161442146655e-02
4.495646219891594186e-02
4.526266621798910594e-02
4.550866355203324332e-02
4.568468749307182108e-02
4.579157110998111069e-02
4.581024567347777299e-02
4.569982444209012840e-02
4.544036638936545247e-02
4.536473655920796044e-02
4.524061308553163629e-02
4.501431445034956291e-02
4.469875526454060444e-02
4.434251246685974590e-02
4.430565315996476405e-02
4.441360971190976004e-02
4.441446960607756123e-02
4.425214967908061570e-02
4.422514387896653298e-02
4.445942517921282200e-02
4.476890930364861576e-02
4.497667790929821274e-02
4.501306691224610246e-02
4.487260309319941742e-02
4.460141511742432563e-02
4.421498356063530144e-02
4.394957589778782092e-02
4.412135159709926202e-02
4.422777316874218489e-02
4.428782082874195558e-02
4.435404255634693704e-02
4.437080867133116890e-02
4.440647107490225398e-02
4.437894804522851677e-02
4.429217866590012820e-02
4.415035641676602618e-02
4.393650579851783589e-02
4.366455472471240939e-02
4.333592237342848152e-02
4.296982790205117198e-02
4.256178698439672115e-02
4.216497604744282035e-02
4.184748336577347183e-02
4.188579651465648701e-02
4.188599638461001917e-02
4.184229187861959742e-02
4.178653267611760758e-02
4.174346098991632559e-02
4.174960624997942071e-02
4.173812820847352945e-02
4.169796757953139754e-02
4.173327634562805366e-02
4.183761273937176839e-02
4.187400854488430857e-02
4.185921221980809515e-02
4.187613846222767999e-02
4.188697311234482190e-02
4.191547880439142060e-02
4.194514567150953166e-02
4.196272069973122631e-02
4.196513451819944285e-02
4.195672541720216198e-02
4.193806828227542027e-02
4.190947943207676274e-02
4.187125624672652369e-02
4.182352710656847550e-02
4.176626264790807286e-02
4.169616428760253291e-02
4.157767519585295335e-02
4.163770216074330621e-02
4.159902470401952157e-02
4.168407724927947200e-02
4.169889646975714903e-02
4.168444080178695943e-02
4.166333641784988884e-02
4.163343001206512572e-02
4.159430597833860266e-02
4.154671994154940373e-02
4.149016234819208337e-02
4.142400620787138610e-02
4.134767819139256728e-02
4.126067377499546829e-02
4.116848307480348856e-02
4.111253615671381367e-02
4.104242279947874217e-02
4.110294541349661379e-02
4.124046416910766288e-02
4.135110324481833244e-02
4.143606194776745799e-02
4.153231741594766435e-02
4.163286734838073100e-02
4.170674788633979557e-02
4.175047417550178941e-02
4.176403715311698128e-02
4.184591117244254588e-02
4.194060990816564360e-02
4.201316864360837844e-02
4.206692565703309961e-02
4.212849863921677707e-02
4.222495103242412950e-02
4.230609967794385362e-02
4.237149198782164117e-02
4.239984135719465641e-02
4.234194952188090333e-02
4.222889129439047484e-02
4.208482935181356854e-02
4.191112204672201025e-02
4.170153961042770419e-02
4.143912026210705424e-02
4.114449589277693886e-02
4.098779930641624492e-02
4.086185731280735089e-02
4.072163207724011080e-02
4.053746347275444251e-02
4.077930086708264623e-02
4.112342865286180982e-02
4.143193842938709681e-02
4.170744128443902576e-02
4.192889849918338130e-02
4.208222473296702182e-02
4.233178377787652491e-02
4.273409948238646172e-02
4.308382977793553947e-02
4.336361905670865768e-02
4.358565896271290874e-02
4.374474941688001606e-02
4.381625512650016985e-02
4.394341479678588736e-02
4.406973681184886416e-02
4.414410435226859275e-02
4.416113556176985699e-02
4.412330360079769198e-02
4.407999721024510875e-02
4.398386477055964139e-02
4.382562038590638587e-02
4.361068529775052882e-02
4.350835564689913004e-02
4.349428011990348619e-02
4.345654216991873264e-02
4.339344261999397712e-02
4.334327821001769665e-02
4.328212855938842751e-02
4.320982229650247031e-02
4.312610689089448057e-02
4.303062481174535492e-02
4.292286586064718301e-02
4.280207979612569991e-02
4.267270427133537658e-02
4.253580323288334852e-02
4.239150681131349796e-02
4.223993014227800380e-02
4.208115990084372593e-02
4.191523605255048635e-02
4.174212675356825386e-02
4.155925400547538784e-02
4.136981784023671671e-02
4.117454230072964405e-02
4.097394052971742306e-02
4.076835854199528653e-02
4.054909381617932684e-02
4.033301791965414329e-02
4.014764014091329325e-02
3.995344705272044217e-02
3.976448320416248183e-02
3.956598156400076283e-02
3.936220149110392086e-02
3.918678462713325039e-02
3.903873372683901166e-02
3.892781683134570458e-02
3.897308157049583777e-02
3.901632361712570329e-02
3.904667171798910374e-02
3.905956814274798294e-02
3.905704750307741058e-02
3.908995855457698954e-02
3.923284107257843378e-02
3.937027549292280992e-02
3.949872096069485805e-02
3.960709682930561859e-02
3.969599069319851292e-02
3.996601291938828293e-02
4.042539833790112502e-02
4.079581967289949707e-02
4.107025150730708729e-02
4.129877956877350820e-02
4.150001445004025680e-02
4.177866444353603437e-02
4.199953381134641228e-02
4.224720709943702301e-02
4.244192581522115981e-02
4.255846505549881753e-02
4.259883340560469134e-02
4.253255713143630490e-02
4.236168961780736875e-02
4.220675377714361298e-02
4.197298514776262590e-02
4.162257704686719850e-02
4.144010499729036678e-02
4.150533131698536105e-02
4.151779133605060235e-02
4.150023382957235274e-02
4.145236998584345134e-02
4.138927765082776877e-02
4.131256760589933907e-02
4.121221256959545221e-02
4.108795130341039159e-02
4.094485525003253856e-02
4.078626492988042529e-02
4.061440858527173847e-02
4.043071746141316258e-02
4.023597654626338838e-02
4.003035564144237501e-02
3.981330602978311317e-02
>>>>>>> 1a6dd6aae6840dfc125385a00fb4110713e5c72b
