# players: 2 
# game: leduc_poker 
# print_freq: 10 
# 
2.373611111111110894e+00
8.885789831687690432e-01
4.531456534160749894e-01
3.109177247273150480e-01
2.320299904291505677e-01
1.890834659549563979e-01
1.558487608896112486e-01
1.362350300571540385e-01
1.213361257194097570e-01
1.040879783239487266e-01
9.571635300459761797e-02
8.640173891472191503e-02
7.810806010182380632e-02
7.535563840954119519e-02
6.924572260252066791e-02
6.265887163593944487e-02
6.077887430722193896e-02
5.647184783161890431e-02
5.952219033154335093e-02
5.599184484375921422e-02
5.383832390281963198e-02
4.649847584566406400e-02
4.476943094913882204e-02
4.554690784640030854e-02
4.410710568612648264e-02
4.046900108716072753e-02
4.260364466109781145e-02
3.735552176687671755e-02
3.952337775311032253e-02
3.865970436569297897e-02
3.552411624092963183e-02
3.217072755879367418e-02
3.226115666077344901e-02
3.264825668587384433e-02
3.161654729234604499e-02
3.059437204305626157e-02
3.051509573638505612e-02
2.683971494932213542e-02
2.666039342922895544e-02
2.831175493485667272e-02
2.643579455507470699e-02
2.547997667591629656e-02
2.591724178227901298e-02
2.567088200076278470e-02
2.515593143401495535e-02
2.471959076875007710e-02
2.375106773280111216e-02
2.312679748249290429e-02
2.318523541639708196e-02
2.280265830919503411e-02
2.150720912667380968e-02
1.987864689941429286e-02
2.028292110029450424e-02
2.143390864600508428e-02
2.195409984584859031e-02
2.062510298851885637e-02
1.911457683263778629e-02
1.920789621878232767e-02
2.019501239468923098e-02
2.018850972714477526e-02
1.977555687202911527e-02
1.914250473138118247e-02
1.782737991858593385e-02
1.877122113820176019e-02
1.958287358696961244e-02
1.754429446670224130e-02
1.575673757937145342e-02
1.666975801238716748e-02
1.729656333566212401e-02
1.746649329701645270e-02
1.631934719984146076e-02
1.607632528396588101e-02
1.539542455594963832e-02
1.543259474529157238e-02
1.690232123749248194e-02
1.505112905379896171e-02
1.461291085502354481e-02
1.575578371812813572e-02
1.506979759548641995e-02
1.416554633276149999e-02
1.436151666984911146e-02
1.570331735059846134e-02
1.554815632104275536e-02
1.527120916048562566e-02
1.425046972015925340e-02
1.381265637263461715e-02
1.367559046278761514e-02
1.367232349915968592e-02
1.484661914010967226e-02
1.318127557913503778e-02
1.405973927991610584e-02
1.250238178787732579e-02
1.353279279387699374e-02
1.298445673355891339e-02
1.291737318516611444e-02
1.303664846066016070e-02
1.256331988519804321e-02
1.222494152146402779e-02
1.176846049518999460e-02
1.209942219201277924e-02
1.181781025978628774e-02
1.130695473701653908e-02
1.231339828127320235e-02
1.186519639818481298e-02
1.174576349279714271e-02
1.182503734093748315e-02
1.141815720298758330e-02
1.115474948694119423e-02
1.092254954488650065e-02
1.155377625428292976e-02
1.155239351520526148e-02
1.232836299352774168e-02
1.218795971317486460e-02
1.073162995164790579e-02
1.031254091424603503e-02
1.099681667243265770e-02
1.139376548831627645e-02
1.081966713639427591e-02
1.041019834381680387e-02
9.859360474762712823e-03
9.915780739891341677e-03
9.114209904050873945e-03
9.503029398796797311e-03
9.388917232781221478e-03
9.504712179374041892e-03
9.725313956484071820e-03
1.001920702528557444e-02
1.028407815613636977e-02
9.175144836121675029e-03
9.126426701781070738e-03
9.779836609999981167e-03
9.618625450634313290e-03
1.001948225256273084e-02
1.050455603068457811e-02
9.989254215809775794e-03
9.417661854753955897e-03
9.158546426171976229e-03
8.789367936773651024e-03
9.397405919517917705e-03
9.306665211093467782e-03
8.862100587670743157e-03
8.759135541243426304e-03
9.472412127664101011e-03
9.481194646048879404e-03
9.061040776627116156e-03
9.413435867057409756e-03
9.151171479944042453e-03
8.834011894045624980e-03
9.455051862872501656e-03
9.056206434782054782e-03
8.569104290605034091e-03
8.511831803650352080e-03
8.809710357553041105e-03
8.674438070471579554e-03
7.508675612613459338e-03
7.410835700965123785e-03
8.434890421097115953e-03
8.940541170832691509e-03
9.019621409562819658e-03
8.602211914590721098e-03
8.028732553016060258e-03
7.590637338451639016e-03
7.475302473924971824e-03
7.626723333973864372e-03
7.736953435817928160e-03
7.757900039606191456e-03
7.515503745080087672e-03
7.369143019281293450e-03
8.247610466941057705e-03
8.503237819661113583e-03
8.250952527109681189e-03
7.781502675470342023e-03
7.663587052523915255e-03
7.512381617103575104e-03
7.601372035160813834e-03
7.665006682712416364e-03
7.716935384763742856e-03
7.574093031014292321e-03
7.903514978957248971e-03
8.035812639382466926e-03
7.585272690330630008e-03
7.615820204812107086e-03
7.910382004593305427e-03
7.833104057965445399e-03
7.576372843765735721e-03
7.374133888304712503e-03
7.655274776402487547e-03
8.088790719099681059e-03
7.887906734756131022e-03
7.462522605492960537e-03
7.527253532401148584e-03
7.109212085275873338e-03
7.089239100425429041e-03
6.836943318484223209e-03
7.275501444565790621e-03
7.222344664999949537e-03
6.932494280770987172e-03
6.745977360520377664e-03
7.108765598677554975e-03
7.008816594004554923e-03
6.848588916689393735e-03
6.509803671702896199e-03
6.338288110158935007e-03
6.697964878807721734e-03
7.199848611556383671e-03
6.322292762253017839e-03
6.407375952667604402e-03
6.218867584523377068e-03
6.072652743159927258e-03
6.630031256699239761e-03
6.928771299697100705e-03
6.708912861614305112e-03
6.486751498436763019e-03
6.316437281600389975e-03
6.360593402518238682e-03
6.702142005111391687e-03
6.503694646029095638e-03
5.999662891593399161e-03
5.600574951812500868e-03
5.782384582814825702e-03
5.991017165765388786e-03
6.238360947746657281e-03
6.336018921332745024e-03
5.950279258580715158e-03
5.884578292375319819e-03
5.893454596089031661e-03
6.250198949409091487e-03
6.574418705937917773e-03
6.055166076556040000e-03
6.295822923818125694e-03
5.815348044305015951e-03
5.418231366359951839e-03
5.687689010712121407e-03
5.992869281489510147e-03
6.277300482084857691e-03
5.723272550933078406e-03
5.554848242709214956e-03
5.678947194163480594e-03
6.000785500766825376e-03
6.000120246624676690e-03
6.311701064917685233e-03
5.820800286122682077e-03
5.131348925165979402e-03
5.406813208024115192e-03
5.472032296816406460e-03
5.652030589454404286e-03
5.552032433001521938e-03
5.093939167247221733e-03
5.434073043912052148e-03
5.807909071220945796e-03
5.970824472628283308e-03
5.400954762828660827e-03
5.389110202423386120e-03
5.506788777539309288e-03
5.192601905341251434e-03
5.372131592529610922e-03
5.754115245415428181e-03
5.897083547338602405e-03
5.506374963406002188e-03
5.191479205154773957e-03
5.133076653793595956e-03
5.580303569624606164e-03
5.597875410735884960e-03
5.522046181318213121e-03
5.767622605161865090e-03
6.032712923378980019e-03
5.982471579027509589e-03
5.694392313116983240e-03
5.542373923459853469e-03
5.572290923201245194e-03
5.447904235410055973e-03
5.253801678219205407e-03
5.076029148299854299e-03
4.820091641925122738e-03
5.719384668634711066e-03
5.277393280650480301e-03
5.021872610423000483e-03
4.940275985933467728e-03
4.883048339496778856e-03
4.952274212406002074e-03
4.882149314942657581e-03
4.877137001915589354e-03
5.261642215034584291e-03
5.129866963884510689e-03
4.901823303087943229e-03
4.674138394247975836e-03
4.958984934879104300e-03
5.286474482597808278e-03
5.390012451839371055e-03
5.378197439707133043e-03
5.360678054138492965e-03
5.157567511770100310e-03
5.236599729841376338e-03
5.179666021348783289e-03
5.119430996780971466e-03
5.189864412344924460e-03
5.077142620176937349e-03
5.050111936941062418e-03
5.261521782938316516e-03
5.623471494275167348e-03
5.246493150232248159e-03
4.668963019749353127e-03
4.863978309260871824e-03
4.690545906003332211e-03
5.021160792625531388e-03
5.122878413551051890e-03
4.924883485938072458e-03
4.592447579474745467e-03
4.394700557733222102e-03
4.556350241084750063e-03
5.009693381224644693e-03
4.934070503737453262e-03
4.544470409402645572e-03
4.171045179864676933e-03
4.161813650822812627e-03
4.385075955811938708e-03
4.611626980332197978e-03
4.408499702430179745e-03
4.395270979610621520e-03
4.717656967187289219e-03
4.725426116046718694e-03
4.379949270110393422e-03
4.379263871609216652e-03
4.223062916876664519e-03
4.056288856816400723e-03
4.358259980861034499e-03
4.763616903835365957e-03
4.607371700728141173e-03
4.322480091896563348e-03
4.344903968955884932e-03
4.492445396271083080e-03
4.643830410267751896e-03
4.481666891010996356e-03
4.340030121225357806e-03
4.762338417348591091e-03
4.965277305432447275e-03
5.011361878545450566e-03
4.884668321654184187e-03
4.713057685780300265e-03
4.721316027855304576e-03
4.847758386281444953e-03
4.826117081911357465e-03
4.625379648752980799e-03
4.413726743570212108e-03
4.309402455031099977e-03
4.417286692596375519e-03
4.268902039071875709e-03
4.034505445903446841e-03
4.276740216218447022e-03
4.185301698476473486e-03
4.137700226859913899e-03
3.957112671810147919e-03
4.129695375812189595e-03
4.469743442288898194e-03
4.568959281836870723e-03
4.553181506630074593e-03
4.490294646154802116e-03
4.378348977141455212e-03
4.339645823376162004e-03
4.317890667275683936e-03
4.361921645367472511e-03
4.264961982007486885e-03
4.153050361916210687e-03
4.372558787384850376e-03
4.447342299447834546e-03
4.240968453876906019e-03
4.086880915571022843e-03
4.078327765936570759e-03
3.891481542820388051e-03
4.694844066747798361e-03
4.510852113994635870e-03
4.106332078435019628e-03
3.828863623359032853e-03
3.982329107879864494e-03
3.954480140494154305e-03
3.891046969514699860e-03
3.940390382633010558e-03
3.908859495328251277e-03
3.957989843133703778e-03
4.506540726104374395e-03
4.292381019938104614e-03
3.847455543436795189e-03
3.729427137061369635e-03
3.771338598771933892e-03
3.500621884200583178e-03
3.754315791348369902e-03
4.208811943308077286e-03
4.339288329328838678e-03
4.087564748326333319e-03
3.994603932025761472e-03
4.153771522624707946e-03
4.359157620431930447e-03
4.383357529883544212e-03
4.421552078968382649e-03
4.356425394438590004e-03
4.177270635236429719e-03
3.923254563142977713e-03
3.886040302484433662e-03
3.910205931310806182e-03
3.894807293891633382e-03
3.915634450280550127e-03
3.999446394327477172e-03
4.146112839722271293e-03
4.441606917710394509e-03
4.246108956667535295e-03
3.983675030191313748e-03
3.798924590635660570e-03
3.880550226157575278e-03
3.961302516109710403e-03
3.955019139561866126e-03
4.390108877549953048e-03
4.500834395199895810e-03
4.142253881116622627e-03
3.848547858631173879e-03
3.745213262839316992e-03
3.630425500600109601e-03
3.525186454064160868e-03
3.466425583015408929e-03
3.604579927925982696e-03
3.883081807311214440e-03
3.884923263029083085e-03
3.769473159502198523e-03
3.697391180311593306e-03
3.796826366440950173e-03
4.179496228634144162e-03
4.312970483486402995e-03
4.125636429180623566e-03
3.936352094088171882e-03
3.821814795603020731e-03
3.750648462059455457e-03
3.981384929951675700e-03
3.725319180168301658e-03
3.871686027337867264e-03
3.792621678105650984e-03
3.577364540747945965e-03
3.479004861777407198e-03
3.560905487636337186e-03
3.705549272545002881e-03
3.757847234049496721e-03
3.759048477538481925e-03
3.643093224219337567e-03
3.453943066145534480e-03
3.421409278737991277e-03
3.771765757905623517e-03
3.815911635319080286e-03
3.538435910238738047e-03
3.354242540854437959e-03
3.431976117466373211e-03
3.690280180818406031e-03
3.823584636985025154e-03
3.620976726311841976e-03
3.524989037187564733e-03
3.595510271821797388e-03
3.643245040081635744e-03
3.545030815968297500e-03
3.477999198593151320e-03
3.540412965880881946e-03
3.521827382041931020e-03
3.459171073696740151e-03
3.553599486219582992e-03
3.482835624580626899e-03
3.771564994909409885e-03
3.792356489908235706e-03
3.449375882900992951e-03
3.333616385884446975e-03
3.386992763297638764e-03
3.258454789616893610e-03
3.235185646790941782e-03
3.467691304313971767e-03
3.590918343560275949e-03
3.534488150392700589e-03
3.681183117609787558e-03
3.577248226462215186e-03
3.205541331994576915e-03
3.079713166194417151e-03
3.078264810815245500e-03
3.266333947976943208e-03
3.431582735422655794e-03
3.537627871660453671e-03
3.550203614967883947e-03
3.670044571997446714e-03
3.766660851602890436e-03
3.558569627656105183e-03
3.398225387072267845e-03
3.266806935790192434e-03
3.240428811411288912e-03
3.286514438159693352e-03
3.545859858394631581e-03
3.361346783968099938e-03
3.029123357643673242e-03
3.003744181742984409e-03
3.160034368365469137e-03
3.230728065850368980e-03
3.319696731595808692e-03
3.438679010655920631e-03
3.539878816978453413e-03
3.581967032408261975e-03
3.676542252532041810e-03
3.694614605876778146e-03
3.651210035047439129e-03
3.552366213441127130e-03
