# players: 2 
# game: leduc_poker 
# regret_matching_plus: False 
# alternating_updates: True 
# linear_averaging: False 
# print_freq: 1 
# 
2.373611111111110894e+00
2.061319444444444482e+00
1.798806586913840322e+00
1.659026469192916853e+00
1.471324559686568278e+00
1.304662536689872754e+00
1.156580517891450555e+00
1.044775204567778726e+00
9.617541410503098742e-01
8.885789831687690432e-01
8.205188773512299694e-01
7.594515315507499587e-01
7.072715810248775270e-01
6.636133235491891158e-01
6.298892917347846954e-01
5.981195166848347622e-01
5.598746649451570301e-01
5.265117132306728065e-01
4.930234289091534050e-01
4.531456534160749894e-01
4.318900723263598973e-01
4.177822982387204287e-01
4.127742762919036079e-01
4.056729364524075399e-01
3.974605121585192968e-01
3.826803079940660490e-01
3.659632346488734811e-01
3.480947065687731157e-01
3.296695884416731559e-01
3.109177247273150480e-01
2.974616802751786082e-01
2.925546674505395961e-01
2.877275444149008932e-01
2.777693041675535213e-01
2.639423620988919361e-01
2.533387275318129128e-01
2.450862200892448828e-01
2.408420311085228693e-01
2.363606685526594697e-01
2.320299904291505677e-01
2.275961986873791809e-01
2.238932213802371229e-01
2.209961350850480899e-01
2.197016259379235004e-01
2.156567671308596557e-01
2.096528790111108487e-01
2.037182482334639888e-01
2.001725953615394460e-01
1.954037874379492834e-01
1.890834659549563979e-01
1.816384526206794026e-01
1.763913521656219896e-01
1.725088155863170325e-01
1.693850665998250238e-01
1.660342688686103352e-01
1.630477789904950237e-01
1.597060161472915185e-01
1.575930987938278516e-01
1.562678715073266000e-01
1.558487608896112486e-01
1.559866597955069656e-01
1.562968144772416135e-01
1.574732499392545448e-01
1.554120352456666576e-01
1.531323961053644711e-01
1.490040002954888254e-01
1.466071061837159462e-01
1.431909177670578348e-01
1.393851330795352894e-01
1.362350300571540385e-01
1.330410351397500190e-01
1.295431605100551553e-01
1.262205769539484490e-01
1.230147317278323937e-01
1.213679665748391839e-01
1.206466474777514175e-01
1.211681331937095873e-01
1.216841752456541692e-01
1.221267182623775316e-01
1.213361257194097570e-01
1.200165653496607088e-01
1.184287470352363147e-01
1.170701184364460884e-01
1.150377903425284787e-01
1.142690778267796969e-01
1.150502284704037481e-01
1.136421227103512344e-01
1.100440529714665217e-01
1.064605061961933219e-01
1.040879783239487266e-01
1.032914169193611259e-01
1.026902837538591351e-01
1.016059034950190926e-01
1.000363027896279816e-01
9.868097131510741860e-02
9.835941765686312399e-02
9.836927664637354352e-02
9.738345190700677112e-02
9.681100615585111480e-02
9.571635300459761797e-02
9.394927266361148555e-02
9.156075160961568704e-02
8.990407530194219343e-02
9.030064458061590194e-02
9.033458190569339241e-02
8.991358403719722225e-02
8.924841922133575078e-02
8.875239368167758824e-02
8.789908741859436825e-02
8.640173891472191503e-02
8.461015516976695683e-02
8.270399623696000901e-02
8.127891105057871712e-02
8.040850195837259684e-02
8.005467502701482663e-02
7.980106606099029998e-02
7.936173995527943947e-02
7.914765320563282858e-02
7.857060967196148604e-02
7.810806010182380632e-02
7.803028836578260186e-02
7.799243852259191145e-02
7.794877876646690018e-02
7.749278465267980809e-02
7.639850691028222951e-02
7.574362298508330316e-02
7.660984452791913535e-02
7.688095652375417921e-02
7.651084129242474718e-02
7.535563840954119519e-02
7.397968525806472573e-02
7.257970514204725720e-02
7.117073192368547629e-02
7.021700731259164496e-02
6.970000409527669916e-02
6.972475612866066430e-02
6.957922664183484318e-02
6.937922006524266383e-02
6.929358866219469115e-02
6.924572260252066791e-02
6.917585712209396720e-02
6.891969773478907879e-02
6.816807984605419146e-02
6.707238927631871406e-02
6.634482872579322565e-02
6.553900580431569478e-02
6.472986068335585819e-02
6.355951048765402789e-02
6.292621950953077026e-02
6.265887163593944487e-02
6.253456225802977997e-02
6.241958345423637144e-02
6.269043762403456177e-02
6.299368229468427227e-02
6.325033378121233674e-02
6.309850983184922546e-02
6.251153451143393047e-02
6.196270854620077040e-02
6.139908364204609004e-02
6.077887430722193896e-02
6.065794694306293755e-02
6.046626579525975209e-02
5.997618784614991427e-02
5.926502918137897813e-02
5.845116041716222344e-02
5.762716316352861634e-02
5.701042336911815722e-02
5.663439299798661564e-02
5.649070939452410789e-02
5.647184783161890431e-02
5.653422717351556936e-02
5.682951475090448901e-02
5.768587406847966448e-02
5.937940481437015139e-02
6.079883539352524957e-02
6.154037630023026506e-02
6.173311229651451404e-02
6.150038670547353092e-02
6.073859747938548104e-02
5.952219033154335093e-02
5.803582209917548806e-02
5.699103381952722036e-02
5.600777860142167053e-02
5.521153728128330718e-02
5.476815799225775994e-02
5.457968043045308137e-02
5.484120267740469346e-02
5.523119485221075764e-02
5.564665308297381263e-02
5.599184484375921422e-02
5.633375458569872540e-02
5.643235240552334220e-02
5.613372388363987997e-02
5.567483933873555724e-02
5.509536693471427105e-02
5.426340819369515622e-02
5.385210199199015613e-02
5.406213951967789311e-02
5.414309256023699946e-02
5.383832390281963198e-02
5.333792592938169097e-02
5.191994360649693219e-02
5.033940257771134241e-02
4.872938789243783098e-02
4.711775621252148327e-02
4.569220357410408440e-02
4.505822663392047844e-02
4.513466325891803133e-02
4.591827432160926203e-02
4.649847584566406400e-02
4.657567491659730941e-02
4.660329986454482543e-02
4.653913998563290189e-02
4.649288929190603659e-02
4.655402375666040093e-02
4.636370474459766688e-02
4.578994055038382305e-02
4.533380263745163952e-02
4.503967906493772100e-02
4.476943094913882204e-02
4.492086757615137982e-02
4.551088252234107567e-02
4.640245031281151067e-02
4.733325462282618468e-02
4.743640180621877533e-02
4.692876108639443267e-02
4.643454330460670965e-02
4.626421743783806773e-02
4.590852732034239603e-02
4.554690784640030854e-02
4.521778759899733324e-02
4.508406654936311653e-02
4.493429922079575367e-02
4.491344858164220133e-02
4.476476610274265910e-02
4.438122046582734792e-02
4.431985074284668091e-02
4.418492078376673460e-02
4.407902189110721181e-02
4.410710568612648264e-02
4.421772224707948284e-02
4.406061568512822935e-02
4.360009323990668428e-02
4.283700940902622489e-02
4.229155332033181225e-02
4.188490216282463041e-02
4.140258200012297829e-02
4.085896131248741014e-02
4.063340239977990265e-02
4.046900108716072753e-02
4.068983622148206192e-02
4.107587017162778187e-02
4.169820454611389282e-02
4.256891614798227752e-02
4.354723317051320541e-02
4.412453267070595708e-02
4.409537369538119034e-02
4.407844909193107952e-02
4.352952362465720149e-02
4.260364466109781145e-02
4.140202506566906249e-02
4.024116667650350088e-02
3.914818944508327569e-02
3.814304279958856403e-02
3.748773079949264952e-02
3.712988397998806533e-02
3.695874630989254284e-02
3.694796232371047595e-02
3.714227582490861601e-02
3.735552176687671755e-02
3.755936673039489415e-02
3.787552357499673894e-02
3.828893945072985028e-02
3.865469805196450337e-02
3.895132056912575802e-02
3.918883422833843722e-02
3.977361396779441338e-02
3.995402254276816945e-02
3.958051823967038974e-02
3.952337775311032253e-02
3.980729299560317735e-02
4.013101490540996186e-02
4.018364692266743199e-02
4.025158553747226753e-02
4.012052602940169299e-02
3.987157914979255757e-02
3.951300361134540973e-02
3.903905199590537722e-02
3.878687101643674140e-02
3.865970436569297897e-02
3.828711660447289833e-02
3.797858956733186908e-02
3.750631633136600196e-02
3.706243158572185281e-02
3.669907333317401488e-02
3.622205273866857533e-02
3.571425046020854088e-02
3.549851820380951761e-02
3.548776679894688479e-02
3.552411624092963183e-02
3.550780375129933275e-02
3.537645514454039464e-02
3.520722372486281837e-02
3.495753214182623081e-02
3.463899336211304081e-02
3.415107621111101999e-02
3.359985449184629824e-02
3.305736717967310001e-02
3.254909118216242625e-02
3.217072755879367418e-02
3.185248849122082615e-02
3.183137179875306089e-02
3.190590738896245671e-02
3.211731011136247094e-02
3.256527229216259200e-02
3.295888197401861119e-02
3.309452599881643198e-02
3.297400398211725037e-02
3.268300018013792219e-02
3.226115666077344901e-02
3.181069355181459501e-02
3.144026913372099941e-02
3.154943994728134915e-02
3.189298436198469144e-02
3.240105173368826308e-02
3.286000197462714267e-02
3.307946124374833152e-02
3.304662072948029439e-02
3.288302258348850537e-02
3.264825668587384433e-02
3.228370198218843967e-02
3.187686652232282758e-02
3.161395143829308363e-02
3.163315523131393636e-02
3.174629674103948695e-02
3.184836674559171632e-02
3.191075346348919151e-02
3.183722163005109351e-02
3.167650269908235672e-02
3.161654729234604499e-02
3.161123490096368061e-02
3.156035839885251715e-02
3.158307733373619253e-02
3.172059503035654093e-02
3.173129152129108149e-02
3.157998427109487416e-02
3.123179748959586943e-02
3.081549105945255440e-02
3.039903355558702669e-02
3.059437204305626157e-02
3.089685403853056900e-02
3.112339534501792904e-02
3.125514824429356797e-02
3.125980415959281333e-02
3.120143390379270798e-02
3.111318600629825459e-02
3.106167907610923873e-02
3.091947078438835039e-02
3.069649083878370210e-02
3.051509573638505612e-02
3.029462234163859957e-02
2.995803452436290870e-02
2.951707237341341661e-02
2.900041863915692186e-02
2.849994530032898266e-02
2.807337030451917403e-02
2.766788506621706278e-02
2.736286626419823231e-02
2.710284061929710275e-02
2.683971494932213542e-02
2.665554041682605124e-02
2.679053493303965028e-02
2.700963838681097462e-02
2.710484766386189737e-02
2.706234795016010386e-02
2.691823350541062976e-02
2.680948951246148182e-02
2.689088308205647704e-02
2.684461973678659019e-02
2.666039342922895544e-02
2.680429117249513715e-02
2.709749577583939195e-02
2.741450741571579974e-02
2.769262529379362681e-02
2.795290129003651092e-02
2.812841705524846136e-02
2.818475513593982074e-02
2.814064934361266979e-02
2.809711071116421932e-02
2.831175493485667272e-02
2.848696870057060293e-02
2.846654399101077038e-02
2.835702806249010277e-02
2.822767050921609622e-02
2.807791077487326037e-02
2.784043787964934902e-02
2.745152541011516845e-02
2.713390405446895748e-02
2.680635186544272353e-02
2.643579455507470699e-02
2.616787792659239220e-02
2.604169054640678715e-02
2.602128153462662796e-02
2.593908987536838739e-02
2.585360848570300574e-02
2.575580155027706875e-02
2.570743616327234027e-02
2.565034946046584885e-02
2.559452599861442024e-02
2.547997667591629656e-02
2.530725851750992295e-02
2.544002735337518029e-02
2.556113235934015515e-02
2.557151206715695124e-02
2.548032096515005784e-02
2.540869362548811572e-02
2.538407075304448257e-02
2.569465690799715984e-02
2.593712753294241669e-02
2.591724178227901298e-02
2.569130239628823753e-02
2.540540922719214390e-02
2.526848794718131175e-02
2.526053390325419534e-02
2.514618072541682792e-02
2.511542651715856223e-02
2.522898117107599814e-02
2.524193769104657314e-02
2.575942743247044975e-02
2.567088200076278470e-02
2.547908974044374442e-02
2.533487877709052205e-02
2.530961592525760029e-02
2.526368857385391520e-02
2.519399950027711999e-02
2.508908939651559311e-02
2.497307419909639004e-02
2.487593841056284782e-02
2.493219817403546923e-02
2.515593143401495535e-02
2.527939002753980258e-02
2.524987310136472818e-02
2.536842129081252895e-02
2.555431224791931966e-02
2.559200789867019377e-02
2.554426074621854448e-02
2.542640686112211668e-02
2.521961440958200851e-02
2.496653007212003977e-02
2.471959076875007710e-02
2.470283919891149566e-02
2.477557855653699653e-02
2.474981745059439547e-02
2.470934763129657707e-02
2.462496792996503314e-02
2.455831659978736925e-02
2.455652093879628906e-02
2.441504707533834195e-02
2.410946869462236852e-02
2.375106773280111216e-02
2.339634649600422223e-02
2.309209434026210372e-02
2.278529173799428986e-02
2.259170113054607965e-02
2.241419830100746524e-02
2.233260142475967935e-02
2.242438722521516298e-02
2.262991129588926009e-02
2.287533622112736253e-02
2.312679748249290429e-02
2.334839648618457913e-02
2.348407498262955473e-02
2.351812882239739944e-02
2.349424661004459458e-02
2.341467410967465468e-02
2.328132374041130825e-02
2.328923012230271067e-02
2.327189019694027999e-02
2.323335371223253509e-02
2.318523541639708196e-02
2.312892755866882699e-02
2.298271207259877658e-02
2.284655574610938711e-02
2.282957001598148739e-02
2.267310801847211010e-02
2.237452857535332518e-02
2.203579080186128525e-02
2.224551391867002348e-02
2.250439451326162466e-02
2.280265830919503411e-02
2.286136471914261559e-02
2.269169266021860143e-02
2.244173512486635769e-02
2.231031057180041244e-02
2.220594114848056799e-02
2.198759907781355771e-02
2.176459538713212960e-02
2.159288050013506710e-02
2.155541561646250048e-02
2.150720912667380968e-02
2.142631371052394762e-02
2.130041212610966905e-02
2.113861602031064102e-02
2.092770934265963945e-02
2.064711551652682886e-02
2.034981834760449249e-02
2.012431946616724532e-02
1.992178852872604489e-02
1.977409490974904593e-02
1.987864689941429286e-02
1.996786949988994808e-02
2.026775877426026384e-02
2.052135014887745967e-02
2.070076021935592092e-02
2.088262153552269962e-02
2.093712553281619482e-02
2.083999845700923448e-02
2.064660666892714769e-02
2.042846313811282066e-02
2.028292110029450424e-02
2.020374385275486295e-02
2.020283490717839081e-02
2.040530231266224348e-02
2.059142525087753750e-02
2.068310292201619438e-02
2.066727842272506055e-02
2.081522772202465399e-02
2.107564056680233389e-02
2.127328859145463658e-02
2.143390864600508428e-02
2.169677781730133814e-02
2.195283436525191645e-02
2.207936770750756894e-02
2.217405637298383581e-02
2.221406472306899915e-02
2.221161525990575369e-02
2.220058508820874077e-02
2.216268735741339091e-02
2.207851846327210654e-02
2.195409984584859031e-02
2.178100452991918456e-02
2.153898852900010263e-02
2.144606301127813253e-02
2.145862334368006663e-02
2.143662240276503206e-02
2.137292379991757862e-02
2.126166790775857462e-02
2.109848278929916943e-02
2.087480281673576021e-02
2.062510298851885637e-02
2.029064824905044140e-02
1.989999488243279768e-02
1.946889633795438612e-02
1.917740968538264590e-02
1.903700173331435153e-02
1.906327869151641652e-02
1.905409350009865110e-02
1.907770481751602798e-02
1.909009735826697196e-02
1.911457683263778629e-02
1.909316273788924656e-02
1.902918379487533729e-02
1.893633741083594613e-02
1.894210844865393262e-02
1.896923600466521309e-02
1.898705637371285448e-02
1.905633369047915471e-02
1.912116336202476785e-02
1.917277411699150336e-02
1.920789621878232767e-02
1.928917466182271390e-02
1.941821434078802588e-02
1.953032234786454546e-02
1.960899713186876892e-02
1.962571287811640253e-02
1.965030754234495247e-02
1.967285216596523223e-02
1.966691194039510426e-02
1.988719036349412272e-02
2.019501239468923098e-02
2.051326274465301025e-02
2.084306892663331107e-02
2.115550439361296720e-02
2.137459783582890127e-02
2.146536453684005918e-02
2.141297161243407160e-02
2.118498700127302570e-02
2.081991719600941732e-02
2.038861982635489789e-02
2.018850972714477526e-02
2.001081610716065606e-02
1.987222698562994549e-02
1.970375430650805892e-02
1.962733938236516096e-02
1.960861984740058794e-02
1.959179592763726774e-02
1.958000324798470082e-02
1.958145014937442974e-02
1.966029099191714952e-02
1.977555687202911527e-02
1.994095213287483404e-02
2.007354915633846604e-02
2.033701328053295898e-02
2.033027690732927550e-02
2.010765539580587624e-02
1.979666928008610993e-02
1.986722972046840729e-02
1.976527647691792011e-02
1.928461827378935567e-02
1.914250473138118247e-02
1.894684573673346972e-02
1.880972410840858755e-02
1.868575298989172406e-02
1.859540094103248609e-02
1.843466843011069833e-02
1.823260407368965108e-02
1.805252772381646387e-02
1.796127508409799123e-02
1.791139422472365350e-02
1.782737991858593385e-02
1.776317780389816137e-02
1.764455790383524791e-02
1.759095607633118230e-02
1.769453417904205683e-02
1.785532637714123960e-02
1.801592173720613366e-02
1.821246451473290673e-02
1.841558005559415512e-02
1.861227698968132005e-02
1.877122113820176019e-02
1.888559761356750633e-02
1.895331746665257500e-02
1.897362742091662779e-02
1.904602089534609966e-02
1.913109125241564679e-02
1.919290295972830851e-02
1.935562009992161658e-02
1.950903213859750407e-02
1.958799738926217393e-02
1.958287358696961244e-02
1.947960048993875593e-02
1.926907011831083261e-02
1.897685546468187712e-02
1.866727557257538694e-02
1.836777875797940274e-02
1.824438358678345806e-02
1.807007235014717467e-02
1.783987039384906520e-02
1.770147122634108117e-02
1.754429446670224130e-02
1.736000767871848094e-02
1.715370064453661247e-02
1.692645529815689498e-02
1.668502092601694548e-02
1.643248296492186289e-02
1.622585244441734909e-02
1.608045952836475306e-02
1.595341139809708375e-02
1.584546572861483815e-02
1.575673757937145342e-02
1.568822583474582116e-02
1.571309495248723875e-02
1.578752391206247885e-02
1.587175726015063737e-02
1.595055558880054125e-02
1.603467614014078557e-02
1.612403516649787982e-02
1.627053033123562059e-02
1.642750680732399382e-02
1.666975801238716748e-02
1.690492016219061200e-02
1.709807674184954385e-02
1.725175719060333124e-02
1.739654187788720885e-02
1.750097229927914666e-02
1.754672754286103198e-02
1.753706009325423087e-02
1.747542192811704642e-02
1.737387773470411290e-02
1.729656333566212401e-02
1.724868891154510142e-02
1.719715104390551197e-02
1.712220161072428026e-02
1.702764171155762840e-02
1.691436754541458809e-02
1.694997098406017533e-02
1.717113339682169171e-02
1.734229251749852541e-02
1.740172442259457775e-02
1.746649329701645270e-02
1.746765613983436438e-02
1.738458371668384628e-02
1.728975936352181164e-02
1.728461694619126687e-02
1.723820613113188904e-02
1.713758853785105063e-02
1.698661394080175358e-02
1.678623995823855242e-02
1.654621935392519561e-02
1.631934719984146076e-02
1.624680801440148148e-02
1.624481573919780986e-02
1.622202388301860476e-02
1.618213366809934106e-02
1.613886546543405465e-02
1.610462833358841661e-02
1.606974337796257535e-02
1.608793827484858441e-02
1.609718511413241182e-02
1.607632528396588101e-02
1.612683798880940045e-02
1.615418826934822416e-02
1.616447495432579706e-02
1.614682673149467340e-02
1.609286285923922089e-02
1.602628670564978930e-02
1.593717927241772303e-02
1.579329723350902936e-02
1.560213899376997060e-02
1.539542455594963832e-02
1.517076830045169245e-02
1.493517755732848284e-02
1.493842815835248750e-02
1.500682292855542999e-02
1.522027355534016912e-02
1.538041648215096591e-02
1.548165708190141210e-02
1.552313365933574718e-02
1.550603520131942081e-02
1.543259474529157238e-02
1.576116491129442299e-02
1.612619920429833598e-02
1.642114613918735366e-02
1.666607065799746018e-02
1.681894609569706267e-02
1.684584977916669252e-02
1.699306187214516539e-02
1.708259497942644922e-02
1.705538826970277866e-02
1.690232123749248194e-02
1.663622019375257666e-02
1.631004698969669431e-02
1.595052407714667164e-02
1.561853950741912134e-02
1.554659781520478790e-02
1.539820095561937607e-02
1.536510474253099945e-02
1.523185836197807341e-02
1.514252495112992924e-02
1.505112905379896171e-02
1.508181637387490115e-02
1.517369368189405709e-02
1.521445243883390308e-02
1.518793107105056994e-02
1.509801715878819617e-02
1.502672423578450822e-02
1.490795709048757522e-02
1.483328573292919117e-02
1.473574870814098325e-02
1.461291085502354481e-02
1.473781270000962262e-02
1.497170363242214530e-02
1.519134584675763122e-02
1.539449664870606860e-02
1.557767435724352612e-02
1.572165090326607673e-02
1.578096900370146161e-02
1.581189651370940030e-02
1.580559085244176432e-02
1.575578371812813572e-02
1.569017838580274993e-02
1.567898511540780082e-02
1.570360176560613163e-02
1.569119919209822911e-02
1.564135895412613331e-02
1.555819717875904507e-02
1.545805808145614413e-02
1.534666396114969800e-02
1.521535866370909984e-02
1.506979759548641995e-02
1.491672200143877303e-02
1.477532920049144660e-02
1.467617259984557720e-02
1.468025220011212606e-02
1.465406200022681404e-02
1.458629608544276257e-02
1.449230497817215191e-02
1.437615077084464232e-02
1.426522789033350669e-02
1.416554633276149999e-02
1.406110250277814444e-02
1.399622617065882091e-02
1.396278726677047111e-02
1.394301629404411103e-02
1.394011779588164024e-02
1.396882265622551023e-02
1.400465775528222934e-02
1.405344236088276744e-02
1.422354550696192099e-02
1.436151666984911146e-02
1.454679336632663800e-02
1.472769307862656363e-02
1.485755894965314072e-02
1.503729241503504177e-02
1.519392503729499744e-02
1.528870531420706280e-02
1.534183759468708830e-02
1.539236083798226074e-02
1.555552874436502697e-02
1.570331735059846134e-02
1.587194389773333159e-02
1.600707123321881697e-02
1.608355918118795080e-02
1.609931423421684382e-02
1.605581147477602721e-02
1.596565791403808943e-02
1.584018996650943256e-02
1.574222706085801060e-02
1.564459740890394857e-02
1.554815632104275536e-02
1.577782926013240883e-02
1.598399892988222604e-02
1.612958823737058872e-02
1.619558641654463699e-02
1.616965287976415699e-02
1.606327930565240591e-02
1.588968093152065553e-02
1.566387467445296000e-02
1.544531523854481003e-02
1.527120916048562566e-02
1.511304048467976280e-02
1.490583280593749116e-02
1.466479703742906704e-02
1.453434757087853496e-02
1.451461191793346206e-02
1.447066861679033312e-02
1.440619549117216208e-02
1.433232829530939334e-02
1.429365456150485936e-02
1.425046972015925340e-02
1.420311784229152247e-02
1.415179010683398353e-02
1.409745997032588183e-02
1.404433539972996248e-02
1.399362281907357008e-02
1.394432443735259958e-02
1.390809700060338661e-02
1.388583561786863041e-02
1.385336125224572584e-02
1.381265637263461715e-02
1.377815287243588926e-02
1.375846084408297032e-02
1.373202840358300758e-02
1.370914532512395451e-02
1.367654110961604580e-02
1.362839421683720298e-02
1.356375719773839084e-02
1.349246290827926104e-02
1.355922398816125640e-02
1.367559046278761514e-02
1.378914972794056948e-02
1.386225953792735721e-02
1.388506834325514694e-02
1.389560166493122861e-02
1.387890974677899458e-02
1.382101774679897477e-02
1.375311382003482907e-02
1.372500112856256393e-02
1.368212968924356621e-02
1.367232349915968592e-02
1.364096274878040527e-02
1.378519000995412358e-02
1.423788145821816564e-02
1.463692570824834394e-02
1.489811356642667395e-02
1.499878092696407816e-02
1.501139115538402402e-02
1.500834433518535155e-02
1.493476480859062816e-02
1.484661914010967226e-02
1.472582991250290241e-02
1.456775591670522035e-02
1.437711072773275450e-02
1.416015654963057036e-02
1.392319028511750795e-02
1.368175955509293162e-02
1.349436176820756339e-02
1.334679166773583558e-02
1.324585164204655774e-02
1.318127557913503778e-02
1.327583493095477185e-02
1.348997042992425288e-02
1.372325042242536486e-02
1.390526090082599975e-02
1.403790973933602415e-02
1.409517298732393398e-02
1.409615923567966722e-02
1.411698981990061608e-02
1.410420665056866252e-02
1.405973927991610584e-02
1.394468070995769082e-02
1.379352190079782825e-02
1.362213968063219482e-02
1.339358216787400746e-02
1.313988578099584137e-02
1.296792435328907034e-02
1.285439297847977558e-02
1.273994350598095515e-02
1.262305696259130583e-02
1.250238178787732579e-02
1.238991719752763343e-02
1.231533688453789743e-02
1.240363273067485173e-02
1.253539086849875250e-02
1.273890186899123700e-02
1.297928917937987703e-02
1.319740805320956945e-02
1.335184331563726845e-02
1.344151668126854215e-02
1.353279279387699374e-02
1.359212384135399798e-02
1.356745948036119920e-02
1.352126089026939315e-02
1.344851238441342745e-02
1.333187257455153985e-02
1.326877602917071741e-02
1.318069640213442861e-02
1.307615360390219916e-02
1.301341469146666263e-02
1.298445673355891339e-02
1.295919720322537272e-02
1.293845591379477744e-02
1.292279099074744586e-02
1.291221691332716803e-02
1.290615703281072779e-02
1.290417764246383492e-02
1.290543294461465873e-02
1.291073193751864079e-02
1.291608964780710522e-02
1.291737318516611444e-02
1.300824852389403929e-02
1.309481298110609648e-02
1.314862094785508584e-02
1.316237965438031565e-02
1.315955670144181022e-02
1.317006954256526308e-02
1.316039011622033295e-02
1.311532230918321940e-02
1.307552113792864734e-02
1.303664846066016070e-02
1.298247342228263379e-02
1.291925087310556719e-02
1.284880653608781731e-02
1.277960521363832869e-02
1.274892566938204408e-02
1.271220888751052602e-02
1.266826694910247464e-02
1.261909597764306057e-02
1.256415280601208551e-02
1.256331988519804321e-02
1.258122581605655710e-02
1.258128326659575802e-02
1.255962295144910645e-02
1.251233556851928663e-02
1.251572960023322745e-02
1.249986047946079204e-02
1.245667750812536057e-02
1.239622915313792761e-02
1.231490842462013013e-02
1.222494152146402779e-02
1.212546800714275896e-02
1.208891375244235122e-02
1.208786021815216882e-02
1.203801726535524974e-02
1.197532590821603904e-02
1.197192261929647117e-02
1.184454728523255673e-02
1.175539069333958464e-02
1.170952922735540858e-02
1.176846049518999460e-02
1.192963209710787287e-02
1.206374865038380151e-02
1.221014025321293106e-02
1.234067163695616587e-02
1.241314034004879774e-02
1.243141304459877139e-02
1.239823394902611620e-02
1.232097336122529863e-02
1.221962238671910062e-02
1.209942219201277924e-02
1.196565865027197917e-02
1.184534613961796268e-02
1.181653584006475688e-02
1.181925883257683996e-02
1.181741932000414386e-02
1.182135899492003928e-02
1.182951769156363742e-02
1.186668511964748818e-02
1.186350551033771294e-02
1.181781025978628774e-02
