# players: 2 
# game: kuhn_poker 
# regret_matching_plus: True 
# alternating_updates: True 
# linear_averaging: True 
# average_policy: False 
# print_freq: 1 
# exploitability: 0.0406240236406529 
# iterations: 100 
# 
2.499999999999999722e-01
1.311188811188811199e-01
1.686507936507936067e-01
5.937236258621514384e-02
1.079597526420775500e-01
9.010726004655894572e-02
9.686545420535191964e-02
8.692493791944613801e-02
5.945350874730262469e-02
3.897346605894219662e-02
6.345443298347475114e-02
7.495161101236144652e-02
8.910284759283831901e-02
8.003539019037259061e-02
6.824112129848095010e-02
5.493699389744288730e-02
4.904835900670034832e-02
2.877472667472025236e-02
3.876951081453672288e-02
4.199637812727338715e-02
6.769435060976466967e-02
6.256142296879885212e-02
5.152572654541637265e-02
3.954300411342998034e-02
4.106730735405181298e-02
3.300615731245129525e-02
1.845715312911139216e-02
2.133805882636150009e-02
2.856533479687850541e-02
5.739123599248055485e-02
5.371375843675657569e-02
4.723784914012427172e-02
3.477594135508629836e-02
3.884314686881923384e-02
3.917003597614104882e-02
3.070738595965016859e-02
2.495785189283716843e-02
2.524558741436794262e-02
3.711333499883162634e-02
5.196580200793690651e-02
5.022155534189434722e-02
4.879482736659113140e-02
4.184327175286461920e-02
3.680283572012457705e-02
4.341855215834114490e-02
3.689848780003285311e-02
2.045550448134106358e-02
2.330608303006165283e-02
1.941365410104817224e-02
4.024869074361500654e-02
5.210280925638077765e-02
4.282457345286555528e-02
4.585302724166609445e-02
3.994509913018004510e-02
4.364253006268054014e-02
4.102298389505915077e-02
2.877939548885305454e-02
2.124780038725612719e-02
1.979940633350621426e-02
2.607409178984734788e-02
3.922345629948487122e-02
4.861614331984498438e-02
4.916992970092121107e-02
4.594680823262606295e-02
3.895384260434034407e-02
3.502524811986343356e-02
3.457632070701793792e-02
2.810032490514965953e-02
1.802411091182098968e-02
1.773017406441526611e-02
1.731690719222458985e-02
2.971659618328381658e-02
4.647396773320625063e-02
4.608992498972863672e-02
4.227253805090636085e-02
3.560589093072380473e-02
3.065353158409730994e-02
3.298946296662935707e-02
3.315827562284662244e-02
2.554297304022565274e-02
1.936820680390308191e-02
1.959044818936117593e-02
2.035029525183043586e-02
3.482987795085085159e-02
4.653511288108097554e-02
4.289787565261671265e-02
4.011406897666106031e-02
3.830795580550247492e-02
3.141370891655928532e-02
3.701330496273907977e-02
3.566518404171226120e-02
2.590797075291398355e-02
1.750805576635311445e-02
1.979424501445573026e-02
1.772378116090256306e-02
3.153817711633730148e-02
4.308511375862134063e-02
4.256943818206712637e-02
4.145021709788923592e-02
4.062402364065290095e-02
