# game: kuhn_poker 
# eval_every: 1 
# num_iterations: 1000 
# num_traversals: 2000 
# policy_network_layers: (30, 30) 
# advantage_network_layers: (30, 30) 
# learning_rate: 0.001 
# batch_size_advantage: None 
# batch_size_strategy: None 
# memory_capacity: 100000 
# 
1.084799385527238202e+00
1.095758726144774986e+00
1.107369536844372337e+00
1.119675046732218959e+00
1.132297102051451843e+00
1.145228741828344887e+00
1.158066254989139621e+00
1.172053754423409089e+00
1.186925789033200118e+00
1.202328844572566169e+00
1.218019045064561823e+00
1.233424934972524367e+00
1.248087833971402549e+00
1.261591550418692975e+00
1.273835144642743389e+00
1.285036983194665083e+00
1.294650312488762722e+00
1.302668303379482806e+00
1.309274081849801208e+00
1.314637643075362350e+00
1.318757742791350385e+00
1.321864551170494284e+00
1.324376688296428739e+00
1.326008260154460938e+00
1.327229003404910346e+00
1.328218132251507200e+00
1.329273005057162838e+00
1.330889248568672745e+00
1.332786922578469646e+00
1.335478696749807570e+00
1.338959751698093559e+00
1.342773855273919459e+00
1.347116877679387814e+00
1.351996278066640578e+00
1.356956184370687879e+00
1.362328506029926389e+00
1.368042697381461892e+00
1.373827516502922563e+00
1.379652098065778265e+00
1.385503201632239723e+00
1.391326855582634581e+00
1.396938303694852168e+00
1.402032113115175394e+00
1.406367943023341560e+00
1.410530423869574834e+00
1.414660662222141818e+00
1.418473708943175815e+00
1.422531596010420563e+00
1.426497907597669368e+00
1.430487417020391394e+00
1.434553524691930093e+00
1.438525234797543462e+00
1.442616766880777890e+00
1.446380254853381286e+00
1.449920702446103160e+00
1.453239985148180979e+00
1.456431788776364700e+00
1.459718469593552115e+00
1.462966619205562369e+00
1.466240337640243752e+00
1.469754316964098084e+00
1.473155247421312319e+00
1.476277245931542748e+00
1.479099324031972973e+00
1.481815107394813591e+00
1.484791613540979327e+00
1.487807220233634986e+00
1.490666662737351933e+00
1.493340887801853700e+00
1.495581213730904357e+00
1.497487771654754996e+00
1.499591583859296140e+00
1.501716110943752458e+00
1.503934358672616822e+00
1.505796785786749581e+00
1.507284544127490022e+00
1.508640324803172561e+00
1.509920897656270800e+00
1.511020444250078976e+00
1.511913474533375989e+00
1.512946388620102223e+00
1.514157540415276504e+00
1.515367605716172683e+00
1.516357759683489181e+00
1.517376872978825730e+00
1.518393174560203507e+00
1.519341319335962837e+00
1.520385226460818195e+00
1.521385255925034929e+00
1.522403303401682839e+00
1.523447783805853106e+00
1.524424928306781446e+00
1.525171427121270185e+00
1.525709361378730700e+00
1.525694982001692956e+00
1.525321975054293011e+00
1.524818452856917972e+00
1.524254266139648983e+00
1.523774540854394566e+00
1.523294594745935981e+00
1.522737955399787069e+00
1.522173722277334607e+00
1.521570551350216682e+00
1.520938112581839974e+00
1.520318426451602756e+00
1.519428378334421348e+00
1.518502364059382659e+00
1.517499338820970101e+00
1.516402300096090672e+00
1.515305819499292772e+00
1.514147705828350343e+00
1.512996505685672455e+00
1.512008102473391791e+00
1.510983725560612889e+00
1.510004221495897969e+00
1.509173797149704122e+00
1.508257196890268936e+00
1.507352137277771176e+00
1.506540692370697654e+00
1.505674546799449232e+00
1.504912092645118271e+00
1.504147244789114435e+00
1.503331706674295720e+00
1.502688676106364252e+00
1.502110987806200448e+00
1.501622989743160552e+00
1.501321199047736421e+00
1.501056819734762460e+00
1.500885094178569190e+00
1.500868836715893551e+00
1.500724668929973582e+00
1.500641605650406607e+00
1.500601258765045465e+00
1.500451560123324368e+00
1.500494329939206839e+00
1.500531329523373758e+00
1.500588643038443415e+00
1.500900784864476867e+00
1.501037066072062887e+00
1.501309656449709262e+00
1.501675985585075868e+00
1.501837061353429092e+00
1.502125169722462461e+00
1.502441180805338394e+00
1.502606258353953450e+00
1.502904591771150322e+00
1.503183642485431237e+00
1.503522345802248639e+00
1.503965378038230716e+00
1.504326460346610439e+00
1.504815830990142267e+00
1.505358297757569686e+00
1.505599417437897047e+00
1.506147490616855045e+00
1.506627545531513235e+00
1.506922726190224715e+00
1.507571673453134142e+00
1.508063533312224092e+00
1.508315726896710895e+00
1.508749080291542644e+00
1.509001540454153245e+00
1.509133872315762348e+00
1.509323024995708584e+00
1.509398568721204814e+00
1.509431514836072408e+00
1.509452914934939827e+00
1.509393999495879379e+00
1.509471044214017343e+00
1.509539825906307975e+00
1.509528260549580558e+00
1.509727283776016726e+00
1.509830999374098148e+00
1.509938758566140127e+00
1.510303697253694732e+00
1.510538964200708101e+00
1.510798226133767574e+00
1.511111322634324683e+00
1.511207125839318266e+00
1.511402737916194061e+00
1.511625714007975407e+00
1.511653736012520177e+00
1.511788475903645956e+00
1.511896984574555347e+00
1.511911263484048806e+00
1.512149961039763291e+00
1.512279503361872557e+00
1.512395917942702450e+00
1.512525881940525174e+00
1.512565710614241388e+00
1.512644738519944188e+00
1.512759426979801924e+00
1.512794519008689331e+00
1.512905284661178129e+00
1.512857780161624532e+00
1.512802586072213185e+00
1.512797079484355933e+00
1.512724958832231126e+00
1.512746200855681789e+00
1.512741770962352295e+00
1.512692361118455064e+00
1.512816416139398434e+00
1.512850005868380476e+00
1.512976204152232773e+00
1.513129876853739564e+00
1.513212589084876658e+00
1.513383209833592646e+00
1.513559208094781727e+00
1.513739866785468013e+00
1.513984208656180108e+00
1.514195351285316571e+00
1.514369787648010668e+00
1.514567764263637262e+00
1.514717032856442547e+00
1.514833416909651564e+00
1.514961641202777320e+00
1.514966491106394031e+00
1.515052619683845636e+00
1.515063498462574598e+00
1.515084501912818293e+00
1.515186897842533797e+00
1.515169522467591179e+00
1.515320808402038422e+00
1.515330208801393130e+00
1.515400862189716591e+00
1.515477506813938113e+00
1.515465641463052293e+00
1.515546241120186099e+00
1.515597084426897556e+00
1.515648529102253672e+00
1.515733596214139833e+00
1.515840204926398593e+00
1.515853605108841373e+00
1.515996660974290311e+00
1.515959558996587742e+00
1.516017971994918723e+00
1.516122751974960936e+00
1.516087831994227475e+00
1.516315093736202657e+00
1.516353225365947299e+00
1.516543013939998463e+00
1.516727770253516461e+00
1.516664871514361579e+00
1.516726700616192858e+00
1.516471885614285142e+00
1.516247223950812018e+00
1.515940855933701759e+00
1.515660175988174263e+00
1.515440166477610706e+00
1.515337560147836715e+00
1.515086878822794692e+00
1.515025223503031704e+00
1.514894162525541432e+00
1.514886076596815290e+00
1.514865791349197854e+00
1.514963979836867480e+00
1.514962107499989052e+00
1.515254319866968791e+00
1.515402353075260278e+00
1.515632634648408139e+00
1.516085539985224884e+00
1.516230477255978926e+00
1.516710747442516771e+00
1.517020627285187162e+00
1.517284577383672506e+00
1.517880780502833815e+00
1.517876364394883826e+00
1.518253179905109107e+00
1.518222659758234006e+00
1.518257138823887686e+00
1.518231078716219873e+00
1.518109072039800278e+00
1.518079955786728608e+00
1.517975458797895305e+00
1.517990903051414264e+00
1.517923930590534098e+00
1.518105955195085732e+00
1.518147671983335778e+00
1.518142497258337942e+00
1.518230926412136306e+00
1.518175950470169955e+00
1.518300415728230490e+00
1.518326715627964729e+00
1.518405577921634997e+00
1.518568612010749774e+00
1.518664436011788244e+00
1.518647411901371314e+00
1.518843614714489032e+00
1.518708531307250587e+00
1.518884713439138778e+00
1.518819660494930002e+00
1.518791097159789327e+00
1.518969047152311402e+00
1.518723749636452958e+00
1.518856358658120076e+00
1.518754354821394870e+00
1.518745151637528323e+00
1.519009468254858719e+00
1.518839072087851960e+00
1.519386778892588774e+00
1.519182777401894224e+00
1.519463319583754357e+00
1.519385125396369496e+00
1.519330114540539789e+00
1.519326232585175518e+00
1.519258002049769907e+00
1.519188663897843128e+00
1.519344334519391770e+00
1.519299327360458030e+00
1.519293675297331614e+00
1.519603765988910116e+00
1.519460452561166575e+00
1.519471175630235038e+00
1.519721969047611587e+00
1.519168359784679012e+00
1.519438638858770174e+00
1.519057248156658213e+00
1.518949665035691510e+00
1.519279398032089778e+00
1.519050467622746314e+00
1.519323048011553823e+00
1.519564225224705023e+00
1.519201489090490131e+00
1.519558395791515748e+00
1.519421662261932537e+00
1.519120957617835721e+00
1.519529756231629669e+00
1.519050975849839835e+00
1.519143950860696535e+00
1.519303906892194966e+00
1.518985731001089690e+00
1.519351503080913268e+00
1.519225646870635993e+00
1.519093342273012404e+00
1.519340077572127079e+00
1.518951595021269085e+00
1.518994958515727633e+00
1.519129440393192088e+00
1.518896909204353385e+00
1.519232242566011415e+00
1.519349367745966628e+00
1.519157309993152349e+00
1.519529391739795399e+00
1.519295295528242606e+00
1.519413813091086585e+00
1.519677112763087035e+00
1.519458722182420063e+00
1.519815935613271218e+00
1.519748307945536059e+00
1.519593940585951319e+00
1.519821126565469527e+00
1.519555943563024147e+00
1.519539577140924580e+00
1.519642997585810340e+00
1.519333309546296196e+00
1.519457184365970548e+00
1.519414600977033736e+00
1.519352082088755385e+00
1.519550449049364094e+00
1.519425042529218395e+00
1.519446420193872438e+00
1.519492074218445232e+00
1.519425943216045516e+00
1.519478541769006208e+00
1.519665144647885491e+00
1.519576021420663725e+00
1.519837013642965529e+00
1.519847595942773300e+00
1.519648614053236368e+00
1.519960365697496263e+00
1.519451589764164723e+00
1.519787536251563820e+00
1.519614726274370442e+00
1.519545610757989218e+00
1.519842073945515626e+00
1.519539596673479709e+00
1.519910130833849404e+00
1.519648181955215671e+00
1.519814971257265723e+00
1.519734883505671430e+00
1.519619158832369310e+00
1.519795843265699276e+00
1.519503370627907524e+00
1.519883583076255817e+00
1.519512055345753287e+00
1.519851779555518423e+00
1.519466159622260282e+00
1.519559572523317970e+00
1.519309033874796988e+00
1.519314715974628527e+00
1.519006709378299735e+00
1.518963877427678799e+00
1.518968291094839884e+00
1.518814629098838243e+00
1.519585668047135574e+00
1.519384814258532890e+00
1.519507064776651539e+00
1.519745514312870860e+00
1.518975173518592348e+00
1.519468577533900744e+00
1.519267800132679369e+00
1.519120345720819554e+00
1.519313584809085516e+00
1.519232589705620917e+00
1.519049283748916679e+00
1.519615790460167037e+00
1.519380964718194171e+00
1.519795302452263019e+00
1.519840093065486064e+00
1.519109364908520998e+00
1.519476337859438253e+00
1.518970094004568283e+00
1.519078429586383727e+00
1.519508591866096658e+00
1.519162394235725744e+00
1.519472394223581713e+00
1.519433443993830624e+00
1.519392850047100119e+00
1.519603406452138650e+00
1.519599774259581482e+00
1.519468801682899883e+00
1.519588181996508247e+00
1.519276802369330603e+00
1.519211263225684450e+00
1.519482606485119458e+00
1.519082587740351098e+00
1.519583748742452611e+00
1.519417711918535918e+00
1.519248487001469528e+00
1.519668396042309189e+00
1.519225989970927060e+00
1.519576440178950438e+00
1.519485231891370969e+00
1.519300051540704688e+00
1.519515523155384962e+00
1.519309037717014199e+00
1.519402796038047843e+00
1.519416991258931038e+00
1.519323789512328160e+00
1.519344430689800740e+00
1.519393773782546697e+00
1.519311873350981390e+00
1.519456190351512248e+00
1.519483501264224046e+00
1.519374767886735533e+00
1.519565165856572531e+00
1.519384069764996514e+00
1.519471972169198271e+00
1.519509271053854693e+00
1.519388403630198336e+00
1.519471510135592895e+00
1.519439741771023034e+00
1.519475833454099201e+00
1.519510522221271920e+00
1.519538460949089842e+00
1.519395118909057096e+00
1.519520484320185272e+00
1.519338828863272317e+00
1.519477420281368119e+00
1.519551946054480185e+00
1.519298319232857519e+00
1.519647564678439977e+00
1.519166148509840220e+00
1.519574827979281118e+00
1.519520560712740664e+00
1.519469859448856486e+00
1.519788500530501851e+00
1.519295555687199872e+00
1.519641087497623833e+00
1.519255381969277785e+00
1.519499299484030619e+00
1.519499683161646963e+00
1.519415640005148171e+00
1.519686045688814380e+00
1.519322290163235056e+00
1.519704197885888064e+00
1.519545813424568514e+00
1.519504583914932372e+00
1.519719077096322257e+00
1.519057817274950484e+00
1.519552840043087771e+00
1.519061172092438072e+00
1.519444994766850909e+00
1.519578128258094241e+00
1.519586592875388664e+00
1.519832834301328983e+00
1.519551826118887838e+00
1.519459126783222480e+00
1.519405375417945958e+00
1.519097606519452359e+00
1.519442524594313504e+00
1.519137513452580857e+00
1.519517744100948198e+00
1.519472170561884994e+00
1.519635077178880911e+00
1.519666140950350464e+00
1.519567612534554524e+00
1.519405358422512453e+00
1.519230605633763220e+00
1.519103811454290742e+00
1.519187825405238890e+00
1.519189139752010309e+00
1.519475901209911939e+00
1.519444645975084107e+00
1.519315148468540100e+00
1.519362368631810511e+00
1.518900249404776970e+00
1.519115879525506863e+00
1.519215885195312143e+00
1.519112819466801767e+00
1.519562532924626730e+00
1.519249122958286735e+00
1.519217463215534636e+00
1.519313776782534209e+00
1.518969536319445979e+00
1.519059082077927503e+00
1.519030634996587414e+00
1.518919935463503679e+00
1.519197889282850822e+00
1.519457981927511803e+00
1.519477887108997338e+00
1.519773960765601117e+00
1.519580140538037583e+00
1.519175477569100874e+00
1.519382686384285197e+00
1.518873453369288917e+00
1.519222918820992696e+00
1.519401173821914863e+00
1.519222353836497952e+00
1.519661126094686843e+00
1.519370095147697164e+00
1.519341578312979335e+00
1.519315411718950681e+00
1.519034374311203806e+00
1.519181989412970335e+00
1.519343520141321680e+00
1.519451969997007268e+00
1.519649920217889250e+00
1.519666008591084694e+00
1.519635138716256328e+00
1.519658454219218857e+00
1.519718859840924363e+00
1.519554103674556789e+00
1.519806817316620817e+00
1.519668871821700407e+00
1.519949568698372389e+00
1.520192026540617469e+00
1.520162884503075906e+00
1.520304670088403753e+00
1.520030034945201836e+00
1.519721328071888866e+00
1.519822529421811952e+00
1.519511993121828386e+00
1.519741765859984550e+00
1.519694077638229945e+00
1.519682887569191454e+00
1.519843303904555576e+00
1.519984614168720327e+00
1.519941092721168285e+00
1.520140493712758500e+00
1.520019856525329338e+00
1.519864024839834737e+00
1.520125320951573933e+00
1.519725525343221140e+00
1.520011801518807548e+00
1.519979132325176341e+00
1.519869829958840901e+00
1.520314687445008417e+00
1.520118568033010931e+00
1.520275265276236798e+00
1.520229947063465037e+00
1.519903672764505664e+00
1.520101789275613458e+00
1.519949599526111417e+00
1.520078181047187282e+00
1.520104102388985856e+00
1.519864546986013920e+00
1.519933516810757723e+00
1.519780545734392252e+00
1.519928927479741620e+00
1.520033589751501601e+00
1.520084980763405369e+00
1.520196679198673628e+00
1.520059719556197786e+00
1.520159877339259724e+00
1.520018693192242587e+00
1.520123154782620833e+00
1.520071315938140266e+00
1.520002141635985238e+00
1.520158297476323028e+00
1.520077835686312273e+00
1.520369143345182028e+00
1.520278080108862895e+00
1.520331862875658135e+00
1.520236494872444277e+00
1.520122379720875383e+00
1.520050129004596240e+00
1.520033308631159485e+00
1.519963787318886261e+00
1.520094766098428085e+00
1.520136047983083216e+00
1.520120599732821542e+00
1.520331186425332604e+00
1.520047420858627429e+00
1.520223230291528616e+00
1.519914108493524818e+00
1.519789069741959153e+00
1.520041332382970900e+00
1.519676535259509853e+00
1.520229760044222944e+00
1.519752451737880428e+00
1.519931687210056559e+00
1.519859795323406093e+00
1.519665888581224422e+00
1.520072628461852648e+00
1.519735594792858580e+00
1.520030335202266825e+00
1.519880697354028865e+00
1.519654610695522878e+00
1.519810552377630852e+00
1.519052312162042284e+00
1.519097591219630505e+00
1.518563456375730869e+00
1.518580849960986523e+00
1.518851352892882201e+00
1.518769525391711950e+00
1.518783972181358966e+00
1.518437434229969352e+00
1.518356045989730063e+00
1.518310666182002944e+00
1.518416032547270200e+00
1.518484468635330487e+00
1.518229912983430241e+00
1.518639809728025147e+00
1.518370531578010718e+00
1.519007010201282704e+00
1.519327058984323076e+00
1.519324609452402663e+00
1.519772422887337271e+00
1.519354869986965451e+00
1.519386433729948527e+00
1.519688200384455845e+00
1.519710480843774025e+00
1.519845126233261956e+00
1.519725438919512062e+00
1.519693328399791543e+00
1.519673920221316310e+00
1.519821606307391937e+00
1.519884449097458790e+00
1.519604813576156621e+00
1.519754571644608143e+00
1.519718208427796036e+00
1.519613372484898806e+00
1.519997830411685902e+00
1.519810347302038567e+00
1.519672897339543027e+00
1.519888904649701278e+00
1.519659744891348918e+00
1.519824205896427527e+00
1.519960197563068549e+00
1.519737991527117860e+00
1.519818141771167141e+00
1.519671648215028981e+00
1.519647308711062461e+00
1.519741496289618077e+00
1.519684449923161651e+00
1.519733597059413466e+00
1.519639642856958961e+00
1.519732330913928564e+00
1.519757099663859412e+00
1.519747642902304685e+00
1.519785893350772632e+00
1.519576213105845008e+00
1.519587818022256620e+00
1.519645834045419086e+00
1.519607226738700856e+00
1.519688535493361581e+00
1.519627306184115900e+00
1.519669234182293494e+00
1.519734271041436990e+00
1.519905904773900307e+00
1.519894551397082072e+00
1.519826046435048372e+00
1.519684047394758597e+00
1.519460127435239727e+00
1.519559594002837910e+00
1.519620340461877994e+00
1.519742643910234836e+00
1.519847234774820643e+00
1.519684639324918152e+00
1.519673109886227724e+00
1.519672872072398206e+00
1.519698857917754831e+00
1.519743960838175756e+00
1.519610234821944239e+00
1.519540676900385856e+00
1.519543478804026071e+00
1.519614748712097452e+00
1.519788683710987076e+00
1.519748390181881570e+00
1.519813588147592487e+00
1.519777908027062807e+00
1.519680635340506125e+00
1.519745960295469267e+00
1.519521445404708127e+00
1.519679645514695254e+00
1.519620432124424658e+00
1.519615868836417194e+00
1.519769250033914831e+00
1.519588240384226907e+00
1.519678575291485201e+00
1.519586610813324912e+00
1.519543132642742878e+00
1.519717592412053619e+00
1.519664632643649149e+00
1.519721954620719240e+00
1.519649452408741830e+00
1.519543841724820155e+00
1.519689007593671981e+00
1.519676557717077436e+00
1.519704357554771068e+00
1.519673989090853716e+00
1.519666980398050482e+00
1.519705700703990026e+00
1.519760571341625344e+00
1.519672642259789708e+00
1.519627382726539855e+00
1.519391515431747441e+00
1.519331347534123244e+00
1.518870285243025364e+00
1.518853482807519306e+00
1.518432896970140611e+00
1.518563073800284657e+00
1.518485158650758393e+00
1.518448153072787132e+00
1.518736975099453046e+00
1.518469821624483629e+00
1.518573649789834779e+00
1.518360157461275506e+00
1.518127189740938077e+00
1.518502708633536091e+00
1.518200370980190339e+00
1.518615067105949290e+00
1.518435375844809254e+00
1.518631269493759373e+00
1.518975745075731298e+00
1.519076477809901071e+00
1.519377027639306821e+00
1.519282423886331834e+00
1.519163481009539796e+00
1.519086912580830173e+00
1.518962418101421408e+00
1.519028648172976670e+00
1.519133319147182526e+00
1.519130234409112878e+00
1.519152358496169031e+00
1.519069242323757951e+00
1.519120829635916436e+00
1.519249127445915448e+00
1.519255556871322188e+00
1.519257092085687821e+00
1.519085803801252688e+00
1.518962012011477070e+00
1.518984419935753394e+00
1.518928277047166375e+00
1.519154979327026034e+00
1.519070246274835778e+00
1.519279640592966274e+00
1.519261670945312614e+00
1.519162765306292684e+00
1.519341029688930700e+00
1.519053651513743830e+00
1.519301953728829258e+00
1.519129970304505584e+00
1.519166379249677012e+00
1.519404081819450081e+00
1.519148114108367142e+00
1.519557684405515419e+00
1.519243651881444279e+00
1.519395807582594626e+00
1.519410662651444088e+00
1.519132363901187333e+00
1.519411619446632056e+00
1.518991765628128210e+00
1.519313446039856519e+00
1.519250251431727428e+00
1.519307514772053613e+00
1.519423351749664031e+00
1.519172208055640461e+00
1.519254053291778206e+00
1.519221641965831981e+00
1.519304364833096610e+00
1.519368867356527986e+00
1.519392956643949022e+00
1.519204288389920610e+00
1.519273308290767899e+00
1.519111421167566700e+00
1.519311034239479996e+00
1.519454851480526836e+00
1.519434494371972644e+00
1.519579034870712553e+00
1.519263693076223998e+00
1.519489910512002773e+00
1.519224922847188797e+00
1.519562924504691104e+00
1.519406667280069456e+00
1.519404516773844360e+00
1.519393765360671500e+00
1.519050859852362212e+00
1.519515952774222134e+00
1.519323019444537071e+00
1.519676687296099615e+00
1.519513904879620014e+00
1.519283132416655135e+00
1.519403472648274800e+00
1.519162596151494515e+00
1.519418604619267033e+00
1.519373589928112667e+00
1.519521589462955458e+00
1.519472283699131676e+00
1.519513149021905374e+00
1.519370436697291549e+00
1.519559456505519268e+00
1.519505654846040610e+00
1.519571294817936069e+00
1.519632879596753305e+00
1.519487106699288770e+00
1.519689460541963300e+00
1.519375446607764246e+00
1.519619812613073329e+00
1.519355561280439915e+00
1.519696093232095979e+00
1.519411350397838589e+00
1.519351684637505251e+00
1.518793930962986760e+00
1.518573297818515133e+00
1.518316563444477740e+00
1.518128808161444798e+00
1.518073685574409026e+00
1.517922652683312279e+00
1.517947474950251285e+00
1.518079442546476310e+00
1.517985411946002339e+00
1.517976220230925044e+00
1.517808261633075917e+00
1.518020560543775099e+00
1.518070303456481751e+00
1.518450179267133215e+00
1.518256814941122412e+00
1.518643499215249770e+00
1.518538898146382099e+00
1.518959504739269661e+00
1.519245457272269784e+00
1.519355550847486747e+00
1.519609427111609179e+00
1.519242687724808416e+00
1.519290618169629514e+00
1.519072566571209482e+00
1.519211801929389649e+00
1.519424798729556603e+00
1.519098403131716291e+00
1.519146267176859855e+00
1.518814195814409018e+00
1.519008789594185505e+00
1.519338630639599064e+00
1.519144845175139480e+00
1.519431409624823814e+00
1.519015225241705735e+00
1.519073656396780381e+00
1.519104730062474928e+00
1.518930074713096268e+00
1.519273251328109975e+00
1.519135366113885999e+00
1.519318673491007132e+00
1.519202219295249900e+00
1.519057237812858840e+00
1.519106299012401795e+00
1.518978542736467041e+00
1.519054930262581093e+00
1.518967939387603439e+00
1.518958925419157335e+00
1.518964141887316988e+00
1.518955768550334540e+00
1.519107872925094416e+00
1.519037454698702216e+00
1.519058811147792509e+00
1.518859485418690980e+00
1.518735007865810616e+00
1.518745963222689399e+00
1.518860570292283274e+00
1.519039411902203707e+00
1.519090872464148534e+00
1.519035975209624967e+00
1.518941243581535261e+00
1.518949305872001609e+00
1.518855689872451453e+00
1.519041547051167118e+00
1.518917680757990940e+00
1.518990759760229681e+00
1.519013878908007431e+00
1.518858857481565794e+00
1.519109126074635441e+00
1.518968767180018054e+00
1.519252969057101055e+00
1.519164496218367910e+00
1.519071642874900707e+00
1.519047026774585918e+00
1.518740397138087062e+00
1.519005835223183443e+00
1.518953649479744650e+00
1.519307604166212800e+00
1.519281989363741037e+00
1.519142976836399317e+00
1.519019238279688100e+00
1.518810891064898971e+00
1.519030006247813702e+00
1.519092896221534206e+00
1.519188398523535710e+00
1.519125438063514189e+00
1.519023755547301402e+00
1.519006131373269675e+00
1.519113010875831948e+00
1.519148696490586481e+00
1.519260190578099134e+00
1.519246933263860733e+00
1.519106776998075503e+00
1.519171177859477861e+00
1.518992341304806537e+00
1.519359246514421002e+00
1.519238690156018201e+00
1.519373565580617980e+00
1.519190338001550789e+00
1.519089926177600747e+00
1.519042146432312279e+00
1.519084204016641682e+00
1.519076033554987104e+00
1.519321891034195238e+00
1.518990027103590990e+00
1.519425950926163837e+00
1.518791675806312469e+00
1.519261974291448603e+00
1.518639974180334251e+00
1.518964459963215052e+00
1.518820629566886460e+00
1.518795483291488280e+00
1.519026763465362695e+00
1.518856494992505635e+00
1.519105101757484810e+00
1.519217003671213373e+00
1.519191767149752126e+00
1.519367219188203721e+00
1.518892038332622096e+00
1.519169557021933015e+00
1.518711791003046763e+00
1.519147364802865052e+00
1.519049305421243279e+00
1.519536546412024069e+00
1.519486787273506279e+00
1.519238865085767998e+00
1.519144921896873335e+00
1.518359254193849317e+00
1.518428486898203644e+00
1.517853998299947271e+00
1.517806185586274781e+00
1.517624447324504189e+00
1.517710311906850240e+00
1.517844035659329016e+00
1.517826808250572812e+00
1.517880799011352089e+00
1.517699536598061671e+00
1.517805442228089774e+00
1.517763875926187334e+00
1.517623944907609879e+00
1.518017954292172789e+00
1.517696273035651355e+00
1.518411435353929084e+00
1.518383875926865745e+00
1.518849836615522086e+00
1.519423976648556662e+00
1.519108989725574066e+00
1.519260418103492549e+00
1.518705552279832727e+00
1.518587202102736233e+00
1.518707682664960146e+00
1.518665420793642973e+00
1.518906484635724974e+00
1.518761489394632846e+00
1.518814143543795847e+00
1.518751270924353136e+00
1.518891097197546447e+00
1.519032768444911419e+00
1.518887484088617956e+00
1.518949156982469795e+00
1.518555025811712422e+00
1.518607370425019143e+00
1.518673123716105078e+00
1.518919201425573462e+00
1.519257041624706650e+00
1.519240728619732028e+00
1.519322430699411530e+00
1.519056466105409342e+00
