# game: kuhn_poker 
# eval_every: 1 
# num_iterations: 1000 
# num_traversals: 2000 
# policy_network_layers: (75, 75) 
# advantage_network_layers: (75, 75) 
# learning_rate: 0.001 
# batch_size_advantage: None 
# batch_size_strategy: None 
# memory_capacity: 100000 
# 
9.458995923117777815e-01
9.671797804761784745e-01
9.884450415111555310e-01
1.007798245337879539e+00
1.022237647938204264e+00
1.033549127282596958e+00
1.041262818406681001e+00
1.045572199085072151e+00
1.046668270787785238e+00
1.045603276510117308e+00
1.043222997898281657e+00
1.040138746430410377e+00
1.038033413834372087e+00
1.036802823139980623e+00
1.042843417060864475e+00
1.050711327258821548e+00
1.059479698781430113e+00
1.068961336875857260e+00
1.079503168424164050e+00
1.091024630430834419e+00
1.104249577319202258e+00
1.118675371533529139e+00
1.134178521837001963e+00
1.150036132691639512e+00
1.165661353110660325e+00
1.179674839838881217e+00
1.191062753410865760e+00
1.199079612148503227e+00
1.203124581750947719e+00
1.203971031020322879e+00
1.202426645191924770e+00
1.199858830382490194e+00
1.197821179492233989e+00
1.196728939199622754e+00
1.196783137826078924e+00
1.197522493301666380e+00
1.197976610718536783e+00
1.197890077825407573e+00
1.197817381706594464e+00
1.197940168762812618e+00
1.198917530269197895e+00
1.200644030335162427e+00
1.203782949573853678e+00
1.208328745714557062e+00
1.214232939013382806e+00
1.221449480250819786e+00
1.228174866866460491e+00
1.234114895205706386e+00
1.239387900225166872e+00
1.243538474130487348e+00
1.247069318147230543e+00
1.250321539203233412e+00
1.252563013801478498e+00
1.253550318654452767e+00
1.253031104040497556e+00
1.249891134507678192e+00
1.246068619597269223e+00
1.242471353852173443e+00
1.240503224663449977e+00
1.240450221437400025e+00
1.241715249196089665e+00
1.243300047172426481e+00
1.244501764319443815e+00
1.244125198397215915e+00
1.243446204578767089e+00
1.241995714590530930e+00
1.240387168191090739e+00
1.238619409206936917e+00
1.235274302274250946e+00
1.232061377969350779e+00
1.230463372766501084e+00
1.229324621475931911e+00
1.230359973011848185e+00
1.230965374180222227e+00
1.230408834362441750e+00
1.231929864167969901e+00
1.230904366635746428e+00
1.232189309971454927e+00
1.234406569258127639e+00
1.231903703818558515e+00
1.231553526240170449e+00
1.233846892108250159e+00
1.232523766408363919e+00
1.231727384953740678e+00
1.232595267830971730e+00
1.232205341064918080e+00
1.232480243406063769e+00
1.234030005997544421e+00
1.234092723398460212e+00
1.233838160520635441e+00
1.233285808999218025e+00
1.235911433053201058e+00
1.233782452176610089e+00
1.231190174788131309e+00
1.234820237199017789e+00
1.234806911169374910e+00
1.231845895250251788e+00
1.233238905522617390e+00
1.234036121417600329e+00
1.232943605407017973e+00
1.232391158725702818e+00
1.233683956105117829e+00
1.234071720837989661e+00
1.233977948582163364e+00
1.235381355640423839e+00
1.235052976383543388e+00
1.234460045026604780e+00
1.235378671276028850e+00
1.236315987930522109e+00
1.233855894434331635e+00
1.235941740525330568e+00
1.235351181898682205e+00
1.234061411356959015e+00
1.235161356703082358e+00
1.234266003932560807e+00
1.235600491097820441e+00
1.234925103553059511e+00
1.234527364089272217e+00
1.235058293494837756e+00
1.234514515321176287e+00
1.233649436724662873e+00
1.234425165537935687e+00
1.235374050670546175e+00
1.232528105403822183e+00
1.235967367083970592e+00
1.233920000820342366e+00
1.235472734857080201e+00
1.234006154464007077e+00
1.236682220271386079e+00
1.233176115565614683e+00
1.233189002957678859e+00
1.237897480978845000e+00
1.231968631748955767e+00
1.236291394212579497e+00
1.238733189659510181e+00
1.234466972605718915e+00
1.235027596561943497e+00
1.235534664636401381e+00
1.234577167640007911e+00
1.232876453470042488e+00
1.236282248034400233e+00
1.234627913151945311e+00
1.235399173459035715e+00
1.235044758915989194e+00
1.236141545105026829e+00
1.235395369542944266e+00
1.233402143548153251e+00
1.236738510684713077e+00
1.232279678191314343e+00
1.232529169286852300e+00
1.235185140176477070e+00
1.233275646063314301e+00
1.233903796184812496e+00
1.236209445284974784e+00
1.235515633949046510e+00
1.233199850113246399e+00
1.235155417578473580e+00
1.234541897980891312e+00
1.233508442745818279e+00
1.233170209655134020e+00
1.235780450113686424e+00
1.232362806256372512e+00
1.234712451306383629e+00
1.234571614431819508e+00
1.233492054062231835e+00
1.234975517466281980e+00
1.232393385112326989e+00
1.235125553005171462e+00
1.233840403243132933e+00
1.232341505315951657e+00
1.236151107687864181e+00
1.233874469292155940e+00
1.233584837114321875e+00
1.235530336961616626e+00
1.235765794392453820e+00
1.231759599230746183e+00
1.236728515583072063e+00
1.233096993420529808e+00
1.233499289037604640e+00
1.235427306695166871e+00
1.233009512592320611e+00
1.236309343257705695e+00
1.233121333303410783e+00
1.233944227463902976e+00
1.236119974888357564e+00
1.232152536218388494e+00
1.234104390504321191e+00
1.235900110183288936e+00
1.232510898697584789e+00
1.233724107315447460e+00
1.235513374946884513e+00
1.232550377267927821e+00
1.234407361724661367e+00
1.234518965640032828e+00
1.233673272858466285e+00
1.234536223749819195e+00
1.233051815266027917e+00
1.234868659469394503e+00
1.233523769856568197e+00
1.233842767534721663e+00
1.234574259081460346e+00
1.233908930879635601e+00
1.233731948658822297e+00
1.233897777387690242e+00
1.234308583579901253e+00
1.233297343373038757e+00
1.234881261109266326e+00
1.233551532282809671e+00
1.234591674049980936e+00
1.233761471456735315e+00
1.234258667977829793e+00
1.234722278903118697e+00
1.233137208698477094e+00
1.234753976559445743e+00
1.234054718253822402e+00
1.232461719215987683e+00
1.236176419762225809e+00
1.231982503639974080e+00
1.235763836595522802e+00
1.233195979946852816e+00
1.234480969473775502e+00
1.233014799071471046e+00
1.233577363908631375e+00
1.234055686386425155e+00
1.232715452699028047e+00
1.234826128495972064e+00
1.233707120362897758e+00
1.233753765403862612e+00
1.234511469731040867e+00
1.232874318988947948e+00
1.235092738153132252e+00
1.231482204706416894e+00
1.236082838135835971e+00
1.231170265188609170e+00
1.235184754408656271e+00
1.233659732084012361e+00
1.234613232791391235e+00
1.235020228875292059e+00
1.233694008145853616e+00
1.236089735411372015e+00
1.232126210677215727e+00
1.235664848473153388e+00
1.233496693401296529e+00
1.233927374455603188e+00
1.234230983828737083e+00
1.233491869373152028e+00
1.234863005857422369e+00
1.233259766708825644e+00
1.235434350902417933e+00
1.233178556571709272e+00
1.234402668461896058e+00
1.232989944637785218e+00
1.234522808857634324e+00
1.233608553197777624e+00
1.233110013792375392e+00
1.234406962347499581e+00
1.231349188899175662e+00
1.234454720327706090e+00
1.232510575890334525e+00
1.234068688976560857e+00
1.232829175629227558e+00
1.233628470481619388e+00
1.232464036374198546e+00
1.233518432318593039e+00
1.233630476833781131e+00
1.232947925374445752e+00
1.233421471226291199e+00
1.231890793496567049e+00
1.233480925925405813e+00
1.232103249650433163e+00
1.234281876405304956e+00
1.232382692647161493e+00
1.233452107072661175e+00
1.232863364702861730e+00
1.233370870205541259e+00
1.233605043868466478e+00
1.232645410132961139e+00
1.233787462621860787e+00
1.231046650668658593e+00
1.234774563792819357e+00
1.231862800569438532e+00
1.234838535120276859e+00
1.233004161641259255e+00
1.232631046194652358e+00
1.233904857084070272e+00
1.231023782510868969e+00
1.235621780020490501e+00
1.231322192190904774e+00
1.234280947434904796e+00
1.232700126124957274e+00
1.232965645807553301e+00
1.233479201378787415e+00
1.232763276919764950e+00
1.233729284444028185e+00
1.230818773765601559e+00
1.234216194215148610e+00
1.231230835752026742e+00
1.234080550103087148e+00
1.233063133581313142e+00
1.232961373256199256e+00
1.233124606499091502e+00
1.232123004009886946e+00
1.233128201668119761e+00
1.231836546980829894e+00
1.232686792013280908e+00
1.232036872760316371e+00
1.233038427950506888e+00
1.231962683453483809e+00
1.234223558753805516e+00
1.231601175282052374e+00
1.232711168880402441e+00
1.232739506069062463e+00
1.230160671529763272e+00
1.234126993773010161e+00
1.230148335147835725e+00
1.233657490136245372e+00
1.231664518357909355e+00
1.233112732341575812e+00
1.232585583584300259e+00
1.231738229343041890e+00
1.233305057429007867e+00
1.229772490074887203e+00
1.233749473725007650e+00
1.230860378508607411e+00
1.233549611531308265e+00
1.231693563353668530e+00
1.232607751596011880e+00
1.232178610349678349e+00
1.231192795904239912e+00
1.233078506017244003e+00
1.230462155285294124e+00
1.232424019673283189e+00
1.231060654587623704e+00
1.232546704647404567e+00
1.231546155391596287e+00
1.232726425378431134e+00
1.231462621154498116e+00
1.231119099905040093e+00
1.231844076848276348e+00
1.230108311729046555e+00
1.232989263802686253e+00
1.230188566493972679e+00
1.232938009058091922e+00
1.231077621350213036e+00
1.232145371760934749e+00
1.232610065140396394e+00
1.230881981785117762e+00
1.232732810597247486e+00
1.229535083113007410e+00
1.232701016041497066e+00
1.230885187598391717e+00
1.233388533511824203e+00
1.231987710080372667e+00
1.232041206981361103e+00
1.232146597018369150e+00
1.230462304972783416e+00
1.233291030940907529e+00
1.230880447081855955e+00
1.233155710751185463e+00
1.231563738023061294e+00
1.232244647308486041e+00
1.232401272699505057e+00
1.231929307994300338e+00
1.232938385741651377e+00
1.231159036032524412e+00
1.232484951303694398e+00
1.231082991944430383e+00
1.232529003793236377e+00
1.232071780497435931e+00
1.232716274965505843e+00
1.232361770659204492e+00
1.232291827291667197e+00
1.232404810637035331e+00
1.231714270439232095e+00
1.232310589404362222e+00
1.231215229602475869e+00
1.232381996544124059e+00
1.231560688843201801e+00
1.233051811945452769e+00
1.232002917003065745e+00
1.232599641077857466e+00
1.231693359037318025e+00
1.231682835990831837e+00
1.232404727367561792e+00
1.231538375891812365e+00
1.233699631110001693e+00
1.230682960044887864e+00
1.233897851763869458e+00
1.230720330744228708e+00
1.233060791163435033e+00
1.232902119957207887e+00
1.231586714982439101e+00
1.233990566437859648e+00
1.231092268370335141e+00
1.233772745009893645e+00
1.231725804121590828e+00
1.233850902269815641e+00
1.232070853204672245e+00
1.233449926713190870e+00
1.232267779416852393e+00
1.231852319375708049e+00
1.233535735530866706e+00
1.230874054221950509e+00
1.234870728155430086e+00
1.231495782627302082e+00
1.233961414385774447e+00
1.232258841878814959e+00
1.232901031184574947e+00
1.232112508541572282e+00
1.232312534443732677e+00
1.232823973361150793e+00
1.230402863461613094e+00
1.234651470335915491e+00
1.230100253719613512e+00
1.234528086433805960e+00
1.232454301165077037e+00
1.232673563218303681e+00
1.233348232455705684e+00
1.231068661895918126e+00
1.233717358915059625e+00
1.229703195618953693e+00
1.234059091134850128e+00
1.230974492191259539e+00
1.233220943245257661e+00
1.232974911742250157e+00
1.232335571074069325e+00
1.233166802636289860e+00
1.231148356960169776e+00
1.233595129585026040e+00
1.230825817071898864e+00
1.233286923632816334e+00
1.232083834494035468e+00
1.232084030744554859e+00
1.232594172678991296e+00
1.232092079073555224e+00
1.232900696182424038e+00
1.231904361428901140e+00
1.233064579852757525e+00
1.231740921915569720e+00
1.232989193729418398e+00
1.232295743274289146e+00
1.233045184983075693e+00
1.232223499639804487e+00
1.232746743534822720e+00
1.232151865924979717e+00
1.232068404502946191e+00
1.232911359744568669e+00
1.231900087413114298e+00
1.233812631756887157e+00
1.232376939725608800e+00
1.233848022840174252e+00
1.232074053050511431e+00
1.233110421050785277e+00
1.232094208068654329e+00
1.232302829441869196e+00
1.233124823598140907e+00
1.232022768296284987e+00
1.234545901873516538e+00
1.232005215725108904e+00
1.234665709878437934e+00
1.231936850249228055e+00
1.233728101827857415e+00
1.232889200147504249e+00
1.232593393635708967e+00
1.234166026981276421e+00
1.231549865729927085e+00
1.234927941390133954e+00
1.231952889945935770e+00
1.234465502278372817e+00
1.232963640504408653e+00
1.233336637952499260e+00
1.233314477916526375e+00
1.232388862836395926e+00
1.233871064055710676e+00
1.231938455421576206e+00
1.234750282492260265e+00
1.232282347726072036e+00
1.234124105992542741e+00
1.232615122578901712e+00
1.233046335219813994e+00
1.232890504217216021e+00
1.232599829769072119e+00
1.233598457705770590e+00
1.231810505323557736e+00
1.234431632640974330e+00
1.231587264249284441e+00
1.234397301634089672e+00
1.232263580221011345e+00
1.233126984676110371e+00
1.233035212989395335e+00
1.231714224470129793e+00
1.234277833338283337e+00
1.231236651114418379e+00
1.234352558664177479e+00
1.231817024870290878e+00
1.233398671949141434e+00
1.233221251303599164e+00
1.232850422251783318e+00
1.233514419372411908e+00
1.232029267140571704e+00
1.233537411597746436e+00
1.231932167718194915e+00
1.233903785433511535e+00
1.232378860018895406e+00
1.233250118566065812e+00
1.232967271378339280e+00
1.232794756190409569e+00
1.233279813452607510e+00
1.233082050461698831e+00
1.233059091911107963e+00
1.232670716089105056e+00
1.233241257405591540e+00
1.232223031942355718e+00
1.234068294997931803e+00
1.231954136030459557e+00
1.233719590723760362e+00
1.232612093312373425e+00
1.232734985283585827e+00
1.234132272168325883e+00
1.232016544018280424e+00
1.234431119001842436e+00
1.232091522351439261e+00
1.234038403601363409e+00
1.232742151895770855e+00
1.233612053366137218e+00
1.233289376752470412e+00
1.233156809812336885e+00
1.234269951873169235e+00
1.232927513618849336e+00
1.235141320919079577e+00
1.232434019766238453e+00
1.234777488610085072e+00
1.232735671725584181e+00
1.234216423067477031e+00
1.233953496713511289e+00
1.233377006338189474e+00
1.234658629291418563e+00
1.232699746047195122e+00
1.235459225612110190e+00
1.232138106203517047e+00
1.235479234936402548e+00
1.232593462851483856e+00
1.234129542235642862e+00
1.234181515111249183e+00
1.232467644587800670e+00
1.235359730739387984e+00
1.232088637391330010e+00
1.235812851161667059e+00
1.232545995822969198e+00
1.234882007181307362e+00
1.233334783845893678e+00
1.233194105430241105e+00
1.234620314074593495e+00
1.232117095499447590e+00
1.235727905739193666e+00
1.232122055817761908e+00
1.235573694294914482e+00
1.232971637984316970e+00
1.234288223783794214e+00
1.233845421250923113e+00
1.232916536052438783e+00
1.234962855413821003e+00
1.232105112130490898e+00
1.235863506340594498e+00
1.232148465626089928e+00
1.235040401157266876e+00
1.233280228930833555e+00
1.233619259687291470e+00
1.234398007744657244e+00
1.232386927172551605e+00
1.234979443675070065e+00
1.231619450117796610e+00
1.235178212891619776e+00
1.232581302218470842e+00
1.234210327083821612e+00
1.233799008281586396e+00
1.232931562577262774e+00
1.233940888829471172e+00
1.231980247176823973e+00
1.234346296590840275e+00
1.231990970833271692e+00
1.234524187633557313e+00
1.233004010375418513e+00
1.233715845087786978e+00
1.233497757501655023e+00
1.233279236498785902e+00
1.233716119764249664e+00
1.232381744003218316e+00
1.234208445675754495e+00
1.231768918696791282e+00
1.234559499328879983e+00
1.232662656041026983e+00
1.233831347206203244e+00
1.233182562651389036e+00
1.232457503308785007e+00
1.233903979953146157e+00
1.231671612471939348e+00
1.234561561264903684e+00
1.232209396624327491e+00
1.234225728922964560e+00
1.233256883014996141e+00
1.233428599169705819e+00
1.233609408141342456e+00
1.232391652431573004e+00
1.233779551148786346e+00
1.232075406650335658e+00
1.234028118729758372e+00
1.233054495795471439e+00
1.234109781686241414e+00
1.233808505353914065e+00
1.233857183313418426e+00
1.233778237236422992e+00
1.233305466619270874e+00
1.233367618624575002e+00
1.232966427282228272e+00
1.233650374772481628e+00
1.233136168879858330e+00
1.234693170753425440e+00
1.233204003886176459e+00
1.234974421871531280e+00
1.233247805308514078e+00
1.233852669979816463e+00
1.233865258684592847e+00
1.232907911916318877e+00
1.234657080403679164e+00
1.232870647561699951e+00
1.235041145199165857e+00
1.233268573186836026e+00
1.234909341135396410e+00
1.233663940904269118e+00
1.233608749588347209e+00
1.234237472135464531e+00
1.232527846045881503e+00
1.235416193821631925e+00
1.232438863701884824e+00
1.236089549866048021e+00
1.232874924532151528e+00
1.234982139791533040e+00
1.233579024795091073e+00
1.233291787450628174e+00
1.234494881196807281e+00
1.232566690721108582e+00
1.235329019469233680e+00
1.232304779572670927e+00
1.235004927528526197e+00
1.232982579224352726e+00
1.233863696212258887e+00
1.234397242024861008e+00
1.232215082767619485e+00
1.235322660357150104e+00
1.231426970385219199e+00
1.235552903038690697e+00
1.232786871795913175e+00
1.234349273245481271e+00
1.233905058012510825e+00
1.232882749624221397e+00
1.234251739283333871e+00
1.232069031498070011e+00
1.234645566498490332e+00
1.232462361669155460e+00
1.234275555366764587e+00
1.233715560424403002e+00
1.233809721971899975e+00
1.234367611863995018e+00
1.233312397364335178e+00
1.234296767315516519e+00
1.232457760776564548e+00
1.234303001839677894e+00
1.232859771764458046e+00
1.234408356902527037e+00
1.233747061868715855e+00
1.233917335521985903e+00
1.234109891007037163e+00
1.233440528132778269e+00
1.234461443825407567e+00
1.233122103935549774e+00
1.234173455076601034e+00
1.233225622808375999e+00
1.234053167814458618e+00
1.233681230459495293e+00
1.234010798739063830e+00
1.233700097179433408e+00
1.233350965030784341e+00
1.233749086237386106e+00
1.233075866084420547e+00
1.233833282787874630e+00
1.233276602397729516e+00
1.234054521737113497e+00
1.233493182781746800e+00
1.234622645750870440e+00
1.233213521224854281e+00
1.234161213589197947e+00
1.232783581118908955e+00
1.233241957466206351e+00
1.233786331797045666e+00
1.232715397155405235e+00
1.234947088652455838e+00
1.232286842350515776e+00
1.235201878718178437e+00
1.232829775827950058e+00
1.234045376995032584e+00
1.233539123057217246e+00
1.232454083126052424e+00
1.234157515030806618e+00
1.232083637390052555e+00
1.235051515989591397e+00
1.232514831096727992e+00
1.234948678100578956e+00
1.233040808948073552e+00
1.233794449904868085e+00
1.233689014692545882e+00
1.232664879713019079e+00
1.234388801179444162e+00
1.232162980159313026e+00
1.235126259507362878e+00
1.232563569754485666e+00
1.235024025399588998e+00
1.232900822702115207e+00
1.233636078186908680e+00
1.233578016496186702e+00
1.232181674115885084e+00
1.234831735611499504e+00
1.231699606731637253e+00
1.235521414152970010e+00
1.232360293707055021e+00
1.234715284345587971e+00
1.233467783701808873e+00
1.233167353164675628e+00
1.234237588629631510e+00
1.232035131633026692e+00
1.234842738517432092e+00
1.232354913804897034e+00
1.235064849840346923e+00
1.233585095187298863e+00
1.233837037323401553e+00
1.234536424746597305e+00
1.232519881695012032e+00
1.234866546136896392e+00
1.232101715808429088e+00
1.234634487604204356e+00
1.232725527737118520e+00
1.234699701832894014e+00
1.233734152146000795e+00
1.234253709513790875e+00
1.233930561853155528e+00
1.233238232816329383e+00
1.234072344937069632e+00
1.232799688308767516e+00
1.234486146183526811e+00
1.233332463593821204e+00
1.234136180402339633e+00
1.233951367260961440e+00
1.233213491378363447e+00
1.234718390317103953e+00
1.232728509132104744e+00
1.234782966937001625e+00
1.232999785696511807e+00
1.234458522919132273e+00
1.233943086538983547e+00
1.234090912384316230e+00
1.234081045834185097e+00
1.233216816528199589e+00
1.234086142857187873e+00
1.233569112567413306e+00
1.234412733293089204e+00
1.234468619462312677e+00
1.234254848370052393e+00
1.234431961790447563e+00
1.233939738587360502e+00
1.233967898956644937e+00
1.234111771426937620e+00
1.233520373502169587e+00
1.234304952326036098e+00
1.233835978618721851e+00
1.234462175335031109e+00
1.235104273809480846e+00
1.233764276200518317e+00
1.235271112907053714e+00
1.232865190360010299e+00
1.234721371599070139e+00
1.233711110839248004e+00
1.234081499582887709e+00
1.235029190140004562e+00
1.233604920185993992e+00
1.235578120126272772e+00
1.233444565168527962e+00
1.235421632092960742e+00
1.233682018106002864e+00
1.234748410820976527e+00
1.234332054795439948e+00
1.233858671193245993e+00
1.235141110974447454e+00
1.233400638730135279e+00
1.235866025113954825e+00
1.233222657875880479e+00
1.235752731870504384e+00
1.233568395344036617e+00
1.235056124743810546e+00
1.234465857060460969e+00
1.233917764506394121e+00
1.235424534836402355e+00
1.232829456228805798e+00
1.236242826911421844e+00
1.232521886524790888e+00
1.235471849768698949e+00
1.233442867026190770e+00
1.234398629079566323e+00
1.234958140085455014e+00
1.233212618359722068e+00
1.235436084840789928e+00
1.232128463762400372e+00
1.235614612573827653e+00
1.233165734022668047e+00
1.235007061441631304e+00
1.234136678376247076e+00
1.233729228958779123e+00
1.234310592202787049e+00
1.233035705680620264e+00
1.234833240538292909e+00
1.232782385233553546e+00
1.235069929552999657e+00
1.233245571591597312e+00
1.234865558202076663e+00
1.233908062935689554e+00
1.234527832734049646e+00
1.233867153891996526e+00
1.233400290654190101e+00
1.234358574168082701e+00
1.232483908917470394e+00
1.235480863225233872e+00
1.232721621422935288e+00
1.235337145424239669e+00
1.233593359545637203e+00
1.234449505874784414e+00
1.234680198413102392e+00
1.233416868612458028e+00
1.235184675453238290e+00
1.232663665756339455e+00
1.235197432900127623e+00
1.233383538719111883e+00
1.235021951737541368e+00
1.234173608216120321e+00
1.234330147614924655e+00
1.234323443952767718e+00
1.233728104282482807e+00
1.235033638308385973e+00
1.233863304807795158e+00
1.235389428672377665e+00
1.233848818786771773e+00
1.235034455056825298e+00
1.234131568024288139e+00
1.235033468405643209e+00
1.234426048749657223e+00
1.234446152343497971e+00
1.235157137324424337e+00
1.233912457598632884e+00
1.236183922120714929e+00
1.233856599656706798e+00
1.236294605285854331e+00
1.234096492553878432e+00
1.235629796945202141e+00
1.234530362187540087e+00
1.234750442077675370e+00
1.235260424803238166e+00
1.234029346001362271e+00
1.235994489019032638e+00
1.233788732606751370e+00
1.236336429548248406e+00
1.234480157454417526e+00
1.235263355953473585e+00
1.235112753826502541e+00
1.234012125319743358e+00
1.235707030185311694e+00
1.233632295575359805e+00
1.236561350160353179e+00
1.233809246264486514e+00
1.236837503574351738e+00
1.234264566019985354e+00
1.235656620365578995e+00
1.235117045672861735e+00
1.234068695563679263e+00
1.236195818812753089e+00
1.233348860227814647e+00
1.236770101286333912e+00
1.233998058971779832e+00
1.236213643586215216e+00
1.235276276964294873e+00
1.234629023356456301e+00
1.235818006092690435e+00
1.233340275925701057e+00
1.236178397882246704e+00
1.233571698965054919e+00
1.236302542273932437e+00
1.234461469147900115e+00
1.235444888446618705e+00
1.235436938346353042e+00
1.234434904194696703e+00
1.235895354628923082e+00
1.233706911758871705e+00
1.235823039944880630e+00
1.234106622697711542e+00
1.235869348980471516e+00
1.234903567042837658e+00
1.235340817476642261e+00
1.235217857418776211e+00
1.234410618728515985e+00
1.235604345329430309e+00
1.233979924831019925e+00
1.236099307765231359e+00
1.234101896759027372e+00
1.235772004323438811e+00
1.234710553696510171e+00
1.235080597989170137e+00
1.235570634336419671e+00
1.234440714433939990e+00
1.235754002546976427e+00
1.234167966497629720e+00
1.235868152404639986e+00
1.234837539276940621e+00
1.235706321679107322e+00
1.235120567935378944e+00
1.235106676247915036e+00
1.235100199472596305e+00
1.234919454552961149e+00
1.235265343649632364e+00
1.234879823460532045e+00
1.235648998674936383e+00
1.234860466657877742e+00
1.235996103101255628e+00
1.234476258084393319e+00
1.235738559614772747e+00
1.234344490416118045e+00
1.235198721076052220e+00
1.235242467580112802e+00
1.234489451837736951e+00
1.236300888407169118e+00
1.233970210755374053e+00
1.236479617050952218e+00
1.234272586367629820e+00
1.235954540903513088e+00
1.234979095146720995e+00
1.234840785991466516e+00
1.235649394924930311e+00
1.234063779696958463e+00
1.236542115671689590e+00
1.234111635083311009e+00
1.236632292242301867e+00
1.234522311846955489e+00
1.235757560399022292e+00
1.235056163879582503e+00
1.234767466968511807e+00
1.235600806665546392e+00
1.234258589145159180e+00
1.236506888187325126e+00
1.233833372429268049e+00
1.236694301539644769e+00
1.234077136651051898e+00
1.235840326504083375e+00
1.235102867771457502e+00
1.234350743360364877e+00
1.235874887097831332e+00
1.233170765205672703e+00
1.236557571936385269e+00
1.233250999977057116e+00
1.236361379515883874e+00
1.234505203302887377e+00
1.235018106533775750e+00
1.235541402045738035e+00
1.233578443680384051e+00
1.235811333734552209e+00
1.232923965228962748e+00
1.235987794257542793e+00
1.233577358322472506e+00
1.235391486262824134e+00
1.234485353741519020e+00
1.234207049773268228e+00
1.235300885776631663e+00
1.233657756369734404e+00
1.235780177726442997e+00
1.233326950967418068e+00
1.235538881472542760e+00
1.233453884545385959e+00
1.235013045486856864e+00
1.234192175826853699e+00
1.234442352312878022e+00
1.234891617407062103e+00
1.233709801728527289e+00
1.235488933077516061e+00
1.233484358152388216e+00
1.235843000765474597e+00
1.234069818671464924e+00
1.234826292373683465e+00
1.234844957930079090e+00
1.233736063114672765e+00
1.235806807965655008e+00
1.233098594533801773e+00
1.235871524211398231e+00
1.233241734150674951e+00
1.235760635415159570e+00
1.234452060904636106e+00
