# game: kuhn_poker 
# players: 2 
# hidden_layers_sizes: (64,) 
# replay_buffer_capacity: 200000 
# num_train_episodes: 1000000 
# epsilon_start: 0.06 
# epsilon_end: 0.001 
# reservoir_buffer_capacity: 2000000 
# anticipatory_param: 0.1 
# eval_every: 5000 
# batch_size: 128 
# rl_learning_rate: 0.01 
# sl_learning_rate: 0.01 
# min_buffer_size_to_learn: 1000 
# learn_every: 64 
# optimizer_str: sgd 
# 
4.529600584235914384e-01
4.529600584235914384e-01
3.785624682234075000e-01
3.120777651999029900e-01
2.929300468951313574e-01
2.542246240828966442e-01
2.277576469805928649e-01
2.073531209084548410e-01
1.930769100758641943e-01
1.931834984674371536e-01
1.925436268176184129e-01
1.906677566115576872e-01
1.858309338410880085e-01
1.810233929311179102e-01
1.761056991290239071e-01
1.713967827258806587e-01
1.660980440971988881e-01
1.580412319593398895e-01
1.546530673223839303e-01
1.471291661489232960e-01
1.476547556331888611e-01
1.447127977250158848e-01
1.397740989115336396e-01
1.375631419165383729e-01
1.322575352989041331e-01
1.297171210051896728e-01
1.311269077752864887e-01
1.319523233949522756e-01
1.318118960735200629e-01
1.335883002910218109e-01
1.345372755401234299e-01
1.354757085548867479e-01
1.358297171947017434e-01
1.371182994925765897e-01
1.383220016929458396e-01
1.385672678362706578e-01
1.402353383214952620e-01
1.407768717286316251e-01
1.416730877330191762e-01
1.419100001065969063e-01
1.424252283978873768e-01
1.421656672434553070e-01
1.418048687096215288e-01
1.418557020179100070e-01
1.416057261056124783e-01
1.412814953850392297e-01
1.396134287456816114e-01
1.380628369939923550e-01
1.369164290477510038e-01
1.362691297526706646e-01
1.354818905961799602e-01
1.341554897638980171e-01
1.320375072191719845e-01
1.310000519090521731e-01
1.301775575032454724e-01
1.262985539594062845e-01
1.270103872234843445e-01
1.215304764866551313e-01
1.206840911147415152e-01
1.183865251007335806e-01
1.159877686467722380e-01
1.142873313905709842e-01
1.126563088485524611e-01
1.111267024719196361e-01
1.085580776943134984e-01
1.079546750700057511e-01
1.064090222075325942e-01
1.024764796266134648e-01
1.023343599884184441e-01
1.031487092819503015e-01
1.011951668874260246e-01
9.973636094044255329e-02
9.840861390850683121e-02
9.503534640555277857e-02
9.570069082371066016e-02
9.349914757393867903e-02
9.257852397704643965e-02
9.298695271458284894e-02
9.202479691523909877e-02
9.218097697164792659e-02
9.048860649401532785e-02
9.370930758575549135e-02
8.838543411381957760e-02
8.571956785190876227e-02
8.679709854659489743e-02
8.593027718025481043e-02
8.901110130618439253e-02
8.671538148717369832e-02
8.617609596890721257e-02
8.711898949004323600e-02
8.458907120439460026e-02
8.781508592783349165e-02
8.384431534042521839e-02
8.991004154798873382e-02
8.663413271025285911e-02
8.629271035164562398e-02
8.438245722555082207e-02
8.794232802848891972e-02
8.972672964794389805e-02
9.128070165406809711e-02
9.105476491149891438e-02
9.518032636269715963e-02
9.630588939783785163e-02
1.002556716487979505e-01
9.927827124748261900e-02
1.014931998774651345e-01
1.064464021100509084e-01
1.036061211417268479e-01
1.057795141606104883e-01
1.046015758706857202e-01
1.046101359759742666e-01
1.097533263811007187e-01
1.053767796989835137e-01
1.036027930130523633e-01
1.077162402283246001e-01
1.056936205319456146e-01
1.070423795140666157e-01
1.112739432821947538e-01
1.080593305492989487e-01
1.047451885099913715e-01
1.066450145537980454e-01
1.101323288404578160e-01
1.115793042486814823e-01
1.130284650620294873e-01
1.126398488100938122e-01
1.105789330253819092e-01
1.123816097031395400e-01
1.155080938593891493e-01
1.145446729769929173e-01
1.139946445700032174e-01
1.136518101098886457e-01
1.160061997239463516e-01
1.105794091848281979e-01
1.158118706283555455e-01
1.145937016291019017e-01
1.168917742817559557e-01
1.143519314673724918e-01
1.140099635277486423e-01
1.111439780179790393e-01
1.119517179750797731e-01
1.089753313403652168e-01
1.106564328247340023e-01
1.104675581571180065e-01
1.087837124973800029e-01
1.039636648492978099e-01
1.068891305636525124e-01
1.030225893488974920e-01
1.044815376554371900e-01
1.024613085491403452e-01
1.017079867642455282e-01
1.020265547412470553e-01
1.010936287564927483e-01
9.811750216909276290e-02
9.659021138700954467e-02
9.414771692777409995e-02
9.545649169025668956e-02
9.562420051280945410e-02
9.780050914743620982e-02
9.475798867062421027e-02
9.450196236366253943e-02
9.342596900633481916e-02
9.332301638457474180e-02
9.457199438886171317e-02
9.245019627299744247e-02
9.358914015700689482e-02
8.922363752101197809e-02
8.823074091392446583e-02
9.022747654644330817e-02
8.712634490280463107e-02
8.475681254583039559e-02
8.344371055405538917e-02
8.399597546625678368e-02
8.467205143128925249e-02
8.442766807842455590e-02
8.244867137024169956e-02
8.188789497618118030e-02
8.179664671636480144e-02
8.465300128857164430e-02
8.137751215905550395e-02
7.963166951097286339e-02
8.195661709151189078e-02
8.461721926797632909e-02
8.181249648929589391e-02
8.122647546563499521e-02
7.899764533458658589e-02
8.144724172443823518e-02
8.117957721267826665e-02
7.982254337044411563e-02
7.737340528229205705e-02
7.734077102678624249e-02
7.441732809143924987e-02
7.910992552575152326e-02
7.838188830740455693e-02
7.761651651991688383e-02
7.606460558487371237e-02
7.386382526542642490e-02
7.659735542078141557e-02
7.470302246432181104e-02
7.400647442139218768e-02
7.123721235388774664e-02
7.091458867402275490e-02
