# game: kuhn_poker 
# eval_every: 1 
# num_iterations: 100 
# num_players: 2 
# bootstrap: False 
# truncate_negative: False 
# buffer_size: -1 
# num_hidden_layers: 2 
# num_hidden_units: 6 
# num_hidden_factors: 8 
# use_skip_connections: True 
# num_epochs: 10 
# batch_size: 100 
# step_size: 0.01 
# 
3.653458050198790108e-01
3.405468526292978471e-01
3.030699252715966519e-01
2.630107060286581699e-01
2.354085646176917734e-01
2.170071370673904987e-01
1.860061174165269504e-01
1.700435448503378744e-01
1.602485757496971419e-01
1.512063598274754617e-01
1.490949792651350692e-01
1.538203974172628330e-01
1.443741003480019380e-01
1.410884697434865165e-01
1.291827065645023143e-01
1.229169741016132578e-01
1.187108655917579469e-01
1.147881449300538481e-01
1.109953493887392006e-01
1.100131197366735480e-01
1.096329484971068635e-01
1.089117064560404247e-01
1.055910449342092605e-01
1.086135238956757731e-01
1.089963285564249929e-01
1.080855272115521792e-01
1.056545798548981785e-01
1.048573924762264409e-01
1.012416203198217846e-01
9.786689964051056845e-02
9.605398890410341006e-02
9.435438508037571892e-02
9.149516128824486394e-02
8.880412713100360733e-02
8.626686635271435533e-02
8.286641891035514962e-02
8.062678596688177546e-02
7.878038266975581627e-02
7.516279864931693644e-02
7.127592169782398512e-02
7.014146542074239932e-02
6.846837834939897838e-02
6.592711684033339403e-02
6.840800370015132081e-02
7.049570236439151039e-02
7.388762638574788988e-02
7.552106937654412544e-02
7.483039656483803093e-02
7.461366748912945379e-02
7.498823724734018925e-02
7.510399938239753492e-02
7.526225580445905505e-02
7.267901992185674120e-02
6.978990227613823816e-02
6.776341921119194422e-02
6.560294065145205744e-02
6.276588918570011333e-02
6.291010089697304797e-02
6.325625737437096108e-02
6.359087530270540745e-02
6.391452215159112993e-02
6.421320927599372119e-02
6.398651393834139944e-02
6.352776431916043465e-02
6.337165101786065846e-02
6.299399263437172047e-02
6.242060501762564106e-02
6.089280032319588365e-02
6.031447610679949167e-02
5.835314892800788633e-02
5.762772430828549952e-02
5.574627232289747214e-02
5.414669715656830751e-02
5.328386765893852739e-02
5.238511178146221248e-02
5.265440146308794644e-02
5.236522385953301661e-02
5.214356883088436256e-02
5.182001715929002161e-02
5.185325814157593083e-02
5.224142176596802134e-02
5.262059142135303014e-02
5.299062445847768643e-02
5.335184718513946711e-02
5.419476663190592181e-02
5.453358717675993450e-02
5.486461874352430157e-02
5.478143707118834915e-02
5.500859738303709445e-02
5.517359350263292828e-02
5.456729027877504912e-02
5.376691931901367294e-02
5.533075982146407057e-02
5.497147934003460135e-02
5.464169257883869091e-02
5.361268556056544843e-02
5.338921422036860265e-02
5.386294635721153301e-02
5.416062703299728831e-02
5.445235409528334514e-02
