# players: 2 
# game: leduc_poker 
# regret_matching_plus: True 
# alternating_updates: True 
# linear_averaging: True 
# average_policy: False 
# print_freq: 1 
# exploitability: 0.007829186352691489 
# iterations: 1000 
# 
2.051111111111111107e+00
1.785691200878811502e+00
1.707132329935775683e+00
1.512864814113626277e+00
1.428974436729211650e+00
1.016093204580145848e+00
5.840026810819980430e-01
5.317370947587144459e-01
4.818896111403563887e-01
4.598661771411817201e-01
3.804135167648213800e-01
3.155327118067592918e-01
2.989168449375603775e-01
3.203509752855849269e-01
3.509843985718417714e-01
2.849681977653535370e-01
2.713655320083697697e-01
1.897530612108693227e-01
2.186561990545232426e-01
2.622402139289358169e-01
1.975221556239451781e-01
2.370685476001238301e-01
2.395673654004331632e-01
2.317548231886848442e-01
1.663114956996683269e-01
1.853459433615315677e-01
1.553701043340283139e-01
2.075882200162051938e-01
2.163411444446112497e-01
1.447655583185109285e-01
1.641578985928532353e-01
1.515813235658611258e-01
1.262094869037302391e-01
1.070774403179449163e-01
1.042118458774605738e-01
1.325625818136823286e-01
1.385909868990037319e-01
1.280503780547088688e-01
1.246572348398643226e-01
1.163293238196342755e-01
1.319467903658834151e-01
1.139327509575452924e-01
1.181222923818858322e-01
1.178783560003325848e-01
1.265406875052885183e-01
1.076670914768363269e-01
1.118807763922622378e-01
9.080336637073888051e-02
9.616367746115243864e-02
1.127614802120794069e-01
1.136446750367078040e-01
9.453165593730090965e-02
8.632181596594543094e-02
9.832447045855302603e-02
9.689592366106497545e-02
9.501775817938183655e-02
8.345625985182161810e-02
1.087165976739688095e-01
7.654791231657602502e-02
7.908209619173314775e-02
6.918778512348310039e-02
7.392268905556118042e-02
8.271495270177026127e-02
8.801735008005590055e-02
1.010114629336299474e-01
9.422284776270370421e-02
7.386203767804228049e-02
7.153923560439866269e-02
6.898776631005068549e-02
6.091016403896498677e-02
7.142466878012763976e-02
8.108647511194000401e-02
8.715749707980227634e-02
6.475174317838808258e-02
6.703538166748962412e-02
6.154942067730059807e-02
6.648985774004016747e-02
5.652087811188311051e-02
6.748023649723479400e-02
5.662556979402494362e-02
5.216343667116293825e-02
5.945977665441015692e-02
6.596972398966216566e-02
6.910010058045545911e-02
6.987969945102379121e-02
5.970180334132479949e-02
6.420112351353965408e-02
7.118615791994963027e-02
7.313935092742063215e-02
5.408608944400550289e-02
5.964799982785834453e-02
8.109676358587544764e-02
6.035151082004769352e-02
5.070013051307228902e-02
5.049414472412988575e-02
5.813915171737740750e-02
7.339016125366437659e-02
6.531332875154122197e-02
4.996611149451758715e-02
4.819840842461918518e-02
3.482346265785240397e-02
3.802453136453157190e-02
7.945907494002396598e-02
4.824697316368919964e-02
4.975725208473540107e-02
4.509976361844940385e-02
4.796436570809667344e-02
5.256882106437237023e-02
4.325947590789407105e-02
3.706761816400747089e-02
4.009194475561830839e-02
3.286559241389168384e-02
3.564544459943821963e-02
2.948885877284238705e-02
4.105754507608933013e-02
4.152269415859688451e-02
4.662748734173094434e-02
5.533764255259823739e-02
6.554352428549653498e-02
4.808470002555020884e-02
4.562585547821820797e-02
4.496600437156186153e-02
4.950440328862806827e-02
4.569224091696860723e-02
8.654645979410480194e-02
4.628763477893149680e-02
4.817436176750147792e-02
3.713875790307161195e-02
4.206436494976176221e-02
4.799435829972624468e-02
3.834719854036386377e-02
3.390136782257244241e-02
3.750711349988339327e-02
4.106304996081222569e-02
4.010833989814134581e-02
3.251175495891386880e-02
4.896552767032069653e-02
3.360834754397748481e-02
3.628883199761967493e-02
3.096434469502283571e-02
5.085229329963214528e-02
5.312995412633964021e-02
4.471335661819009211e-02
7.844708433116567847e-02
3.698163930616385486e-02
3.984692907398472428e-02
3.837775444465572894e-02
4.035326521012763679e-02
3.932216961439509439e-02
4.797688394352425667e-02
3.860138837606988393e-02
3.137044206662975565e-02
2.635923284031432834e-02
2.890562250808167283e-02
3.309251184205408425e-02
3.461327620270332472e-02
3.455568109983728209e-02
4.282601209648917440e-02
3.978274069342961627e-02
3.053188791549429904e-02
5.457308859473936069e-02
3.417377231565729007e-02
3.273949130742134783e-02
3.480800365224076542e-02
3.065359753410516752e-02
3.289502141869658780e-02
3.218857545329636971e-02
3.615979136110474002e-02
2.107041861283388828e-02
2.949152841071369519e-02
2.286564119465714362e-02
3.201591611923651493e-02
2.937683301927493384e-02
3.241308919271196354e-02
3.137953810147714462e-02
4.019240419068670356e-02
2.981339332645943641e-02
2.630227418273090034e-02
4.732752452123931142e-02
3.552857159272349019e-02
3.353619985925590519e-02
2.967125156934813379e-02
4.667652309138567435e-02
3.862494747794190109e-02
3.104279977782599398e-02
3.561671576504213399e-02
3.191415218659227060e-02
3.232476034310001467e-02
3.986672150828562966e-02
2.921578896526330626e-02
2.889658150837570716e-02
4.295771305890500047e-02
3.439316760210583968e-02
3.437765107641815865e-02
3.491379698555936717e-02
2.581688281940661134e-02
3.074896947889890764e-02
3.795104836188926967e-02
3.023671436918103084e-02
2.922087302261391906e-02
2.242220421984519874e-02
2.094590930899906112e-02
2.501933409914364193e-02
2.786414661928190983e-02
2.483659774354288197e-02
2.348938293554055090e-02
2.440483754933199523e-02
1.864466830213899751e-02
1.794664255074926440e-02
1.852595248273973538e-02
2.262211328609950445e-02
2.642579442499576325e-02
3.911806040895730863e-02
2.480282707289777067e-02
2.014226879985138441e-02
3.769015891056870515e-02
3.572034717467181819e-02
2.752565460051600854e-02
3.536272818220057013e-02
2.262818221376208111e-02
2.319867618129756170e-02
4.484891454662603971e-02
2.730913952213870344e-02
2.686288291837697628e-02
3.369143263923411735e-02
2.692232670372138315e-02
2.872549398296572742e-02
3.933124410456734221e-02
2.327028965544197803e-02
2.022398794729861338e-02
2.450187407353579538e-02
2.318190026918076629e-02
1.916097808897058996e-02
1.907845148540257552e-02
1.661170656475929874e-02
1.745480443708161133e-02
1.975337529172188633e-02
1.898085753792178032e-02
1.704584462177227699e-02
1.868038396825319469e-02
2.271819673696573449e-02
3.277794853195931113e-02
2.735200624430458860e-02
2.207183919956598461e-02
4.123110935370283281e-02
2.529521771349230175e-02
2.290974218632374493e-02
2.510491990392385575e-02
2.449195106827131707e-02
2.836065923091662944e-02
2.816083025732268874e-02
2.332785398839098967e-02
2.505731379694806082e-02
2.210497243276526858e-02
1.562117915271138413e-02
1.763129741289376495e-02
1.811633503215148711e-02
2.326520068886611670e-02
2.536754397013624152e-02
3.334031499351201855e-02
2.767735507672282325e-02
1.653140480768933163e-02
2.239079281656555787e-02
2.199259131450592708e-02
2.315913655263912574e-02
4.082144617135194387e-02
2.987455196332175489e-02
2.742552838765985324e-02
3.515945815560227172e-02
2.527437695479531343e-02
2.736230453664004192e-02
4.360862075103946744e-02
2.302595745025617924e-02
2.025706851537534270e-02
3.845730850862601885e-02
2.927979674201772187e-02
2.718491538977574340e-02
4.893538431049748727e-02
2.403392518044376869e-02
2.288557008756603173e-02
3.067720744471334748e-02
2.660680329980494307e-02
2.114816275271347301e-02
2.731176475815735860e-02
2.053101747196406368e-02
1.753002460162297882e-02
2.616782181390950313e-02
1.790904523973126106e-02
1.976585199562899686e-02
3.429149173139915685e-02
2.380205709071628317e-02
2.351864292765737385e-02
2.716373901420375547e-02
2.110917968224945707e-02
1.914925060852143424e-02
2.778126874070840913e-02
1.810754306423251192e-02
1.283232790762639519e-02
2.037273564433131345e-02
1.694456459293794404e-02
1.910427093438663015e-02
2.261908546405663745e-02
1.587878689277816280e-02
1.563337502179346084e-02
1.921690976552731245e-02
1.896987857867341032e-02
2.250146229941769882e-02
1.936222325673925271e-02
2.010731064771370535e-02
2.590126722869473541e-02
2.441369625873734961e-02
1.580355713940728712e-02
1.578658479144301463e-02
1.528900980079045402e-02
2.019257391440984484e-02
2.056074898557203046e-02
2.463706781704477072e-02
2.340240811645789842e-02
2.041302570673518557e-02
1.528623770734380272e-02
1.658451835439953004e-02
1.916514345659642293e-02
3.580996599497768274e-02
1.745122626285774969e-02
1.997005665920835449e-02
4.258616984884314172e-02
2.182310920075494765e-02
1.858446066566060706e-02
3.314781946431860638e-02
2.497054990310253880e-02
2.201604510926915420e-02
3.424060764150804737e-02
1.960013564500483196e-02
1.653830180653588500e-02
2.930095352368108919e-02
2.285444450848632403e-02
2.262318539931480743e-02
3.648404633801367869e-02
1.946997817911597095e-02
1.739487778008919072e-02
2.990277880128602850e-02
2.285402116599938305e-02
1.871501691433022363e-02
3.181377637812859982e-02
1.583086332061786616e-02
2.271372389497276767e-02
3.747899477121488521e-02
2.248165038584967745e-02
1.689156991129237007e-02
2.934027667574462539e-02
1.878308786399907060e-02
2.030331410708233197e-02
2.859811139757650889e-02
1.670461341949909528e-02
1.936866078989477047e-02
2.751725042970617346e-02
1.412558500374647141e-02
1.686119237919611602e-02
2.616613658475432092e-02
1.319193938592072568e-02
1.866460393707322640e-02
2.515906435071779690e-02
1.543742539428891170e-02
1.893812921048809716e-02
2.670074328013979231e-02
1.815113038577170768e-02
1.696705441867940589e-02
1.435479213534754384e-02
1.480777616519135531e-02
1.786217426615771542e-02
1.512190253420538089e-02
1.419238799877731161e-02
1.427948163772835288e-02
1.898027359569876005e-02
2.001792518621379330e-02
1.632049439325972129e-02
1.401485161395436829e-02
1.330321176295984342e-02
1.255476817443546000e-02
1.550522133240335443e-02
1.943937346053524473e-02
1.828940225166145184e-02
1.953318129334401243e-02
1.306232226263778773e-02
1.278463607067148455e-02
1.120749384589858622e-02
1.627950797663590965e-02
2.516413329294746315e-02
1.760007326684323581e-02
1.441654051805063563e-02
3.074196149834038105e-02
1.751550125470166530e-02
1.428100289090694641e-02
2.003812221079248612e-02
1.909767364801043255e-02
1.350660242068758843e-02
1.072691721011019561e-02
1.329179427962504101e-02
1.461653313632289841e-02
1.571197770602429655e-02
1.322403373191848031e-02
1.218440823275018792e-02
1.661477998240984411e-02
1.955466100812602859e-02
2.990243738342984736e-02
2.518327942092685179e-02
1.574787220146522948e-02
2.477043493887240433e-02
1.796497076615807820e-02
1.540049862945090664e-02
2.238324038529052040e-02
1.421314530087398886e-02
1.679619543889018796e-02
2.928180969506366527e-02
1.548019683272972014e-02
1.847594693478329941e-02
3.824745760144918072e-02
1.542744803613425864e-02
1.460824548497255404e-02
1.873846795196498771e-02
9.514574566318378945e-03
1.478661086225313559e-02
2.115253614836126728e-02
1.508825786769008026e-02
1.390346913000634066e-02
1.803053746587991724e-02
9.694533978110222994e-03
1.312204896015921329e-02
1.943812013075621459e-02
1.232236557193978899e-02
1.480447531907547187e-02
2.403248065442691733e-02
1.551549849744204845e-02
1.741663909515737962e-02
2.123415242486326182e-02
1.008523396494710733e-02
1.550365419431795622e-02
2.289369951531367020e-02
1.411051237884863863e-02
1.681564129210477709e-02
2.671485652631133689e-02
1.523237839877067401e-02
1.421161537417456322e-02
2.383582000274029472e-02
1.361281967256622316e-02
1.314590910980098504e-02
2.280433857441356571e-02
1.692667313658574590e-02
1.673867341397408670e-02
2.603685114673267437e-02
1.463274806406129891e-02
1.645408102242321147e-02
2.762252766932471459e-02
1.475233991694119284e-02
1.054900055008362036e-02
2.876895659851858023e-02
1.806897095110665541e-02
1.852164808340239083e-02
2.451230227483972013e-02
1.340204702228264821e-02
9.998389808322148686e-03
1.437924939378099065e-02
1.132853777340171730e-02
1.273175027929451808e-02
1.947228774786602390e-02
1.348603158670022562e-02
1.104245152710152389e-02
1.626290840634553314e-02
1.557657432158923716e-02
1.717228828809215513e-02
1.335098791116767769e-02
1.215977444645045813e-02
1.176015815832326394e-02
1.198303778392426078e-02
1.447593724760604106e-02
1.302415166401332813e-02
1.191873779303549707e-02
1.057682858559072514e-02
1.111563155211621468e-02
1.013189668714364888e-02
1.257518484922401369e-02
1.129114353955762429e-02
1.373069693117956458e-02
1.100717160610431566e-02
1.156265079114521255e-02
7.887625815602067325e-03
8.976330744904052750e-03
9.969960788597548307e-03
1.045647773340498132e-02
1.213970997865261581e-02
1.558704854293965769e-02
1.829468896928287958e-02
1.488097339319148504e-02
1.165428953879761587e-02
9.991198965120864917e-03
8.774931937825941608e-03
8.221152221727340281e-03
9.231288246218966043e-03
1.273532900762874842e-02
1.425948062804101302e-02
1.226363818065240308e-02
1.459757808591320705e-02
2.239079360588795697e-02
1.737084918159328972e-02
1.230870765266761646e-02
1.127303059764354215e-02
1.518551010887746189e-02
1.526087026404714803e-02
1.294113410129529851e-02
1.340244189357683857e-02
1.137116910283275661e-02
1.188204314893220870e-02
1.147692652165559907e-02
9.706912917519461281e-03
1.654584587315927058e-02
1.731279343157088313e-02
2.821891446306470930e-02
2.387438553620803428e-02
1.132914257589466567e-02
1.811262120844966267e-02
1.651426850950568626e-02
1.285424714114107719e-02
1.351476074256287990e-02
1.088157428016245376e-02
1.064699770172987392e-02
1.325842073092517448e-02
1.095715447673768772e-02
1.207216617186351870e-02
1.028912254045426244e-02
1.079977547289631690e-02
1.012545852012582126e-02
1.514310122805678088e-02
1.349873878933108284e-02
1.460227514287623651e-02
1.183323718444675987e-02
1.061217742677950104e-02
1.016482625106035487e-02
8.454191808797043017e-03
1.058574526430913765e-02
1.131577375533929231e-02
1.315274116479536737e-02
1.271833216147068291e-02
1.301850825737985162e-02
1.207185322609152789e-02
1.156688743850742274e-02
1.185081678896998669e-02
1.304099419304813323e-02
1.454395951671857978e-02
1.425129122829080219e-02
1.365460439739957232e-02
1.539281766514644101e-02
1.392368529619032735e-02
1.345072938771454951e-02
1.152728195739974315e-02
1.163338456701382140e-02
1.089663001498449024e-02
1.315192134802820045e-02
1.536633098074913217e-02
1.237823917747796210e-02
1.092364391831904258e-02
9.822333678623812458e-03
1.172609623772960519e-02
1.200742314987940373e-02
1.341852034371414371e-02
1.567603495318170559e-02
2.248618808366276145e-02
1.827912891349045554e-02
1.553376781311249788e-02
1.712521675218237061e-02
1.736549776645968102e-02
1.831267449930470970e-02
1.417633441905149366e-02
1.333268882468091610e-02
1.139037711513321560e-02
1.093794586113665257e-02
1.223186638193358988e-02
1.171769302216388309e-02
9.388396924613795491e-03
1.305737234347859044e-02
1.668584360838507030e-02
2.773885463483902192e-02
2.222287600244035599e-02
1.506767089933466058e-02
2.801089397755490012e-02
1.917713889735318811e-02
1.618478072931858053e-02
3.512743572345292109e-02
1.821156325791571662e-02
1.384310444495161219e-02
3.183635742982422745e-02
1.543418445731709054e-02
1.794032557123954874e-02
2.575946015165108544e-02
1.060215199528838359e-02
1.629087649639134050e-02
2.488249179862117577e-02
1.186832541093923998e-02
1.786011515228846935e-02
2.525900938349989744e-02
1.201935670652894139e-02
1.671875141347045624e-02
2.232994637680407735e-02
1.276093214374759977e-02
1.379780577381131690e-02
1.185303797330990866e-02
1.387056393701338597e-02
1.181854307533680704e-02
1.379984478795798220e-02
1.587688984619822774e-02
1.254865811760953742e-02
1.242096220225752390e-02
1.232956846954981478e-02
1.042887706243839085e-02
1.099658553349076862e-02
1.767288685225011646e-02
1.236116906606890553e-02
1.347778393679698039e-02
2.385942295256134049e-02
1.310856880546842906e-02
1.466493256025723502e-02
2.151913931511041655e-02
1.445840850565395519e-02
1.485770351553392099e-02
2.252825864435484271e-02
1.172996089522512775e-02
1.472254040950660148e-02
2.171437765442454926e-02
1.191852636773611807e-02
1.605295354001651242e-02
2.500916086761940937e-02
1.550505924941929237e-02
1.378075840603759650e-02
2.615433386367349566e-02
1.671819591919598835e-02
1.418332085516432750e-02
2.231337218995951832e-02
1.274334791549691648e-02
1.122778593053187779e-02
2.454141611132495959e-02
1.977730780796234378e-02
1.664818170109647055e-02
2.654074043285243462e-02
1.677371816840397822e-02
1.476057164543467803e-02
2.298339522887932196e-02
1.712874437203946998e-02
1.235831306443893607e-02
1.500604861897950060e-02
1.276905192364691244e-02
1.332791968930696624e-02
2.423020289124619420e-02
1.171300730824981207e-02
1.129556491244326777e-02
2.661005675210591920e-02
1.523330689525959070e-02
1.247128435825096970e-02
2.577366694927341051e-02
1.101593461662815632e-02
1.675941741045770816e-02
3.072753367874092589e-02
9.806627832180614401e-03
1.862101304713126293e-02
2.224513410465525642e-02
1.084587820522617263e-02
1.728456899348265741e-02
2.401042944798423284e-02
1.463674182426977222e-02
1.700312458962632833e-02
1.530864667696711645e-02
1.092811507933288961e-02
9.059447979917450988e-03
1.025600059761699878e-02
1.052174254483852212e-02
1.250202197509725499e-02
1.187991520867674733e-02
1.199559298939835428e-02
1.006266752677689724e-02
1.242286356341210096e-02
9.738431306395234355e-03
8.192544209859042859e-03
1.107188939333005051e-02
9.316303217491272992e-03
9.692666379683759215e-03
1.066829571601937698e-02
1.121754664434425341e-02
1.092920968292032669e-02
9.200297174207894280e-03
9.962321605510013334e-03
1.020287074956984646e-02
6.918883152826509064e-03
7.906328383896779610e-03
9.999540801186465599e-03
1.134907338221005646e-02
1.175070004262919465e-02
1.011305607350349023e-02
8.331237879108888134e-03
8.035820117725162026e-03
9.410128714341686740e-03
1.135592879579339076e-02
1.304441195724054259e-02
1.143843072863548471e-02
1.059604637609840028e-02
1.145656636707978460e-02
1.265334579930010861e-02
1.739243290611403037e-02
1.688304132107693034e-02
1.546837238921235091e-02
1.443375857526682515e-02
2.039190382542923480e-02
1.784277501403000454e-02
1.944603630691618679e-02
1.336795707463585975e-02
1.650623449423005429e-02
1.325516564495900912e-02
1.406329362982364217e-02
1.149111625452800545e-02
1.573631891339671851e-02
1.265213433960905853e-02
1.280083544466441292e-02
1.030266318004052772e-02
1.008149059537052916e-02
8.280327050039004710e-03
9.844647145373849884e-03
7.820156907636377497e-03
8.097335633176439007e-03
9.966942613761076153e-03
7.457572567054288060e-03
1.013901721198029460e-02
8.506579075116024735e-03
8.423214847204263389e-03
7.913640949511024925e-03
8.742281261533757508e-03
1.109884546799394522e-02
1.083716745112774105e-02
1.115986669141949550e-02
1.224199748261484144e-02
1.123106706480203609e-02
9.685300291582155108e-03
8.973195255708069085e-03
7.956372652509341448e-03
6.560719893867569819e-03
6.608930827387726747e-03
8.137576077279232156e-03
9.071663395024603949e-03
9.195431841370227399e-03
8.742186873797672120e-03
7.970117152455907794e-03
6.303016420299033251e-03
6.187477553691922427e-03
6.924422967160365205e-03
8.679118391441587033e-03
9.366522683303415975e-03
9.347190652681261480e-03
8.092517809668325901e-03
6.840617499892398534e-03
6.666669026863088210e-03
7.312468199565567983e-03
7.496901062922126102e-03
8.908625297650574204e-03
8.641354597336323162e-03
7.236522383866315911e-03
7.454224980525933630e-03
9.339494371987611121e-03
1.037740583655148707e-02
9.944576449086278691e-03
1.225166548983909476e-02
1.363095290642338253e-02
1.236337431214012961e-02
1.006207515072490843e-02
1.309934560634430645e-02
1.503583946938322202e-02
1.465668783642731787e-02
1.912800317065625755e-02
1.725984561833629471e-02
1.542904610112019737e-02
1.222903349972051523e-02
1.735746255153602924e-02
1.494554259797631346e-02
2.022062229666510280e-02
1.735929797927981966e-02
2.223338891569094644e-02
1.600086549508034084e-02
1.617779685810791235e-02
1.029419835008853201e-02
9.618241042371397653e-03
9.412363097039203041e-03
7.714395144102825785e-03
8.536402680846155722e-03
8.298579514568249493e-03
8.040578680997431671e-03
8.744990416495235230e-03
8.717156241293350094e-03
1.026273261496618572e-02
9.603796435651984487e-03
9.335472550134671366e-03
1.041611475162340650e-02
7.552643298048056231e-03
7.005538404483799275e-03
7.352849015961893109e-03
7.307206872029903266e-03
8.142277916150825190e-03
7.920672223403979473e-03
8.294577562686311634e-03
9.986727445585819041e-03
9.822217439609440270e-03
9.498075715307863209e-03
9.167518841235261506e-03
8.353749313623370920e-03
8.341505822961489680e-03
9.233623152719666605e-03
8.278543408889366129e-03
8.498985783369897296e-03
8.367973180413393330e-03
6.560641296328002803e-03
6.921797047799736757e-03
7.570285462845424695e-03
8.595096536762353301e-03
9.437969377539073834e-03
9.305027894968675994e-03
9.855113338349812124e-03
7.481942493994503396e-03
8.158662364519148058e-03
7.946267904575199381e-03
5.630058355373883383e-03
6.404376974979517079e-03
5.752132776679783066e-03
6.389623813649020212e-03
6.761911221056668420e-03
6.343061083810129508e-03
6.175473414400264871e-03
6.344215978915490606e-03
6.138430915117468190e-03
6.138518959455163682e-03
8.781799197749032282e-03
9.639377598835242866e-03
1.084321094557239018e-02
1.500431678343763786e-02
1.378265226003373700e-02
1.067249312867393773e-02
8.201640837394344463e-03
8.384914737075421787e-03
8.672565217300601259e-03
1.321905605966196273e-02
2.337038985794975821e-02
1.782256592016195906e-02
9.969837375414652980e-03
2.303455660373412983e-02
1.817722796826495846e-02
1.118552957475243970e-02
2.682544575472273207e-02
1.655830646769559933e-02
1.154581839514447206e-02
2.360649352317384375e-02
1.477786619834528525e-02
1.000151685459937934e-02
1.600078956256373308e-02
9.976000371229767905e-03
1.073891012763050767e-02
2.014778870444008940e-02
1.003305001994903023e-02
1.463568154906266794e-02
3.010557101736757030e-02
1.186110555675375100e-02
1.549704781249314212e-02
2.720518616097067355e-02
8.917923211137601669e-03
1.610369024819457984e-02
2.726368351269575774e-02
1.032698492354893610e-02
1.678508499182418401e-02
2.120287378197746597e-02
9.214323356394188425e-03
1.292152305952221081e-02
1.352742301773585121e-02
8.717707622960410574e-03
7.270396588632287160e-03
7.909956620132260752e-03
1.105691529595095868e-02
8.214719284561911028e-03
7.553724150063001463e-03
1.021909392774703051e-02
1.251977034674939260e-02
7.616661282289452495e-03
9.389139084370001775e-03
1.334483637973340325e-02
7.089975326410875855e-03
1.029244203310633599e-02
1.254831979998987518e-02
8.404389700613634773e-03
1.036329953817645422e-02
1.477438569700538495e-02
7.562786250712161262e-03
1.161236980192022206e-02
1.102978230509598506e-02
7.112030934142900274e-03
8.467414267272016515e-03
9.018237884975063845e-03
6.789626696572598208e-03
6.735133011243288337e-03
7.159591252237848535e-03
8.369515310625921800e-03
8.072567210675632432e-03
7.429116653281123139e-03
8.047703766622060773e-03
7.679106960750706201e-03
7.310378163810152263e-03
7.410976279084213747e-03
7.891731692501402495e-03
7.306186322021790414e-03
7.801543004528246894e-03
6.407767505853104173e-03
7.440896391659790332e-03
7.355080436640570873e-03
7.717356068012659609e-03
5.575651378657620061e-03
6.442453880898896257e-03
6.301865292478614489e-03
7.553434426099910060e-03
9.228966926597567677e-03
9.950685967163003243e-03
8.494077181912002006e-03
9.130459966810236527e-03
8.821038033949596402e-03
7.978397504712242405e-03
9.636170373571534276e-03
8.760194477670693591e-03
9.968311214218344984e-03
7.829231580645357180e-03
9.204405029287696105e-03
7.191318336738930506e-03
6.998446647731040859e-03
7.842646865965641201e-03
7.865691878378183732e-03
6.758504686504213099e-03
6.078785058131697117e-03
6.661424511527125336e-03
8.986553019344659110e-03
9.064942586645419187e-03
8.070453412230199630e-03
7.538753177994295118e-03
5.044449998296784976e-03
7.344577235790655800e-03
7.503058404612190924e-03
7.656241564002165545e-03
6.315061774921373883e-03
5.894460749438473757e-03
6.461458609563194844e-03
7.683022198473971054e-03
7.066805826313971028e-03
7.957587029090662512e-03
8.538445317479201324e-03
8.515851332775617455e-03
8.001888464174655713e-03
8.745083962849425907e-03
7.076231369717786435e-03
6.511573163458780900e-03
8.282682048996667379e-03
7.579724968298312548e-03
7.256088547440225911e-03
6.415793221073967656e-03
8.653627820668419179e-03
8.684837844286488751e-03
8.249569053107780325e-03
9.501808912912371174e-03
1.097871833013319698e-02
9.518024152922077707e-03
8.868439231319816263e-03
1.007052375171119118e-02
1.095075102913545262e-02
9.508361012460789241e-03
8.808218182252303130e-03
8.004666208556707185e-03
8.580598776716706622e-03
7.487602820530583903e-03
7.324606127032451397e-03
6.977752497698705425e-03
7.395219536787012160e-03
9.325425956060950927e-03
1.031357506525643064e-02
1.008826246200478227e-02
6.598583423842063755e-03
7.078139103233585527e-03
8.948429143077696324e-03
1.055320156553343769e-02
8.808673195822180890e-03
7.154294960690643634e-03
7.163470163877763697e-03
8.989895713567307156e-03
8.218726421028346718e-03
8.734582801236651095e-03
7.544947407144994567e-03
6.420557735049986503e-03
7.135411448231016029e-03
7.457705185673679793e-03
9.391986682640185435e-03
6.584026414071991740e-03
6.771975594790008435e-03
7.855831357154813288e-03
9.444777457649503050e-03
7.829186352691488993e-03
